0 0.652156 0.604197 0.051261 0.094067
0 0.609375 0.087891 0.027344 0.046875
0 0.952148 0.102539 0.033203 0.052734
0 0.294922 0.174805 0.035156 0.033203
0 0.531250 0.291016 0.050781 0.074219
0 0.925781 0.380859 0.031250 0.050781
0 0.515625 0.419922 0.023438 0.070312
0 0.300781 0.449219 0.031250 0.035156
0 0.388672 0.473633 0.023438 0.052734
0 0.923828 0.503906 0.031250 0.070312
0 0.256836 0.574219 0.052734 0.023438
0 0.418945 0.603516 0.037109 0.035156
0 0.707031 0.713867 0.023438 0.052734
0 0.800781 0.724609 0.031250 0.054688
0 0.569336 0.732422 0.052734 0.042969
0 0.168945 0.812500 0.021484 0.050781
0 0.830078 0.807617 0.027344 0.044922
0 0.672852 0.826172 0.037109 0.035156
0 0.389648 0.895508 0.033203 0.060547
0 0.772461 0.894531 0.087891 0.031250
0 0.234375 0.957031 0.027344 0.046875
