0 0.507323 0.802460 0.075671 0.120116
0 0.938477 0.057617 0.048828 0.044922
0 0.374023 0.354492 0.064453 0.017578
0 0.086914 0.409180 0.091797 0.111328
0 0.730469 0.472656 0.082031 0.039062
0 0.247070 0.532227 0.048828 0.048828
0 0.846680 0.604492 0.044922 0.025391
0 0.333008 0.748047 0.021484 0.054688
0 0.260742 0.750000 0.017578 0.054688
0 0.621094 0.750977 0.050781 0.044922
0 0.824219 0.877930 0.019531 0.056641
0 0.091797 0.915039 0.039062 0.041016
0 0.905273 0.932617 0.044922 0.068359
0 0.795898 0.946289 0.083984 0.033203
0 0.301758 0.969003 0.037109 0.059100
