0 0.633849 0.198987 0.019528 0.036179
0 0.267578 0.065430 0.035156 0.052734
0 0.141602 0.158203 0.021484 0.050781
0 0.297852 0.200195 0.029297 0.076172
0 0.453125 0.220703 0.035156 0.121094
0 0.547852 0.206055 0.041016 0.044922
0 0.375977 0.225586 0.052734 0.056641
0 0.796875 0.301758 0.035156 0.033203
0 0.508789 0.341797 0.033203 0.054688
0 0.458008 0.361328 0.044922 0.027344
0 0.079102 0.479492 0.021484 0.091797
0 0.233398 0.456055 0.029297 0.037109
0 0.494141 0.494141 0.050781 0.042969
0 0.172852 0.548828 0.037109 0.039062
0 0.812500 0.545898 0.062500 0.029297
0 0.265625 0.605469 0.046875 0.035156
0 0.625977 0.672852 0.060547 0.037109
0 0.063477 0.826172 0.052734 0.074219
0 0.795898 0.926758 0.037109 0.091797
