0 0.359642 0.364689 0.024410 0.043415
0 0.264648 0.154297 0.037109 0.062500
0 0.186523 0.160156 0.052734 0.042969
0 0.727539 0.202148 0.041016 0.033203
0 0.952148 0.241211 0.025391 0.041016
0 0.080078 0.310547 0.023438 0.054688
0 0.264648 0.362305 0.021484 0.072266
0 0.527344 0.380859 0.042969 0.062500
0 0.784180 0.419922 0.048828 0.031250
0 0.094727 0.419922 0.060547 0.027344
0 0.985921 0.474609 0.026530 0.042969
0 0.076172 0.505859 0.035156 0.062500
0 0.827148 0.485352 0.080078 0.021484
0 0.188477 0.580078 0.056641 0.089844
0 0.702148 0.609375 0.033203 0.031250
0 0.624023 0.690430 0.048828 0.060547
0 0.986898 0.722656 0.024577 0.042969
0 0.673828 0.761719 0.031250 0.042969
0 0.351562 0.797852 0.046875 0.048828
0 0.956055 0.800781 0.037109 0.042969
0 0.550781 0.797852 0.035156 0.029297
