0 0.519528 0.658466 0.039870 0.072359
0 0.433594 0.045898 0.050781 0.033203
0 0.797852 0.082031 0.029297 0.082031
0 0.961914 0.221680 0.037109 0.044922
0 0.342773 0.268555 0.048828 0.072266
0 0.250977 0.275391 0.052734 0.066406
0 0.046875 0.316406 0.027344 0.058594
0 0.869141 0.359375 0.050781 0.027344
0 0.312500 0.389648 0.050781 0.025391
0 0.164062 0.436523 0.042969 0.068359
0 0.789062 0.443359 0.128906 0.050781
0 0.609375 0.497070 0.039062 0.068359
0 0.254883 0.484375 0.056641 0.035156
0 0.954102 0.485352 0.033203 0.037109
0 0.814453 0.542969 0.046875 0.031250
0 0.893555 0.643555 0.037109 0.083984
0 0.454102 0.827148 0.041016 0.037109
0 0.848633 0.868164 0.060547 0.064453
0 0.672852 0.887695 0.041016 0.064453
0 0.296875 0.907227 0.031250 0.064453
0 0.541016 0.937500 0.039062 0.070312
