0 0.428804 0.489870 0.026037 0.047757
0 0.765625 0.017578 0.027344 0.035156
0 0.345703 0.123047 0.054688 0.054688
0 0.264648 0.129883 0.025391 0.048828
0 0.900391 0.142578 0.050781 0.074219
0 0.344727 0.213867 0.052734 0.056641
0 0.609375 0.216797 0.027344 0.054688
0 0.955078 0.253906 0.035156 0.062500
0 0.171875 0.321289 0.027344 0.080078
0 0.483398 0.307617 0.029297 0.052734
0 0.551758 0.374023 0.025391 0.041016
0 0.449219 0.388672 0.027344 0.035156
0 0.130859 0.455078 0.050781 0.035156
0 0.910156 0.534180 0.046875 0.052734
0 0.261719 0.564453 0.039062 0.066406
0 0.431641 0.579102 0.046875 0.029297
0 0.892578 0.719727 0.027344 0.056641
0 0.386719 0.735352 0.027344 0.037109
0 0.296875 0.738281 0.031250 0.039062
0 0.516602 0.760742 0.029297 0.080078
0 0.936523 0.806641 0.048828 0.097656
0 0.830078 0.933594 0.027344 0.062500
