0 0.487795 0.536179 0.041497 0.065123
0 0.046875 0.083008 0.031250 0.037109
0 0.908203 0.319336 0.054688 0.080078
0 0.086914 0.355469 0.052734 0.019531
0 0.483398 0.374023 0.033203 0.048828
0 0.158203 0.389648 0.042969 0.076172
0 0.669922 0.510742 0.027344 0.068359
0 0.575195 0.542969 0.083984 0.027344
0 0.489258 0.609375 0.037109 0.035156
0 0.362305 0.644531 0.041016 0.058594
0 0.230469 0.686523 0.035156 0.068359
0 0.297852 0.775391 0.029297 0.074219
0 0.845703 0.794922 0.054688 0.042969
0 0.222656 0.808594 0.042969 0.058594
