0 0.570789 0.520260 0.041497 0.082489
0 0.849609 0.121094 0.058594 0.050781
0 0.279297 0.139648 0.058594 0.048828
0 0.411133 0.182617 0.048828 0.064453
0 0.589844 0.233398 0.046875 0.025391
0 0.484375 0.328125 0.015625 0.074219
0 0.861328 0.401367 0.023438 0.056641
0 0.298828 0.408203 0.023438 0.058594
0 0.718750 0.437500 0.062500 0.066406
0 0.391602 0.523438 0.017578 0.093750
0 0.846680 0.572266 0.044922 0.074219
0 0.659180 0.704102 0.056641 0.037109
0 0.261719 0.734375 0.035156 0.050781
0 0.848633 0.727539 0.044922 0.025391
0 0.453125 0.791992 0.027344 0.037109
0 0.955078 0.872070 0.023438 0.056641
