0 0.557771 0.693198 0.041497 0.069465
0 0.246094 0.080078 0.066406 0.078125
0 0.952148 0.135742 0.029297 0.037109
0 0.943359 0.280273 0.050781 0.056641
0 0.330078 0.429688 0.027344 0.109375
0 0.736328 0.402344 0.031250 0.050781
0 0.583008 0.518555 0.041016 0.052734
0 0.782227 0.541016 0.052734 0.058594
0 0.390625 0.693359 0.031250 0.039062
0 0.171875 0.767578 0.023438 0.050781
0 0.328125 0.789062 0.031250 0.070312
0 0.424805 0.800781 0.025391 0.046875
0 0.080078 0.805664 0.039062 0.044922
0 0.767578 0.832031 0.031250 0.066406
0 0.153320 0.872070 0.060547 0.048828
0 0.563477 0.925781 0.060547 0.089844
0 0.766602 0.969003 0.033203 0.059100
0 0.953125 0.977792 0.027344 0.041522
