0 0.406428 0.489146 0.036615 0.081042
0 0.100586 0.069336 0.044922 0.060547
0 0.522461 0.166992 0.060547 0.072266
0 0.746094 0.139648 0.050781 0.021484
0 0.504883 0.375000 0.052734 0.105469
0 0.814453 0.376953 0.054688 0.070312
0 0.113281 0.357422 0.082031 0.019531
0 0.701172 0.465820 0.027344 0.080078
0 0.955078 0.467773 0.019531 0.052734
0 0.239258 0.487305 0.072266 0.083984
0 0.606445 0.504883 0.021484 0.048828
0 0.246094 0.582031 0.042969 0.039062
0 0.746094 0.626953 0.050781 0.050781
0 0.123047 0.698242 0.062500 0.158203
0 0.315430 0.822266 0.052734 0.078125
0 0.591797 0.864258 0.042969 0.037109
0 0.438477 0.921875 0.044922 0.039062
