0 0.430431 0.189580 0.040683 0.072359
0 0.770508 0.075195 0.033203 0.048828
0 0.203125 0.199219 0.035156 0.035156
0 0.899414 0.263672 0.037109 0.035156
0 0.515625 0.360352 0.039062 0.041016
0 0.926758 0.503906 0.029297 0.062500
0 0.377930 0.518555 0.041016 0.068359
0 0.653320 0.554688 0.048828 0.085938
0 0.107422 0.661133 0.023438 0.072266
0 0.622070 0.807617 0.041016 0.048828
0 0.136719 0.866211 0.031250 0.037109
0 0.046875 0.887695 0.027344 0.037109
0 0.890625 0.936523 0.042969 0.064453
0 0.578125 0.948242 0.035156 0.041016
