0 0.326282 0.714906 0.026037 0.052098
0 0.376953 0.152344 0.050781 0.054688
0 0.638672 0.171875 0.027344 0.050781
0 0.498047 0.326172 0.050781 0.031250
0 0.922852 0.341797 0.029297 0.054688
0 0.078125 0.379883 0.019531 0.052734
0 0.531250 0.425781 0.054688 0.023438
0 0.795898 0.441406 0.025391 0.042969
0 0.167969 0.450195 0.035156 0.033203
0 0.272461 0.476562 0.029297 0.046875
0 0.125000 0.544922 0.046875 0.070312
0 0.450195 0.562500 0.033203 0.054688
0 0.072266 0.628906 0.035156 0.050781
0 0.907227 0.671875 0.044922 0.019531
0 0.690430 0.689453 0.048828 0.050781
0 0.810547 0.712891 0.058594 0.046875
0 0.129883 0.761719 0.048828 0.066406
0 0.650391 0.755859 0.039062 0.050781
0 0.260742 0.776367 0.033203 0.064453
0 0.414062 0.856445 0.054688 0.083984
0 0.328125 0.880859 0.023438 0.046875
0 0.395508 0.958008 0.048828 0.041016
0 0.792969 0.956055 0.035156 0.037109
