0 0.590724 0.396527 0.032547 0.054993
0 0.739258 0.092773 0.044922 0.060547
0 0.485352 0.118164 0.017578 0.060547
0 0.330078 0.244141 0.027344 0.050781
0 0.050781 0.250000 0.039062 0.039062
0 0.629883 0.325195 0.052734 0.021484
0 0.090820 0.380859 0.103516 0.062500
0 0.762695 0.441406 0.076172 0.054688
0 0.394531 0.524414 0.031250 0.060547
0 0.760742 0.524414 0.041016 0.029297
0 0.487305 0.758789 0.041016 0.052734
0 0.344727 0.762695 0.048828 0.021484
0 0.488281 0.839844 0.042969 0.054688
0 0.379883 0.898438 0.048828 0.031250
0 0.841797 0.932617 0.039062 0.068359
0 0.621094 0.920898 0.058594 0.029297
0 0.515625 0.937500 0.027344 0.046875
