0 0.455655 0.610709 0.026037 0.049204
0 0.485352 0.027344 0.017578 0.054688
0 0.674805 0.047852 0.041016 0.041016
0 0.223633 0.081055 0.041016 0.033203
0 0.735352 0.126953 0.041016 0.058594
0 0.625000 0.142578 0.058594 0.039062
0 0.483398 0.203125 0.041016 0.039062
0 0.579102 0.294922 0.033203 0.042969
0 0.763672 0.317383 0.050781 0.052734
0 0.608398 0.359375 0.029297 0.042969
0 0.512695 0.394531 0.025391 0.078125
0 0.108398 0.421875 0.033203 0.085938
0 0.382812 0.420898 0.042969 0.037109
0 0.883789 0.422852 0.044922 0.037109
0 0.729492 0.440430 0.087891 0.064453
0 0.607422 0.499023 0.039062 0.076172
0 0.406250 0.490234 0.054688 0.039062
0 0.202148 0.546875 0.064453 0.019531
0 0.791992 0.746094 0.037109 0.046875
0 0.234375 0.846680 0.023438 0.052734
0 0.384766 0.901367 0.046875 0.064453
0 0.234375 0.960214 0.031250 0.076678
