0 0.393002 0.473227 0.076485 0.115774
0 0.233398 0.044922 0.033203 0.046875
0 0.055664 0.099609 0.048828 0.058594
0 0.908203 0.133789 0.046875 0.064453
0 0.724609 0.137695 0.039062 0.033203
0 0.424805 0.245117 0.033203 0.111328
0 0.170898 0.234375 0.025391 0.039062
0 0.845703 0.311523 0.062500 0.072266
0 0.549805 0.333984 0.025391 0.093750
0 0.174805 0.386719 0.021484 0.058594
0 0.262695 0.410156 0.033203 0.058594
0 0.747070 0.433594 0.044922 0.050781
0 0.096680 0.454102 0.052734 0.029297
0 0.270508 0.591797 0.037109 0.050781
0 0.391602 0.686523 0.025391 0.056641
0 0.897461 0.892578 0.044922 0.054688
0 0.392578 0.934570 0.027344 0.060547
0 0.110352 0.949219 0.037109 0.039062
