0 0.435313 0.586831 0.019528 0.041968
0 0.391602 0.034180 0.021484 0.068359
0 0.134766 0.097656 0.105469 0.050781
0 0.253906 0.252930 0.042969 0.048828
0 0.828125 0.267578 0.023438 0.070312
0 0.893555 0.284180 0.017578 0.056641
0 0.591797 0.277344 0.039062 0.039062
0 0.073242 0.424805 0.080078 0.041016
0 0.625000 0.456055 0.058594 0.091797
0 0.762695 0.442383 0.037109 0.052734
0 0.141602 0.486328 0.025391 0.070312
0 0.764648 0.547852 0.072266 0.021484
0 0.225586 0.625977 0.044922 0.060547
0 0.773438 0.737305 0.042969 0.083984
0 0.674805 0.737305 0.037109 0.033203
0 0.596680 0.857422 0.056641 0.031250
0 0.671875 0.864258 0.035156 0.041016
