0 0.580960 0.542692 0.039056 0.078148
0 0.644531 0.097656 0.039062 0.058594
0 0.414062 0.097656 0.035156 0.039062
0 0.271484 0.124023 0.054688 0.044922
0 0.524414 0.152344 0.044922 0.074219
0 0.451172 0.186523 0.027344 0.056641
0 0.373047 0.203125 0.054688 0.019531
0 0.825195 0.240234 0.033203 0.042969
0 0.281250 0.265625 0.058594 0.023438
0 0.894531 0.289062 0.039062 0.058594
0 0.735352 0.353516 0.029297 0.054688
0 0.608398 0.367188 0.017578 0.062500
0 0.546875 0.382812 0.031250 0.054688
0 0.731445 0.534180 0.033203 0.052734
0 0.388672 0.547852 0.035156 0.033203
0 0.829102 0.599609 0.041016 0.066406
0 0.080078 0.605469 0.035156 0.046875
0 0.111328 0.747070 0.039062 0.068359
0 0.486328 0.750000 0.023438 0.046875
0 0.387695 0.774414 0.033203 0.064453
0 0.250977 0.806641 0.052734 0.054688
0 0.455078 0.844727 0.027344 0.060547
0 0.723633 0.870117 0.041016 0.044922
