0 0.519935 0.633140 0.026037 0.044863
0 0.210938 0.123047 0.046875 0.066406
0 0.513672 0.116211 0.027344 0.048828
0 0.392578 0.215820 0.031250 0.068359
0 0.518555 0.332031 0.091797 0.027344
0 0.276367 0.345703 0.041016 0.042969
0 0.987874 0.418945 0.022624 0.080078
0 0.434570 0.420898 0.052734 0.029297
0 0.279297 0.450195 0.050781 0.033203
0 0.359375 0.511719 0.035156 0.089844
0 0.139648 0.520508 0.033203 0.048828
0 0.079102 0.524414 0.029297 0.041016
0 0.516602 0.546875 0.033203 0.031250
0 0.826172 0.613281 0.031250 0.035156
0 0.919922 0.657227 0.035156 0.064453
0 0.121094 0.714844 0.070312 0.070312
0 0.819336 0.747070 0.048828 0.111328
0 0.700195 0.819336 0.029297 0.060547
0 0.215820 0.828125 0.056641 0.035156
0 0.375000 0.877930 0.058594 0.068359
0 0.735352 0.892578 0.052734 0.031250
0 0.454102 0.967050 0.029297 0.063006
0 0.764648 0.981698 0.029297 0.033709
