0 0.549634 0.274240 0.025224 0.036179
0 0.340820 0.026367 0.048828 0.052734
0 0.866211 0.056641 0.033203 0.050781
0 0.030273 0.170898 0.060547 0.025391
0 0.655273 0.224609 0.052734 0.070312
0 0.891602 0.262695 0.041016 0.048828
0 0.169922 0.297852 0.035156 0.087891
0 0.746094 0.307617 0.054688 0.060547
0 0.953125 0.339844 0.035156 0.066406
0 0.787109 0.381836 0.046875 0.064453
0 0.450195 0.419922 0.033203 0.046875
0 0.898438 0.434570 0.046875 0.064453
0 0.080078 0.451172 0.031250 0.031250
0 0.169922 0.511719 0.031250 0.039062
0 0.357422 0.621094 0.042969 0.066406
0 0.248047 0.629883 0.039062 0.052734
0 0.133789 0.668945 0.033203 0.044922
0 0.985921 0.681641 0.026530 0.046875
0 0.682617 0.718750 0.052734 0.058594
0 0.111328 0.752930 0.031250 0.064453
0 0.878906 0.795898 0.050781 0.072266
0 0.911133 0.895508 0.052734 0.076172
