0 0.591131 0.587554 0.134255 0.228654
0 0.412109 0.014648 0.046875 0.029297
0 0.437500 0.187500 0.058594 0.058594
0 0.373047 0.189453 0.058594 0.054688
0 0.767578 0.200195 0.035156 0.033203
0 0.546875 0.220703 0.031250 0.062500
0 0.782227 0.266602 0.064453 0.029297
0 0.609375 0.297852 0.031250 0.033203
0 0.044922 0.298828 0.035156 0.027344
0 0.109375 0.375000 0.023438 0.050781
0 0.484375 0.388672 0.031250 0.031250
0 0.282227 0.390625 0.060547 0.027344
0 0.609375 0.437500 0.027344 0.058594
0 0.799805 0.421875 0.033203 0.031250
0 0.734375 0.437500 0.031250 0.054688
0 0.639648 0.547852 0.033203 0.033203
0 0.217773 0.593750 0.060547 0.058594
0 0.921875 0.619141 0.027344 0.074219
0 0.984945 0.699219 0.028483 0.035156
0 0.515625 0.733398 0.093750 0.029297
0 0.908203 0.779297 0.058594 0.062500
0 0.546875 0.799805 0.031250 0.033203
0 0.795898 0.906250 0.033203 0.058594
0 0.514648 0.954102 0.033203 0.033203
