0 0.216843 0.327062 0.028478 0.054993
0 0.462891 0.114258 0.050781 0.064453
0 0.580078 0.141602 0.027344 0.041016
0 0.327148 0.295898 0.041016 0.033203
0 0.420898 0.314453 0.044922 0.054688
0 0.480469 0.331055 0.031250 0.044922
0 0.764648 0.394531 0.037109 0.035156
0 0.206055 0.418945 0.025391 0.041016
0 0.579102 0.421875 0.033203 0.031250
0 0.671875 0.454102 0.031250 0.033203
0 0.328125 0.531250 0.039062 0.062500
0 0.077148 0.530273 0.029297 0.048828
0 0.214844 0.616211 0.105469 0.212891
0 0.953125 0.558594 0.023438 0.054688
0 0.671875 0.570312 0.035156 0.046875
0 0.471680 0.577148 0.048828 0.033203
0 0.952148 0.784180 0.033203 0.072266
0 0.785156 0.815430 0.070312 0.119141
