0 0.506916 0.572359 0.021155 0.039074
0 0.219727 0.078125 0.044922 0.023438
0 0.156250 0.158203 0.046875 0.050781
0 0.356445 0.159180 0.025391 0.044922
0 0.908203 0.169922 0.054688 0.035156
0 0.704102 0.194336 0.029297 0.041016
0 0.297852 0.359375 0.076172 0.023438
0 0.519531 0.393555 0.027344 0.044922
0 0.691406 0.388672 0.050781 0.019531
0 0.443359 0.441406 0.046875 0.058594
0 0.611328 0.541016 0.027344 0.066406
0 0.399414 0.557617 0.052734 0.068359
0 0.110352 0.584961 0.033203 0.080078
0 0.266602 0.591797 0.025391 0.046875
0 0.047852 0.627930 0.021484 0.056641
0 0.827148 0.673828 0.044922 0.039062
0 0.573242 0.701172 0.033203 0.031250
0 0.736328 0.824219 0.031250 0.089844
0 0.244141 0.849609 0.050781 0.046875
0 0.612305 0.859375 0.033203 0.042969
0 0.917969 0.911133 0.031250 0.044922
0 0.310547 0.950195 0.042969 0.037109
