0 0.592758 0.243849 0.025224 0.036179
0 0.483398 0.083008 0.017578 0.060547
0 0.199219 0.220703 0.031250 0.039062
0 0.863281 0.286133 0.082031 0.048828
0 0.080078 0.312500 0.023438 0.062500
0 0.700195 0.417969 0.021484 0.070312
0 0.514648 0.420898 0.021484 0.068359
0 0.672852 0.515625 0.021484 0.074219
0 0.572266 0.516602 0.089844 0.041016
0 0.876953 0.518555 0.054688 0.025391
0 0.328125 0.734375 0.019531 0.070312
0 0.592773 0.762695 0.052734 0.076172
0 0.986898 0.748047 0.024577 0.039062
0 0.836914 0.883789 0.068359 0.056641
0 0.765625 0.925781 0.035156 0.089844
