0 0.472335 0.578148 0.025224 0.044863
0 0.107422 0.078125 0.035156 0.027344
0 0.485352 0.120117 0.017578 0.056641
0 0.416992 0.114258 0.037109 0.041016
0 0.548828 0.125000 0.023438 0.046875
0 0.667969 0.146484 0.027344 0.089844
0 0.264648 0.199219 0.021484 0.066406
0 0.766602 0.249023 0.037109 0.052734
0 0.922852 0.278320 0.021484 0.048828
0 0.453125 0.285156 0.027344 0.046875
0 0.111328 0.360352 0.042969 0.041016
0 0.651367 0.391602 0.056641 0.029297
0 0.326172 0.453125 0.042969 0.027344
0 0.269531 0.469727 0.031250 0.056641
0 0.793945 0.477539 0.041016 0.041016
0 0.077148 0.496094 0.021484 0.050781
0 0.136719 0.592773 0.035156 0.052734
0 0.079102 0.607422 0.037109 0.031250
0 0.827148 0.625000 0.025391 0.062500
0 0.236328 0.732422 0.031250 0.035156
0 0.763672 0.789062 0.027344 0.062500
0 0.703125 0.798828 0.035156 0.031250
0 0.258789 0.950195 0.041016 0.029297
