0 0.420260 0.327786 0.044752 0.091172
0 0.517578 0.070312 0.035156 0.058594
0 0.284180 0.068359 0.044922 0.050781
0 0.875977 0.069336 0.048828 0.044922
0 0.109375 0.125000 0.031250 0.066406
0 0.704102 0.218750 0.037109 0.066406
0 0.157227 0.277344 0.048828 0.109375
0 0.860352 0.244141 0.025391 0.042969
0 0.234375 0.280273 0.023438 0.056641
0 0.630859 0.284180 0.050781 0.048828
0 0.075195 0.329102 0.033203 0.044922
0 0.949219 0.417969 0.031250 0.039062
0 0.356445 0.423828 0.037109 0.031250
0 0.421875 0.487305 0.031250 0.033203
0 0.785156 0.611328 0.054688 0.050781
0 0.377930 0.639648 0.048828 0.029297
0 0.124023 0.687500 0.048828 0.054688
0 0.763672 0.736328 0.035156 0.085938
0 0.081055 0.872070 0.033203 0.052734
0 0.827148 0.873047 0.033203 0.054688
0 0.136719 0.966073 0.035156 0.064959
