0 0.580960 0.696093 0.037429 0.063676
0 0.541016 0.040039 0.042969 0.044922
0 0.454102 0.065430 0.021484 0.044922
0 0.831055 0.093750 0.021484 0.058594
0 0.358398 0.094727 0.029297 0.056641
0 0.427734 0.151367 0.039062 0.072266
0 0.046875 0.161133 0.035156 0.052734
0 0.782227 0.215820 0.048828 0.052734
0 0.145508 0.228516 0.037109 0.058594
0 0.300781 0.263672 0.039062 0.035156
0 0.703125 0.287109 0.027344 0.039062
0 0.077148 0.305664 0.037109 0.048828
0 0.375000 0.297852 0.050781 0.029297
0 0.252930 0.355469 0.056641 0.031250
0 0.686523 0.379883 0.041016 0.041016
0 0.186523 0.516602 0.056641 0.029297
0 0.516602 0.610352 0.037109 0.037109
0 0.296875 0.655273 0.023438 0.052734
0 0.048828 0.690430 0.031250 0.060547
0 0.221680 0.721680 0.044922 0.044922
0 0.366211 0.773438 0.044922 0.089844
0 0.129883 0.794922 0.052734 0.042969
0 0.637695 0.873047 0.041016 0.062500
0 0.512695 0.923828 0.037109 0.046875
0 0.220703 0.927734 0.054688 0.039062
0 0.091797 0.944336 0.050781 0.052734
