0 0.588283 0.640376 0.029292 0.065123
0 0.465820 0.128906 0.044922 0.042969
0 0.732422 0.141602 0.019531 0.064453
0 0.230469 0.219727 0.027344 0.044922
0 0.264648 0.436523 0.025391 0.037109
0 0.249023 0.533203 0.064453 0.042969
0 0.706055 0.545898 0.076172 0.029297
0 0.226562 0.625977 0.085938 0.048828
0 0.139648 0.696289 0.076172 0.033203
0 0.498047 0.721680 0.054688 0.064453
0 0.648438 0.743164 0.058594 0.048828
0 0.223633 0.855469 0.044922 0.031250
0 0.442383 0.874023 0.115234 0.060547
0 0.100586 0.945312 0.052734 0.035156
