0 0.698942 0.698263 0.030919 0.073806
0 0.071289 0.080078 0.041016 0.046875
0 0.607422 0.162109 0.039062 0.058594
0 0.764648 0.169922 0.041016 0.050781
0 0.422852 0.186523 0.029297 0.068359
0 0.297852 0.189453 0.029297 0.062500
0 0.132812 0.202148 0.039062 0.033203
0 0.045898 0.249023 0.025391 0.048828
0 0.233398 0.345703 0.033203 0.062500
0 0.883789 0.390625 0.044922 0.070312
0 0.694336 0.392578 0.044922 0.027344
0 0.384766 0.452148 0.039062 0.044922
0 0.928711 0.500977 0.037109 0.052734
0 0.358398 0.559570 0.033203 0.056641
0 0.519531 0.568359 0.027344 0.054688
0 0.107422 0.590820 0.031250 0.060547
0 0.109375 0.708008 0.031250 0.041016
0 0.627930 0.765625 0.048828 0.066406
0 0.515625 0.795898 0.039062 0.056641
0 0.165039 0.794922 0.041016 0.031250
0 0.204102 0.865234 0.029297 0.070312
0 0.766602 0.860352 0.037109 0.044922
0 0.044922 0.876953 0.023438 0.058594
0 0.734375 0.940430 0.027344 0.060547
