0 0.449552 0.596961 0.039870 0.062229
0 0.374023 0.011719 0.041016 0.023438
0 0.453125 0.058594 0.027344 0.054688
0 0.516602 0.079102 0.029297 0.037109
0 0.403320 0.125977 0.048828 0.052734
0 0.185547 0.128906 0.046875 0.046875
0 0.860352 0.186523 0.025391 0.048828
0 0.463867 0.222656 0.044922 0.054688
0 0.123047 0.225586 0.046875 0.052734
0 0.297852 0.297852 0.029297 0.083984
0 0.751953 0.294922 0.046875 0.031250
0 0.403320 0.325195 0.044922 0.037109
0 0.624023 0.330078 0.052734 0.027344
0 0.515625 0.443359 0.035156 0.058594
0 0.203125 0.462891 0.035156 0.058594
0 0.233398 0.610352 0.037109 0.044922
0 0.394531 0.639648 0.031250 0.037109
0 0.234375 0.750977 0.031250 0.064453
0 0.485352 0.821289 0.037109 0.068359
0 0.375977 0.831055 0.048828 0.037109
0 0.768555 0.850586 0.037109 0.048828
0 0.860352 0.874023 0.080078 0.048828
0 0.289062 0.878906 0.058594 0.046875
0 0.201172 0.906250 0.031250 0.058594
0 0.454102 0.960214 0.033203 0.076678
0 0.793945 0.968026 0.029297 0.061053
