0 0.482099 0.772793 0.036615 0.052098
0 0.807617 0.031250 0.048828 0.062500
0 0.244141 0.057617 0.042969 0.044922
0 0.125977 0.066406 0.052734 0.054688
0 0.329102 0.074219 0.033203 0.042969
0 0.547852 0.168945 0.017578 0.072266
0 0.844727 0.228516 0.044922 0.058594
0 0.240234 0.264648 0.042969 0.033203
0 0.658203 0.286133 0.054688 0.060547
0 0.421875 0.304688 0.031250 0.070312
0 0.751953 0.292969 0.046875 0.035156
0 0.832031 0.291016 0.031250 0.035156
0 0.891602 0.370117 0.021484 0.052734
0 0.346680 0.458008 0.044922 0.083984
0 0.954102 0.441406 0.021484 0.046875
0 0.876953 0.512695 0.050781 0.033203
0 0.544922 0.515625 0.031250 0.031250
0 0.171875 0.584961 0.023438 0.052734
0 0.208984 0.642578 0.039062 0.035156
0 0.293945 0.647461 0.033203 0.044922
0 0.558594 0.721680 0.050781 0.052734
0 0.265625 0.791016 0.031250 0.148438
0 0.394531 0.767578 0.039062 0.066406
0 0.872070 0.763672 0.056641 0.042969
0 0.112305 0.856445 0.029297 0.041016
0 0.166992 0.858398 0.037109 0.033203
