0 0.349878 0.651230 0.027665 0.052098
0 0.409180 0.046875 0.052734 0.039062
0 0.419922 0.201172 0.027344 0.121094
0 0.890625 0.173828 0.031250 0.042969
0 0.192383 0.264648 0.048828 0.087891
0 0.798828 0.327148 0.035156 0.033203
0 0.137695 0.411133 0.029297 0.044922
0 0.609375 0.421875 0.027344 0.070312
0 0.796875 0.425781 0.031250 0.054688
0 0.732422 0.486328 0.035156 0.066406
0 0.520508 0.542969 0.072266 0.085938
0 0.403320 0.522461 0.041016 0.029297
0 0.734375 0.598633 0.031250 0.064453
0 0.253906 0.622070 0.046875 0.083984
0 0.815430 0.634766 0.041016 0.074219
0 0.914062 0.625977 0.050781 0.056641
0 0.710938 0.699219 0.050781 0.058594
0 0.543945 0.828125 0.037109 0.039062
0 0.808594 0.899414 0.058594 0.060547
0 0.299805 0.969980 0.025391 0.057147
