0 0.569976 0.439942 0.026851 0.052098
0 0.577148 0.031250 0.029297 0.062500
0 0.796875 0.258789 0.031250 0.041016
0 0.668945 0.368164 0.037109 0.056641
0 0.178711 0.368164 0.044922 0.044922
0 0.373047 0.432617 0.042969 0.041016
0 0.109375 0.469727 0.027344 0.048828
0 0.734375 0.548828 0.031250 0.039062
0 0.846680 0.558594 0.107422 0.050781
0 0.252930 0.566406 0.060547 0.050781
0 0.396484 0.581055 0.062500 0.029297
0 0.888672 0.670898 0.042969 0.041016
0 0.421875 0.675781 0.031250 0.039062
0 0.321289 0.762695 0.041016 0.041016
0 0.919922 0.880859 0.023438 0.058594
0 0.751953 0.949219 0.046875 0.027344
0 0.492188 0.952148 0.046875 0.021484
