0 0.410090 0.516643 0.024410 0.046310
0 0.358398 0.097656 0.029297 0.058594
0 0.756836 0.154297 0.052734 0.066406
0 0.110352 0.153320 0.021484 0.052734
0 0.359375 0.187500 0.019531 0.058594
0 0.179688 0.248047 0.046875 0.054688
0 0.326172 0.297852 0.042969 0.033203
0 0.797852 0.327148 0.029297 0.041016
0 0.730469 0.369141 0.039062 0.054688
0 0.648438 0.392578 0.062500 0.074219
0 0.189453 0.436523 0.046875 0.052734
0 0.104492 0.464844 0.037109 0.058594
0 0.293945 0.470703 0.025391 0.046875
0 0.738281 0.482422 0.046875 0.066406
0 0.827148 0.526367 0.025391 0.060547
0 0.389648 0.627930 0.029297 0.056641
0 0.322266 0.719727 0.042969 0.056641
0 0.794922 0.741211 0.027344 0.076172
0 0.450195 0.795898 0.041016 0.162109
0 0.356445 0.869141 0.033203 0.070312
0 0.825195 0.857422 0.037109 0.042969
0 0.920898 0.879883 0.025391 0.048828
0 0.297852 0.971933 0.017578 0.053240
