0 0.557771 0.597685 0.033360 0.066570
0 0.749023 0.090820 0.056641 0.060547
0 0.859375 0.144531 0.015625 0.078125
0 0.251953 0.174805 0.058594 0.068359
0 0.267578 0.268555 0.031250 0.037109
0 0.547852 0.284180 0.044922 0.060547
0 0.423828 0.335938 0.039062 0.085938
0 0.808594 0.390625 0.042969 0.035156
0 0.921875 0.461914 0.019531 0.052734
0 0.813477 0.465820 0.052734 0.048828
0 0.604492 0.471680 0.037109 0.048828
0 0.311523 0.595703 0.060547 0.054688
0 0.569336 0.670898 0.052734 0.033203
0 0.267578 0.774414 0.074219 0.064453
0 0.156250 0.876953 0.062500 0.058594
0 0.828125 0.895508 0.023438 0.076172
