0 0.758340 0.510854 0.030919 0.060781
0 0.410156 0.091797 0.058594 0.050781
0 0.514648 0.132812 0.044922 0.054688
0 0.797852 0.187500 0.033203 0.050781
0 0.760742 0.230469 0.044922 0.042969
0 0.157227 0.300781 0.048828 0.042969
0 0.598633 0.324219 0.044922 0.035156
0 0.159180 0.389648 0.041016 0.041016
0 0.235352 0.405273 0.037109 0.072266
0 0.875000 0.401367 0.066406 0.060547
0 0.169922 0.496094 0.027344 0.050781
0 0.260742 0.507812 0.033203 0.058594
0 0.078125 0.533203 0.023438 0.062500
0 0.218750 0.631836 0.062500 0.099609
0 0.322266 0.685547 0.035156 0.089844
0 0.074219 0.696289 0.027344 0.083984
0 0.547852 0.672852 0.033203 0.041016
0 0.392578 0.704102 0.035156 0.033203
0 0.041016 0.875000 0.039062 0.066406
0 0.390625 0.883789 0.035156 0.048828
