0 0.501627 0.191751 0.021969 0.041968
0 0.733398 0.148438 0.033203 0.082031
0 0.635742 0.303711 0.037109 0.064453
0 0.504883 0.375977 0.037109 0.044922
0 0.110352 0.384766 0.025391 0.058594
0 0.908203 0.381836 0.046875 0.048828
0 0.615234 0.403320 0.027344 0.056641
0 0.480469 0.516602 0.031250 0.037109
0 0.180664 0.585938 0.044922 0.097656
0 0.295898 0.621094 0.017578 0.058594
0 0.533203 0.620117 0.054688 0.060547
0 0.858398 0.747070 0.041016 0.044922
0 0.242188 0.755859 0.039062 0.050781
0 0.761719 0.805664 0.039062 0.052734
0 0.908203 0.879883 0.058594 0.052734
0 0.098633 0.902344 0.064453 0.085938
0 0.204102 0.892578 0.033203 0.031250
0 0.608398 0.908203 0.021484 0.050781
0 0.483398 0.969980 0.025391 0.057147
