0 0.481692 0.633140 0.032547 0.068017
0 0.889648 0.078125 0.025391 0.039062
0 0.983968 0.141602 0.030436 0.033203
0 0.235352 0.277344 0.033203 0.093750
0 0.676758 0.265625 0.041016 0.031250
0 0.108398 0.308594 0.033203 0.066406
0 0.577148 0.331055 0.033203 0.033203
0 0.756836 0.380859 0.056641 0.054688
0 0.861328 0.382812 0.039062 0.050781
0 0.580078 0.418945 0.031250 0.044922
0 0.922852 0.523438 0.029297 0.074219
0 0.203125 0.594727 0.039062 0.064453
0 0.575195 0.597656 0.037109 0.054688
0 0.918945 0.633789 0.037109 0.056641
0 0.363281 0.640625 0.046875 0.039062
0 0.186523 0.710938 0.060547 0.078125
0 0.440430 0.756836 0.048828 0.083984
0 0.579102 0.825195 0.033203 0.080078
0 0.737305 0.847656 0.041016 0.062500
0 0.295898 0.972909 0.021484 0.051287
