0 0.588283 0.384226 0.048820 0.076700
0 0.427734 0.059570 0.050781 0.064453
0 0.545898 0.061523 0.033203 0.060547
0 0.237305 0.149414 0.033203 0.048828
0 0.621094 0.157227 0.046875 0.052734
0 0.432617 0.188477 0.056641 0.056641
0 0.179688 0.216797 0.039062 0.058594
0 0.841797 0.283203 0.046875 0.046875
0 0.308594 0.308594 0.050781 0.078125
0 0.709961 0.376953 0.048828 0.066406
0 0.106445 0.388672 0.033203 0.035156
0 0.439453 0.390625 0.066406 0.039062
0 0.808594 0.477539 0.050781 0.087891
0 0.891602 0.491211 0.021484 0.064453
0 0.736328 0.512695 0.031250 0.048828
0 0.206055 0.531250 0.025391 0.050781
0 0.328125 0.575195 0.031250 0.033203
0 0.640625 0.593750 0.031250 0.058594
0 0.824219 0.609375 0.062500 0.015625
0 0.725586 0.634766 0.044922 0.058594
0 0.191406 0.672852 0.054688 0.091797
0 0.984945 0.697266 0.028483 0.035156
0 0.452148 0.889648 0.029297 0.037109
0 0.826172 0.956308 0.035156 0.084490
