0 0.407242 0.651954 0.025224 0.044863
0 0.260742 0.058594 0.025391 0.050781
0 0.659180 0.231445 0.041016 0.025391
0 0.169922 0.268555 0.035156 0.037109
0 0.766602 0.319336 0.021484 0.095703
0 0.891602 0.435547 0.068359 0.054688
0 0.675781 0.458008 0.031250 0.087891
0 0.764648 0.454102 0.041016 0.048828
0 0.203125 0.540039 0.042969 0.068359
0 0.255859 0.605469 0.054688 0.031250
0 0.235352 0.673828 0.029297 0.039062
0 0.358398 0.842773 0.037109 0.068359
0 0.172852 0.860352 0.041016 0.033203
0 0.104492 0.899414 0.029297 0.044922
0 0.174805 0.922852 0.025391 0.041016
