0 0.496745 0.578148 0.056143 0.091172
0 0.835938 0.112305 0.042969 0.037109
0 0.543945 0.273438 0.029297 0.050781
0 0.389648 0.309570 0.033203 0.064453
0 0.588867 0.342773 0.041016 0.052734
0 0.195312 0.358398 0.046875 0.025391
0 0.484375 0.402344 0.023438 0.046875
0 0.931641 0.458008 0.042969 0.056641
0 0.563477 0.515625 0.052734 0.089844
0 0.266602 0.513672 0.029297 0.035156
0 0.746094 0.532227 0.046875 0.052734
0 0.045898 0.588867 0.029297 0.060547
0 0.385742 0.596680 0.037109 0.076172
0 0.826172 0.624023 0.035156 0.056641
0 0.295898 0.683594 0.025391 0.062500
0 0.764648 0.688477 0.021484 0.056641
0 0.360352 0.697266 0.025391 0.054688
0 0.885742 0.716797 0.025391 0.054688
0 0.043945 0.774414 0.021484 0.048828
0 0.765625 0.782227 0.023438 0.048828
0 0.190430 0.809570 0.041016 0.044922
0 0.266602 0.837891 0.025391 0.054688
0 0.418945 0.906250 0.029297 0.058594
0 0.543945 0.970956 0.017578 0.055193
