0 0.442636 0.372648 0.035801 0.065123
0 0.425781 0.055664 0.039062 0.060547
0 0.733398 0.088867 0.029297 0.052734
0 0.138672 0.181641 0.023438 0.054688
0 0.428711 0.168945 0.033203 0.033203
0 0.358398 0.290039 0.029297 0.037109
0 0.783203 0.303711 0.054688 0.037109
0 0.549805 0.332031 0.029297 0.078125
0 0.674805 0.370117 0.017578 0.048828
0 0.047852 0.377930 0.021484 0.052734
0 0.686523 0.481445 0.052734 0.076172
0 0.770508 0.471680 0.033203 0.052734
0 0.338867 0.549805 0.044922 0.080078
0 0.253906 0.556641 0.042969 0.054688
0 0.048828 0.591797 0.027344 0.042969
0 0.120117 0.691406 0.052734 0.101562
0 0.423828 0.777344 0.023438 0.062500
0 0.858398 0.857422 0.013672 0.070312
0 0.090820 0.877930 0.056641 0.060547
0 0.255859 0.956055 0.050781 0.037109
