0 0.551668 0.374096 0.029292 0.044863
0 0.601562 0.042969 0.046875 0.046875
0 0.858398 0.162109 0.037109 0.066406
0 0.154297 0.160156 0.046875 0.050781
0 0.750000 0.167969 0.039062 0.035156
0 0.375977 0.229492 0.044922 0.076172
0 0.540039 0.237305 0.041016 0.064453
0 0.714844 0.371094 0.046875 0.058594
0 0.905273 0.378906 0.048828 0.050781
0 0.626953 0.424805 0.042969 0.021484
0 0.342773 0.527344 0.044922 0.058594
0 0.869141 0.538086 0.046875 0.068359
0 0.783203 0.628906 0.054688 0.058594
0 0.327148 0.653320 0.025391 0.056641
0 0.097656 0.727539 0.046875 0.052734
0 0.807617 0.750977 0.048828 0.060547
0 0.295898 0.823242 0.029297 0.044922
0 0.560547 0.878906 0.042969 0.046875
0 0.044922 0.908203 0.031250 0.046875
0 0.135742 0.982675 0.029297 0.031756
0 0.246094 0.986581 0.042969 0.023943
