0 0.349064 0.660637 0.024410 0.047757
0 0.667969 0.108398 0.031250 0.033203
0 0.170898 0.133789 0.037109 0.033203
0 0.626953 0.139648 0.046875 0.021484
0 0.843750 0.266602 0.054688 0.083984
0 0.981038 0.262695 0.036296 0.037109
0 0.358398 0.314453 0.025391 0.050781
0 0.173828 0.375977 0.050781 0.068359
0 0.328125 0.360352 0.035156 0.037109
0 0.665039 0.357422 0.033203 0.035156
0 0.814453 0.357422 0.046875 0.027344
0 0.420898 0.494141 0.021484 0.050781
0 0.202148 0.530273 0.021484 0.052734
0 0.470703 0.671875 0.062500 0.023438
0 0.735352 0.669922 0.060547 0.015625
0 0.673828 0.704102 0.015625 0.068359
0 0.792969 0.753906 0.039062 0.050781
0 0.233398 0.862305 0.037109 0.052734
0 0.940430 0.920898 0.052734 0.076172
