0 0.645240 0.746744 0.017901 0.034732
0 0.890625 0.066406 0.035156 0.062500
0 0.080078 0.084961 0.027344 0.041016
0 0.736328 0.093750 0.019531 0.050781
0 0.989828 0.103516 0.018718 0.042969
0 0.639648 0.208008 0.033203 0.041016
0 0.257812 0.262695 0.054688 0.021484
0 0.266602 0.342773 0.041016 0.037109
0 0.981038 0.393555 0.036296 0.025391
0 0.452148 0.470703 0.033203 0.058594
0 0.204102 0.583984 0.033203 0.035156
0 0.438477 0.702148 0.041016 0.021484
0 0.388672 0.749023 0.042969 0.056641
0 0.236328 0.789062 0.031250 0.050781
0 0.892578 0.787109 0.027344 0.050781
0 0.299805 0.846680 0.021484 0.048828
0 0.533203 0.935547 0.042969 0.050781
0 0.955078 0.930664 0.031250 0.041016
0 0.887695 0.970956 0.021484 0.055193
