0 0.559398 0.659913 0.033360 0.043415
0 0.875000 0.074219 0.050781 0.027344
0 0.954102 0.113281 0.017578 0.062500
0 0.455078 0.136719 0.035156 0.035156
0 0.641602 0.141602 0.072266 0.021484
0 0.492188 0.354492 0.054688 0.029297
0 0.569336 0.387695 0.048828 0.025391
0 0.089844 0.433594 0.050781 0.054688
0 0.203125 0.422852 0.031250 0.033203
0 0.861328 0.509766 0.023438 0.046875
0 0.954102 0.527344 0.029297 0.058594
0 0.776367 0.515625 0.048828 0.027344
0 0.514648 0.533203 0.025391 0.054688
0 0.821289 0.667969 0.068359 0.027344
0 0.858398 0.818359 0.029297 0.046875
0 0.878906 0.923828 0.042969 0.027344
