0 0.558991 0.549204 0.032547 0.070912
0 0.625000 0.075195 0.054688 0.080078
0 0.544922 0.107422 0.031250 0.039062
0 0.253906 0.124023 0.050781 0.064453
0 0.547852 0.236328 0.041016 0.054688
0 0.421875 0.281250 0.031250 0.062500
0 0.556641 0.390625 0.046875 0.027344
0 0.926758 0.424805 0.033203 0.044922
0 0.829102 0.557617 0.021484 0.068359
0 0.278320 0.672852 0.060547 0.103516
0 0.920898 0.753906 0.025391 0.066406
0 0.829102 0.763672 0.025391 0.078125
0 0.164062 0.809570 0.050781 0.072266
0 0.496094 0.881836 0.054688 0.150391
0 0.829102 0.874023 0.021484 0.048828
0 0.294922 0.885742 0.027344 0.037109
