0 0.439788 0.564399 0.044752 0.075253
0 0.287109 0.013672 0.046875 0.027344
0 0.688477 0.061523 0.052734 0.052734
0 0.608398 0.198242 0.029297 0.146484
0 0.871094 0.185547 0.042969 0.042969
0 0.954102 0.236328 0.029297 0.039062
0 0.508789 0.358398 0.037109 0.029297
0 0.780273 0.398438 0.056641 0.042969
0 0.014648 0.395508 0.029297 0.033203
0 0.722656 0.443359 0.050781 0.062500
0 0.895508 0.454102 0.041016 0.025391
0 0.798828 0.549805 0.035156 0.037109
0 0.563477 0.633789 0.056641 0.080078
0 0.203125 0.625000 0.019531 0.050781
0 0.263672 0.670898 0.042969 0.037109
0 0.545898 0.753906 0.029297 0.054688
0 0.922852 0.798828 0.033203 0.031250
0 0.641602 0.836914 0.041016 0.072266
0 0.389648 0.910156 0.021484 0.046875
0 0.848633 0.966073 0.044922 0.064959
0 0.124023 0.984628 0.044922 0.027850
