0 0.781530 0.858900 0.033360 0.073806
0 0.386719 0.062500 0.035156 0.062500
0 0.482422 0.049805 0.039062 0.037109
0 0.109375 0.100586 0.031250 0.052734
0 0.954102 0.131836 0.029297 0.056641
0 0.881836 0.136719 0.048828 0.058594
0 0.435547 0.154297 0.058594 0.058594
0 0.314453 0.154297 0.058594 0.050781
0 0.577148 0.164062 0.029297 0.046875
0 0.171875 0.211914 0.031250 0.087891
0 0.947266 0.255859 0.046875 0.054688
0 0.536133 0.356445 0.056641 0.029297
0 0.231445 0.369141 0.025391 0.050781
0 0.922852 0.377930 0.029297 0.052734
0 0.565430 0.592773 0.044922 0.044922
0 0.878906 0.630859 0.042969 0.093750
0 0.607422 0.692383 0.019531 0.048828
0 0.240234 0.795898 0.042969 0.033203
0 0.728516 0.858398 0.042969 0.025391
0 0.856445 0.971933 0.021484 0.053240
