0 0.486574 0.790883 0.043938 0.062229
0 0.112305 0.126953 0.033203 0.066406
0 0.305664 0.204102 0.064453 0.041016
0 0.578125 0.220703 0.019531 0.046875
0 0.418945 0.263672 0.033203 0.031250
0 0.204102 0.284180 0.025391 0.044922
0 0.516602 0.384766 0.029297 0.082031
0 0.863281 0.398438 0.031250 0.074219
0 0.762695 0.500000 0.037109 0.062500
0 0.025391 0.582031 0.050781 0.019531
0 0.857422 0.625000 0.027344 0.058594
0 0.263672 0.652344 0.023438 0.066406
0 0.950195 0.704102 0.025391 0.060547
0 0.264648 0.753906 0.029297 0.050781
0 0.143555 0.798828 0.033203 0.046875
0 0.638672 0.795898 0.031250 0.033203
0 0.859375 0.812500 0.035156 0.062500
