0 0.382018 0.617945 0.039870 0.066570
0 0.591797 0.091797 0.046875 0.050781
0 0.406250 0.093750 0.039062 0.039062
0 0.952148 0.128906 0.029297 0.054688
0 0.703125 0.218750 0.027344 0.046875
0 0.367188 0.224609 0.042969 0.042969
0 0.485352 0.333984 0.029297 0.054688
0 0.666016 0.397461 0.039062 0.052734
0 0.779297 0.401367 0.042969 0.056641
0 0.616211 0.397461 0.041016 0.044922
0 0.862305 0.403320 0.025391 0.056641
0 0.044922 0.405273 0.023438 0.044922
0 0.478516 0.457031 0.039062 0.082031
0 0.890625 0.500977 0.023438 0.052734
0 0.692383 0.593750 0.044922 0.054688
0 0.483398 0.672852 0.025391 0.041016
0 0.551758 0.711914 0.025391 0.048828
0 0.826172 0.724609 0.019531 0.058594
0 0.419922 0.734375 0.019531 0.066406
0 0.172852 0.751953 0.029297 0.066406
0 0.109375 0.874023 0.023438 0.064453
0 0.500977 0.890625 0.052734 0.089844
0 0.940430 0.870117 0.044922 0.044922
0 0.856445 0.902344 0.021484 0.050781
0 0.297852 0.966073 0.017578 0.064959
0 0.607422 0.978769 0.023438 0.039568
