0 0.517901 0.816932 0.036615 0.076700
0 0.766602 0.312500 0.025391 0.050781
0 0.314453 0.343750 0.042969 0.042969
0 0.151367 0.356445 0.064453 0.021484
0 0.545898 0.392578 0.041016 0.074219
0 0.114258 0.430664 0.021484 0.064453
0 0.940430 0.423828 0.060547 0.019531
0 0.469727 0.476562 0.056641 0.058594
0 0.762695 0.496094 0.029297 0.050781
0 0.939453 0.487305 0.046875 0.033203
0 0.236328 0.576172 0.027344 0.074219
0 0.595703 0.719727 0.050781 0.052734
0 0.158203 0.734375 0.050781 0.042969
0 0.159180 0.821289 0.044922 0.083984
0 0.253906 0.878906 0.042969 0.039062
0 0.356445 0.953125 0.037109 0.042969
