0 0.440602 0.325615 0.028478 0.057887
0 0.411133 0.012695 0.048828 0.025391
0 0.733398 0.096680 0.025391 0.044922
0 0.263672 0.142578 0.039062 0.042969
0 0.671875 0.142578 0.031250 0.035156
0 0.462891 0.171875 0.042969 0.031250
0 0.348633 0.213867 0.052734 0.056641
0 0.256836 0.250977 0.037109 0.052734
0 0.793945 0.343750 0.025391 0.046875
0 0.323242 0.404297 0.044922 0.066406
0 0.518555 0.433594 0.037109 0.054688
0 0.233398 0.462891 0.025391 0.046875
0 0.592773 0.475586 0.048828 0.052734
0 0.984945 0.484375 0.028483 0.031250
0 0.836914 0.515625 0.056641 0.042969
0 0.671875 0.541992 0.039062 0.052734
0 0.575195 0.606445 0.033203 0.033203
0 0.255859 0.626953 0.046875 0.066406
0 0.080078 0.641602 0.089844 0.025391
0 0.112305 0.790039 0.044922 0.091797
0 0.233398 0.780273 0.037109 0.072266
0 0.013672 0.848633 0.027344 0.060547
