0 0.386900 0.546310 0.031733 0.059334
0 0.549805 0.058594 0.041016 0.058594
0 0.762695 0.154297 0.037109 0.062500
0 0.362305 0.186523 0.025391 0.060547
0 0.845703 0.280273 0.054688 0.048828
0 0.984945 0.315430 0.028483 0.041016
0 0.605469 0.359375 0.039062 0.050781
0 0.205078 0.367188 0.085938 0.054688
0 0.532227 0.436523 0.060547 0.068359
0 0.977132 0.422852 0.044108 0.037109
0 0.953125 0.511719 0.027344 0.054688
0 0.594727 0.531250 0.044922 0.039062
0 0.794922 0.684570 0.031250 0.064453
0 0.688477 0.717773 0.052734 0.111328
0 0.939453 0.969003 0.042969 0.059100
