0 0.545159 0.536179 0.017901 0.030391
0 0.670898 0.090820 0.025391 0.044922
0 0.827148 0.104492 0.033203 0.052734
0 0.232422 0.129883 0.039062 0.064453
0 0.634766 0.138672 0.035156 0.031250
0 0.911133 0.179688 0.048828 0.082031
0 0.623047 0.219727 0.050781 0.052734
0 0.164062 0.282227 0.046875 0.076172
0 0.330078 0.265625 0.031250 0.035156
0 0.403320 0.370117 0.060547 0.064453
0 0.767578 0.356445 0.031250 0.033203
0 0.937500 0.392578 0.050781 0.023438
0 0.480469 0.455078 0.027344 0.085938
0 0.257812 0.459961 0.046875 0.083984
0 0.926758 0.471680 0.029297 0.048828
0 0.253906 0.705078 0.046875 0.089844
0 0.652344 0.730469 0.050781 0.027344
0 0.266602 0.791992 0.033203 0.041016
0 0.852539 0.849609 0.041016 0.054688
0 0.360352 0.925781 0.025391 0.054688
0 0.809570 0.941406 0.052734 0.054688
0 0.044922 0.972909 0.019531 0.051287
