0 0.698942 0.542692 0.022783 0.043415
0 0.326172 0.045898 0.035156 0.029297
0 0.532227 0.073242 0.048828 0.041016
0 0.234375 0.152344 0.023438 0.062500
0 0.265625 0.202148 0.035156 0.037109
0 0.900391 0.242188 0.050781 0.035156
0 0.545898 0.295898 0.037109 0.037109
0 0.521484 0.358398 0.039062 0.029297
0 0.778320 0.409180 0.044922 0.052734
0 0.701172 0.450195 0.031250 0.037109
0 0.611328 0.493164 0.031250 0.056641
0 0.170898 0.509766 0.033203 0.042969
0 0.952148 0.534180 0.033203 0.052734
0 0.782227 0.563477 0.052734 0.056641
0 0.905273 0.563477 0.048828 0.048828
0 0.795898 0.671875 0.037109 0.042969
0 0.053711 0.688477 0.041016 0.060547
0 0.266602 0.695312 0.025391 0.078125
0 0.171875 0.691406 0.027344 0.050781
0 0.718750 0.747070 0.058594 0.068359
0 0.110352 0.737305 0.033203 0.037109
0 0.298828 0.783203 0.023438 0.046875
0 0.152344 0.835938 0.050781 0.042969
0 0.358398 0.859375 0.037109 0.035156
0 0.673828 0.907227 0.031250 0.068359
0 0.298828 0.952148 0.031250 0.037109
