0 0.733116 0.583936 0.029292 0.050651
0 0.449219 0.049805 0.035156 0.029297
0 0.135742 0.115234 0.044922 0.046875
0 0.858398 0.174805 0.029297 0.048828
0 0.232422 0.326172 0.039062 0.031250
0 0.734375 0.399414 0.023438 0.048828
0 0.703125 0.455078 0.035156 0.035156
0 0.861328 0.486328 0.042969 0.039062
0 0.183594 0.545898 0.054688 0.037109
0 0.512695 0.544922 0.029297 0.035156
0 0.124023 0.593750 0.044922 0.050781
0 0.219727 0.718750 0.064453 0.066406
0 0.482422 0.703125 0.039062 0.039062
0 0.059570 0.784180 0.056641 0.130859
0 0.650391 0.783203 0.066406 0.058594
0 0.514648 0.825195 0.029297 0.037109
0 0.672852 0.877930 0.037109 0.080078
0 0.327148 0.890625 0.041016 0.054688
0 0.390625 0.963144 0.027344 0.070818
0 0.574219 0.952148 0.039062 0.041016
0 0.808594 0.958008 0.054688 0.048828
