0 0.387307 0.712735 0.034174 0.065123
0 0.422852 0.223633 0.037109 0.056641
0 0.485352 0.292969 0.033203 0.035156
0 0.781250 0.391602 0.042969 0.041016
0 0.527344 0.431641 0.050781 0.054688
0 0.683594 0.514648 0.050781 0.021484
0 0.956055 0.532227 0.033203 0.056641
0 0.295898 0.580078 0.029297 0.039062
0 0.453125 0.591797 0.031250 0.062500
0 0.686523 0.608398 0.044922 0.044922
0 0.699219 0.827148 0.031250 0.083984
0 0.766602 0.864258 0.033203 0.064453
0 0.390625 0.890625 0.039062 0.042969
0 0.393555 0.950195 0.025391 0.041016
0 0.891602 0.966073 0.021484 0.064959
