0 0.181448 0.615774 0.027665 0.059334
0 0.112305 0.094727 0.025391 0.068359
0 0.437500 0.083984 0.046875 0.027344
0 0.641602 0.121094 0.029297 0.058594
0 0.890625 0.220703 0.039062 0.070312
0 0.071289 0.276367 0.048828 0.064453
0 0.954102 0.355469 0.021484 0.078125
0 0.166016 0.361328 0.046875 0.031250
0 0.788086 0.372070 0.056641 0.056641
0 0.091797 0.410156 0.046875 0.058594
0 0.702148 0.450195 0.017578 0.052734
0 0.641602 0.577148 0.041016 0.044922
0 0.476562 0.629883 0.046875 0.060547
0 0.635742 0.794922 0.033203 0.039062
0 0.267578 0.873047 0.031250 0.062500
0 0.915039 0.958261 0.080078 0.080584
