0 0.258340 0.576700 0.043124 0.079595
0 0.012695 0.127930 0.025391 0.052734
0 0.253906 0.208984 0.046875 0.058594
0 0.422852 0.267578 0.029297 0.082031
0 0.824219 0.252930 0.023438 0.044922
0 0.958008 0.371094 0.037109 0.058594
0 0.121094 0.399414 0.054688 0.060547
0 0.451172 0.404297 0.035156 0.066406
0 0.139648 0.540039 0.029297 0.080078
0 0.577148 0.577148 0.033203 0.033203
0 0.955078 0.653320 0.035156 0.083984
0 0.692383 0.715820 0.044922 0.044922
0 0.289062 0.727539 0.046875 0.064453
0 0.064453 0.799805 0.050781 0.076172
0 0.904297 0.796875 0.054688 0.035156
0 0.158203 0.811523 0.046875 0.056641
0 0.203125 0.873047 0.023438 0.042969
0 0.138672 0.927734 0.031250 0.058594
0 0.014648 0.925781 0.029297 0.042969
