0 0.503255 0.421129 0.033360 0.060781
0 0.938477 0.063477 0.044922 0.060547
0 0.777344 0.067383 0.046875 0.052734
0 0.155273 0.108398 0.056641 0.083984
0 0.265625 0.109375 0.023438 0.082031
0 0.819336 0.096680 0.044922 0.044922
0 0.346680 0.122070 0.052734 0.060547
0 0.544922 0.158203 0.035156 0.070312
0 0.890625 0.214844 0.031250 0.042969
0 0.295898 0.267578 0.041016 0.039062
0 0.569336 0.283203 0.044922 0.058594
0 0.415039 0.330078 0.037109 0.085938
0 0.046875 0.411133 0.031250 0.072266
0 0.376953 0.465820 0.050781 0.048828
0 0.484375 0.493164 0.027344 0.044922
0 0.180664 0.514648 0.052734 0.025391
0 0.419922 0.545898 0.031250 0.037109
0 0.260742 0.597656 0.052734 0.062500
0 0.170898 0.610352 0.033203 0.033203
0 0.375977 0.725586 0.044922 0.115234
0 0.275391 0.701172 0.062500 0.031250
0 0.230469 0.826172 0.035156 0.039062
0 0.077148 0.953125 0.029297 0.039062
