0 0.403580 0.592619 0.029292 0.056440
0 0.238281 0.107422 0.023438 0.042969
0 0.405273 0.140625 0.052734 0.078125
0 0.735352 0.138672 0.029297 0.042969
0 0.637695 0.138672 0.083984 0.035156
0 0.861328 0.214844 0.027344 0.046875
0 0.933594 0.280273 0.046875 0.044922
0 0.142578 0.402344 0.082031 0.085938
0 0.048828 0.422852 0.027344 0.072266
0 0.294922 0.469727 0.023438 0.048828
0 0.548828 0.538086 0.035156 0.068359
0 0.262695 0.573242 0.025391 0.076172
0 0.860352 0.574219 0.025391 0.042969
0 0.483398 0.575195 0.033203 0.041016
0 0.641602 0.605469 0.017578 0.058594
0 0.768555 0.759766 0.025391 0.074219
0 0.645508 0.842773 0.029297 0.064453
0 0.458984 0.956055 0.027344 0.044922
