0 0.563873 0.622287 0.037429 0.057887
0 0.381836 0.087891 0.041016 0.054688
0 0.886719 0.085938 0.023438 0.054688
0 0.178711 0.124023 0.037109 0.052734
0 0.235352 0.208008 0.025391 0.044922
0 0.108398 0.234375 0.041016 0.042969
0 0.688477 0.397461 0.060547 0.076172
0 0.409180 0.471680 0.048828 0.056641
0 0.108398 0.478516 0.025391 0.062500
0 0.083008 0.641602 0.029297 0.033203
0 0.472656 0.812500 0.046875 0.070312
0 0.744141 0.834961 0.046875 0.080078
0 0.081055 0.836914 0.021484 0.044922
0 0.564453 0.833008 0.042969 0.037109
0 0.222656 0.946289 0.042969 0.064453
