0 0.494304 0.916787 0.021969 0.039074
0 0.391602 0.029297 0.025391 0.058594
0 0.671875 0.155273 0.019531 0.048828
0 0.252930 0.169922 0.048828 0.035156
0 0.392578 0.191406 0.062500 0.054688
0 0.048828 0.194336 0.023438 0.052734
0 0.505859 0.192383 0.054688 0.048828
0 0.795898 0.238281 0.021484 0.074219
0 0.498047 0.344727 0.050781 0.064453
0 0.860352 0.363281 0.048828 0.023438
0 0.282227 0.443359 0.041016 0.054688
0 0.112305 0.452148 0.021484 0.068359
0 0.141602 0.708984 0.029297 0.078125
0 0.954102 0.723633 0.025391 0.060547
0 0.890625 0.953378 0.089844 0.090350
0 0.762695 0.934570 0.025391 0.044922
