0 0.392596 0.497829 0.023596 0.040521
0 0.388672 0.076172 0.035156 0.039062
0 0.857422 0.079102 0.042969 0.041016
0 0.138672 0.093750 0.027344 0.058594
0 0.722656 0.077148 0.054688 0.025391
0 0.593750 0.124023 0.062500 0.064453
0 0.412109 0.139648 0.046875 0.033203
0 0.455078 0.238281 0.046875 0.058594
0 0.025391 0.239258 0.050781 0.021484
0 0.359375 0.347656 0.027344 0.039062
0 0.389648 0.411133 0.021484 0.048828
0 0.257812 0.512695 0.039062 0.048828
0 0.080078 0.644531 0.027344 0.039062
0 0.609375 0.643555 0.035156 0.037109
0 0.873047 0.680664 0.042969 0.044922
0 0.450195 0.743164 0.021484 0.048828
0 0.821289 0.747070 0.044922 0.052734
0 0.921875 0.748047 0.027344 0.054688
0 0.735352 0.756836 0.033203 0.044922
0 0.297852 0.864258 0.029297 0.037109
0 0.921875 0.890625 0.019531 0.070312
0 0.719727 0.951172 0.056641 0.035156
