0 0.500814 0.656295 0.026851 0.056440
0 0.547852 0.043945 0.029297 0.037109
0 0.733398 0.080078 0.025391 0.046875
0 0.888672 0.123047 0.027344 0.042969
0 0.383789 0.220703 0.033203 0.070312
0 0.808594 0.237305 0.050781 0.029297
0 0.512695 0.379883 0.021484 0.052734
0 0.360352 0.442383 0.037109 0.091797
0 0.637695 0.421875 0.076172 0.031250
0 0.120117 0.448242 0.119141 0.033203
0 0.625977 0.555664 0.060547 0.130859
0 0.760742 0.572266 0.025391 0.050781
0 0.881836 0.635742 0.048828 0.083984
0 0.667969 0.727539 0.027344 0.064453
0 0.644531 0.795898 0.027344 0.068359
0 0.938477 0.841797 0.048828 0.058594
0 0.953125 0.916016 0.015625 0.070312
0 0.503906 0.953378 0.058594 0.090350
0 0.913086 0.988534 0.041016 0.020037
