0 0.618389 0.426918 0.022783 0.049204
0 0.875977 0.110352 0.044922 0.029297
0 0.714844 0.189453 0.058594 0.058594
0 0.829102 0.248047 0.037109 0.062500
0 0.113281 0.375000 0.058594 0.074219
0 0.736328 0.410156 0.035156 0.066406
0 0.457031 0.419922 0.035156 0.039062
0 0.545898 0.511719 0.037109 0.042969
0 0.419922 0.513672 0.031250 0.039062
0 0.870117 0.592773 0.044922 0.064453
0 0.713867 0.608398 0.048828 0.025391
0 0.483398 0.637695 0.037109 0.044922
0 0.955078 0.665039 0.031250 0.044922
0 0.591797 0.668945 0.046875 0.033203
0 0.420898 0.779297 0.044922 0.078125
0 0.892578 0.784180 0.023438 0.052734
0 0.598633 0.853516 0.048828 0.054688
0 0.548828 0.932617 0.023438 0.056641
0 0.394531 0.937500 0.019531 0.050781
