0 0.520749 0.721418 0.030919 0.068017
0 0.638672 0.244141 0.035156 0.066406
0 0.761719 0.240234 0.046875 0.039062
0 0.370117 0.254883 0.044922 0.048828
0 0.439453 0.297852 0.042969 0.029297
0 0.547852 0.326172 0.021484 0.078125
0 0.936523 0.377930 0.048828 0.052734
0 0.758789 0.425781 0.037109 0.035156
0 0.763672 0.586914 0.039062 0.056641
0 0.160156 0.641602 0.050781 0.033203
0 0.643555 0.751953 0.033203 0.042969
0 0.592773 0.831055 0.064453 0.083984
0 0.449219 0.837891 0.019531 0.050781
0 0.360352 0.858398 0.037109 0.033203
