0 0.659886 0.585384 0.039056 0.070912
0 0.937500 0.061523 0.046875 0.048828
0 0.359375 0.088867 0.066406 0.060547
0 0.861328 0.121094 0.027344 0.046875
0 0.191406 0.168945 0.046875 0.087891
0 0.548828 0.139648 0.054688 0.021484
0 0.558594 0.299805 0.046875 0.041016
0 0.857422 0.340820 0.035156 0.056641
0 0.411133 0.340820 0.041016 0.044922
0 0.483398 0.355469 0.025391 0.062500
0 0.669922 0.393555 0.019531 0.052734
0 0.860352 0.559570 0.029297 0.060547
0 0.186523 0.580078 0.044922 0.023438
0 0.391602 0.594727 0.021484 0.048828
0 0.547852 0.642578 0.033203 0.035156
0 0.560547 0.693359 0.058594 0.066406
0 0.766602 0.718750 0.021484 0.050781
0 0.894531 0.788086 0.023438 0.048828
0 0.704102 0.939453 0.025391 0.062500
0 0.546875 0.932617 0.031250 0.037109
0 0.886719 0.971933 0.023438 0.053240
