0 0.412531 0.634588 0.037429 0.068017
0 0.549805 0.016602 0.033203 0.033203
0 0.780273 0.085938 0.048828 0.062500
0 0.530273 0.079102 0.064453 0.041016
0 0.140625 0.114258 0.050781 0.033203
0 0.923828 0.128906 0.031250 0.058594
0 0.575195 0.205078 0.033203 0.039062
0 0.453125 0.208008 0.031250 0.037109
0 0.142578 0.278320 0.035156 0.068359
0 0.047852 0.268555 0.037109 0.041016
0 0.561523 0.264648 0.052734 0.029297
0 0.689453 0.370117 0.050781 0.064453
0 0.296875 0.375000 0.035156 0.070312
0 0.588867 0.396484 0.056641 0.078125
0 0.543945 0.488281 0.025391 0.078125
0 0.295898 0.485352 0.033203 0.037109
0 0.800781 0.545898 0.035156 0.029297
0 0.248047 0.609375 0.058594 0.035156
0 0.077148 0.641602 0.041016 0.044922
0 0.644531 0.656250 0.035156 0.058594
0 0.205078 0.794922 0.035156 0.039062
0 0.110352 0.806641 0.033203 0.058594
0 0.049805 0.954102 0.037109 0.041016
0 0.217773 0.958984 0.060547 0.046875
0 0.124023 0.955078 0.052734 0.027344
