0 0.530106 0.546310 0.043124 0.073806
0 0.423828 0.030273 0.027344 0.060547
0 0.361328 0.125977 0.039062 0.068359
0 0.126953 0.124023 0.050781 0.056641
0 0.724609 0.126953 0.058594 0.062500
0 0.479492 0.159180 0.033203 0.072266
0 0.843750 0.202148 0.054688 0.025391
0 0.936523 0.301758 0.056641 0.087891
0 0.151367 0.287109 0.048828 0.046875
0 0.113281 0.410156 0.023438 0.050781
0 0.270508 0.420898 0.037109 0.029297
0 0.154297 0.467773 0.050781 0.099609
0 0.405273 0.469727 0.041016 0.041016
0 0.870117 0.645508 0.052734 0.091797
0 0.503906 0.632812 0.058594 0.054688
0 0.389648 0.645508 0.037109 0.056641
0 0.723633 0.675781 0.048828 0.054688
0 0.775391 0.781250 0.046875 0.066406
0 0.482422 0.804688 0.027344 0.046875
0 0.957031 0.955331 0.031250 0.086443
