0 0.591131 0.603473 0.025224 0.043415
0 0.486328 0.170898 0.031250 0.041016
0 0.590820 0.252930 0.056641 0.072266
0 0.482422 0.335938 0.027344 0.050781
0 0.806641 0.341797 0.054688 0.050781
0 0.607422 0.330078 0.058594 0.015625
0 0.541992 0.390625 0.044922 0.031250
0 0.700195 0.407227 0.021484 0.060547
0 0.118164 0.387695 0.060547 0.017578
0 0.118164 0.455078 0.060547 0.019531
0 0.565430 0.485352 0.048828 0.029297
0 0.111328 0.533203 0.023438 0.046875
0 0.263672 0.545898 0.031250 0.068359
0 0.925781 0.539062 0.039062 0.042969
0 0.791016 0.607422 0.042969 0.035156
0 0.140625 0.625000 0.027344 0.050781
0 0.451172 0.621094 0.042969 0.035156
0 0.233398 0.641602 0.037109 0.037109
0 0.114258 0.710938 0.029297 0.054688
0 0.797852 0.717773 0.025391 0.056641
0 0.272461 0.732422 0.044922 0.023438
0 0.734375 0.784180 0.042969 0.080078
0 0.294922 0.926758 0.039062 0.041016
