0 0.738405 0.555716 0.031733 0.078148
0 0.200195 0.127930 0.029297 0.056641
0 0.880859 0.143555 0.050781 0.025391
0 0.092773 0.166992 0.060547 0.037109
0 0.864258 0.301758 0.052734 0.033203
0 0.092773 0.400391 0.048828 0.039062
0 0.948242 0.441406 0.048828 0.062500
0 0.263672 0.448242 0.019531 0.064453
0 0.048828 0.589844 0.023438 0.046875
0 0.491211 0.662109 0.029297 0.046875
0 0.057617 0.718750 0.041016 0.054688
0 0.638672 0.764648 0.015625 0.072266
0 0.755859 0.756836 0.039062 0.056641
0 0.891602 0.900391 0.029297 0.039062
