0 0.483320 0.434877 0.034174 0.068017
0 0.187500 0.036133 0.046875 0.072266
0 0.770508 0.138672 0.072266 0.078125
0 0.126953 0.170898 0.050781 0.087891
0 0.397461 0.185547 0.037109 0.058594
0 0.481445 0.314453 0.033203 0.058594
0 0.824219 0.473633 0.031250 0.056641
0 0.499023 0.496094 0.044922 0.070312
0 0.182617 0.489258 0.060547 0.044922
0 0.606445 0.552734 0.033203 0.054688
0 0.780273 0.619141 0.052734 0.054688
0 0.345703 0.636719 0.054688 0.035156
0 0.827148 0.713867 0.029297 0.052734
0 0.440430 0.820312 0.060547 0.093750
0 0.827148 0.895508 0.029297 0.041016
0 0.598633 0.928711 0.052734 0.060547
