0 0.440602 0.464544 0.026851 0.054993
0 0.263672 0.046875 0.039062 0.035156
0 0.325195 0.080078 0.037109 0.093750
0 0.217773 0.146484 0.052734 0.062500
0 0.508789 0.243164 0.037109 0.068359
0 0.686523 0.366211 0.044922 0.037109
0 0.276367 0.389648 0.041016 0.076172
0 0.788086 0.419922 0.048828 0.031250
0 0.674805 0.506836 0.029297 0.048828
0 0.048828 0.511719 0.027344 0.042969
0 0.952148 0.544922 0.037109 0.042969
0 0.341797 0.588867 0.062500 0.072266
0 0.766602 0.615234 0.033203 0.070312
0 0.669922 0.623047 0.027344 0.054688
0 0.988851 0.764648 0.020671 0.072266
0 0.386719 0.766602 0.035156 0.041016
0 0.167969 0.942383 0.042969 0.060547
