0 0.402360 0.369754 0.049634 0.091172
0 0.422852 0.090820 0.041016 0.064453
0 0.639648 0.128906 0.025391 0.109375
0 0.923828 0.103516 0.031250 0.054688
0 0.137695 0.182617 0.025391 0.048828
0 0.655273 0.267578 0.060547 0.031250
0 0.486328 0.310547 0.031250 0.054688
0 0.748047 0.380859 0.054688 0.082031
0 0.622070 0.380859 0.060547 0.050781
0 0.849609 0.447266 0.046875 0.093750
0 0.934570 0.711914 0.048828 0.052734
0 0.329102 0.721680 0.029297 0.068359
0 0.522461 0.856445 0.041016 0.076172
0 0.987874 0.839844 0.022624 0.046875
0 0.644531 0.939453 0.035156 0.062500
