0 0.459723 0.389291 0.035801 0.063676
0 0.766602 0.048828 0.033203 0.046875
0 0.686523 0.127930 0.056641 0.056641
0 0.206055 0.270508 0.033203 0.037109
0 0.545898 0.389648 0.033203 0.029297
0 0.954102 0.405273 0.021484 0.052734
0 0.266602 0.454102 0.072266 0.083984
0 0.389648 0.458984 0.044922 0.042969
0 0.482422 0.582031 0.089844 0.031250
0 0.612305 0.606445 0.041016 0.044922
0 0.108398 0.610352 0.029297 0.033203
0 0.715820 0.639648 0.052734 0.021484
0 0.174805 0.722656 0.021484 0.050781
0 0.534180 0.755859 0.060547 0.085938
0 0.346680 0.882812 0.052734 0.046875
0 0.518555 0.885742 0.080078 0.052734
0 0.701172 0.916016 0.031250 0.082031
0 0.170898 0.966073 0.029297 0.064959
