0 0.483727 0.835022 0.064280 0.078148
0 0.389648 0.046875 0.037109 0.035156
0 0.531250 0.118164 0.054688 0.068359
0 0.809570 0.191406 0.060547 0.128906
0 0.328125 0.220703 0.046875 0.058594
0 0.531250 0.261719 0.050781 0.027344
0 0.838867 0.293945 0.044922 0.037109
0 0.594727 0.345703 0.048828 0.058594
0 0.831055 0.419922 0.033203 0.097656
0 0.939453 0.408203 0.050781 0.050781
0 0.559570 0.509766 0.056641 0.089844
0 0.875977 0.642578 0.048828 0.035156
0 0.171875 0.734375 0.031250 0.035156
0 0.388672 0.805664 0.023438 0.044922
0 0.922852 0.884766 0.025391 0.148438
0 0.808594 0.843750 0.062500 0.058594
0 0.228516 0.969003 0.023438 0.059100
