0 0.438568 0.756151 0.030919 0.062229
0 0.516602 0.187500 0.033203 0.187500
0 0.886719 0.140625 0.039062 0.035156
0 0.420898 0.266602 0.033203 0.037109
0 0.509766 0.339844 0.039062 0.070312
0 0.887695 0.358398 0.033203 0.033203
0 0.794922 0.375977 0.039062 0.064453
0 0.455078 0.445312 0.031250 0.058594
0 0.168945 0.533203 0.033203 0.050781
0 0.799805 0.541016 0.041016 0.042969
0 0.112305 0.545898 0.037109 0.033203
0 0.615234 0.751953 0.031250 0.042969
0 0.262695 0.832031 0.029297 0.097656
0 0.797852 0.799805 0.041016 0.029297
0 0.388672 0.845703 0.035156 0.062500
0 0.225586 0.949219 0.033203 0.042969
