0 0.608218 0.470333 0.038242 0.063676
0 0.806641 0.054688 0.046875 0.050781
0 0.924805 0.107422 0.033203 0.035156
0 0.149414 0.164062 0.048828 0.050781
0 0.392578 0.196289 0.035156 0.076172
0 0.529297 0.199219 0.046875 0.031250
0 0.268555 0.219727 0.033203 0.060547
0 0.987874 0.363281 0.022624 0.074219
0 0.172852 0.385742 0.037109 0.041016
0 0.860352 0.445312 0.044922 0.066406
0 0.144531 0.456055 0.039062 0.029297
0 0.307617 0.524414 0.056641 0.060547
0 0.608398 0.579102 0.025391 0.044922
0 0.236328 0.600586 0.031250 0.052734
0 0.407227 0.630859 0.044922 0.054688
0 0.610352 0.665039 0.037109 0.068359
0 0.079102 0.728516 0.025391 0.039062
0 0.470703 0.745117 0.042969 0.060547
0 0.576172 0.792969 0.035156 0.050781
0 0.220703 0.795898 0.050781 0.033203
0 0.048828 0.865234 0.023438 0.050781
0 0.546875 0.904297 0.035156 0.058594
0 0.735352 0.903320 0.029297 0.052734
0 0.867188 0.917969 0.042969 0.039062
0 0.045898 0.966073 0.029297 0.064959
