0 0.500814 0.512301 0.030106 0.054993
0 0.542969 0.090820 0.027344 0.041016
0 0.172852 0.149414 0.025391 0.060547
0 0.128906 0.403320 0.042969 0.060547
0 0.783203 0.418945 0.039062 0.025391
0 0.855469 0.470703 0.035156 0.042969
0 0.676758 0.715820 0.029297 0.052734
0 0.822266 0.738281 0.050781 0.035156
0 0.742188 0.782227 0.054688 0.041016
0 0.827148 0.789062 0.044922 0.027344
0 0.917969 0.850586 0.027344 0.056641
0 0.609375 0.880859 0.023438 0.058594
0 0.840820 0.883789 0.041016 0.060547
0 0.461914 0.881836 0.048828 0.044922
0 0.244141 0.930664 0.050781 0.052734
0 0.809570 0.948242 0.064453 0.033203
