0 0.272986 0.434153 0.041497 0.081042
0 0.673828 0.017578 0.031250 0.035156
0 0.488281 0.063477 0.031250 0.056641
0 0.351562 0.119141 0.035156 0.050781
0 0.233398 0.153320 0.033203 0.072266
0 0.797852 0.155273 0.033203 0.056641
0 0.420898 0.162109 0.029297 0.050781
0 0.623047 0.254883 0.050781 0.056641
0 0.360352 0.256836 0.048828 0.052734
0 0.765625 0.257812 0.027344 0.054688
0 0.605469 0.362305 0.023438 0.044922
0 0.612305 0.434570 0.048828 0.080078
0 0.184570 0.457031 0.060547 0.054688
0 0.390625 0.586914 0.039062 0.064453
0 0.171875 0.625000 0.023438 0.046875
0 0.773438 0.828125 0.050781 0.074219
0 0.780273 0.942383 0.048828 0.052734
