0 0.263629 0.539797 0.073230 0.118669
0 0.206055 0.055664 0.025391 0.068359
0 0.389648 0.239258 0.048828 0.025391
0 0.109375 0.276367 0.031250 0.072266
0 0.010742 0.286133 0.021484 0.041016
0 0.424805 0.289062 0.021484 0.046875
0 0.281250 0.357422 0.054688 0.035156
0 0.239258 0.432617 0.033203 0.056641
0 0.172852 0.445312 0.029297 0.039062
0 0.069336 0.469727 0.052734 0.048828
0 0.890625 0.469727 0.039062 0.048828
0 0.091797 0.583008 0.046875 0.056641
0 0.815430 0.749023 0.041016 0.044922
0 0.517578 0.811523 0.027344 0.056641
0 0.905273 0.831055 0.048828 0.021484
0 0.805664 0.888672 0.060547 0.019531
0 0.874023 0.953125 0.044922 0.035156
