0 0.570382 0.713459 0.027665 0.052098
0 0.840820 0.117188 0.048828 0.050781
0 0.495117 0.130859 0.044922 0.054688
0 0.578125 0.248047 0.039062 0.074219
0 0.824219 0.262695 0.039062 0.056641
0 0.670898 0.295898 0.029297 0.037109
0 0.747070 0.356445 0.048828 0.021484
0 0.675781 0.414062 0.035156 0.070312
0 0.807617 0.511719 0.044922 0.082031
0 0.705078 0.531250 0.031250 0.066406
0 0.233398 0.543945 0.029297 0.037109
0 0.141602 0.601562 0.037109 0.093750
0 0.669922 0.624023 0.031250 0.056641
0 0.353516 0.675781 0.039062 0.058594
0 0.713867 0.745117 0.056641 0.068359
0 0.081055 0.749023 0.037109 0.052734
0 0.326172 0.799805 0.035156 0.044922
0 0.387695 0.856445 0.041016 0.041016
0 0.878906 0.860352 0.066406 0.044922
0 0.754883 0.862305 0.052734 0.037109
0 0.416016 0.969003 0.039062 0.059100
0 0.541016 0.953125 0.074219 0.019531
