0 0.327095 0.909551 0.027665 0.053546
0 0.397461 0.048828 0.041016 0.027344
0 0.328125 0.098633 0.023438 0.060547
0 0.359375 0.265625 0.031250 0.031250
0 0.453125 0.319336 0.027344 0.056641
0 0.359375 0.329102 0.035156 0.037109
0 0.671875 0.331055 0.031250 0.041016
0 0.297852 0.409180 0.025391 0.064453
0 0.485352 0.497070 0.021484 0.044922
0 0.061523 0.534180 0.044922 0.048828
0 0.169922 0.620117 0.027344 0.052734
0 0.820312 0.639648 0.035156 0.033203
0 0.266602 0.659180 0.029297 0.052734
0 0.765625 0.675781 0.031250 0.039062
0 0.138672 0.729492 0.027344 0.068359
0 0.328125 0.753906 0.031250 0.054688
0 0.452148 0.763672 0.033203 0.066406
0 0.796875 0.798828 0.027344 0.042969
0 0.708984 0.874023 0.035156 0.060547
0 0.950195 0.886719 0.037109 0.042969
0 0.831055 0.928711 0.041016 0.068359
0 0.124023 0.973886 0.044922 0.049334
0 0.258789 0.979745 0.033203 0.037615
