0 0.497559 0.572359 0.043124 0.068017
0 0.770508 0.042969 0.041016 0.035156
0 0.955078 0.085938 0.039062 0.054688
0 0.716797 0.119141 0.046875 0.082031
0 0.893555 0.124023 0.021484 0.056641
0 0.126953 0.232422 0.054688 0.035156
0 0.454102 0.270508 0.021484 0.083984
0 0.152344 0.390625 0.062500 0.089844
0 0.322266 0.392578 0.039062 0.031250
0 0.588867 0.411133 0.033203 0.048828
0 0.124023 0.517578 0.048828 0.082031
0 0.595703 0.500977 0.054688 0.048828
0 0.294922 0.547852 0.027344 0.052734
0 0.700195 0.624023 0.025391 0.056641
0 0.059570 0.673828 0.056641 0.023438
0 0.485352 0.692383 0.021484 0.048828
0 0.260742 0.705078 0.033203 0.039062
0 0.262695 0.831055 0.037109 0.064453
0 0.090820 0.877930 0.052734 0.072266
