0 0.397478 0.835745 0.026851 0.053546
0 0.777344 0.043945 0.042969 0.029297
0 0.954102 0.053711 0.033203 0.044922
0 0.408203 0.086914 0.050781 0.052734
0 0.454102 0.148438 0.029297 0.039062
0 0.041992 0.184570 0.033203 0.064453
0 0.793945 0.188477 0.021484 0.056641
0 0.518555 0.193359 0.033203 0.054688
0 0.095703 0.323242 0.058594 0.099609
0 0.794922 0.356445 0.035156 0.091797
0 0.547852 0.433594 0.021484 0.074219
0 0.717773 0.466797 0.048828 0.062500
0 0.421875 0.500977 0.027344 0.056641
0 0.356445 0.525391 0.033203 0.062500
0 0.644531 0.590820 0.027344 0.048828
0 0.441406 0.665039 0.046875 0.048828
0 0.271484 0.711914 0.042969 0.048828
0 0.358398 0.749023 0.025391 0.056641
0 0.206055 0.789062 0.029297 0.042969
0 0.505859 0.824219 0.042969 0.046875
0 0.293945 0.866211 0.033203 0.052734
0 0.797852 0.931641 0.029297 0.070312
