0 0.576078 0.683068 0.022783 0.060781
0 0.543945 0.054688 0.025391 0.050781
0 0.734375 0.075195 0.035156 0.033203
0 0.690430 0.168945 0.044922 0.025391
0 0.452148 0.206055 0.033203 0.033203
0 0.705078 0.237305 0.035156 0.037109
0 0.345703 0.260742 0.054688 0.044922
0 0.457031 0.361328 0.039062 0.031250
0 0.642578 0.416992 0.031250 0.107422
0 0.140625 0.451172 0.042969 0.042969
0 0.763672 0.473633 0.039062 0.052734
0 0.275391 0.483398 0.058594 0.037109
0 0.168945 0.518555 0.044922 0.025391
0 0.795898 0.544922 0.037109 0.035156
0 0.267578 0.583008 0.027344 0.064453
0 0.621094 0.574219 0.042969 0.027344
0 0.954102 0.616211 0.021484 0.048828
0 0.642578 0.707031 0.031250 0.062500
0 0.279297 0.763672 0.054688 0.093750
0 0.564453 0.779297 0.050781 0.050781
0 0.142578 0.794922 0.042969 0.039062
0 0.732422 0.903320 0.035156 0.056641
