0 0.682669 0.645441 0.030919 0.078148
0 0.988851 0.070312 0.020671 0.054688
0 0.563477 0.250000 0.056641 0.058594
0 0.741211 0.283203 0.029297 0.042969
0 0.772461 0.379883 0.083984 0.060547
0 0.513672 0.398438 0.027344 0.039062
0 0.125000 0.430664 0.039062 0.048828
0 0.141602 0.509766 0.021484 0.050781
0 0.247070 0.536133 0.041016 0.041016
0 0.169922 0.607422 0.015625 0.066406
0 0.800781 0.717773 0.035156 0.044922
0 0.759766 0.787109 0.023438 0.054688
0 0.862305 0.830078 0.029297 0.050781
0 0.544922 0.842773 0.031250 0.037109
0 0.378906 0.955331 0.058594 0.086443
