0 0.428397 0.495658 0.039870 0.056440
0 0.670898 0.066406 0.021484 0.046875
0 0.297852 0.210938 0.029297 0.046875
0 0.123047 0.237305 0.054688 0.033203
0 0.409180 0.277344 0.048828 0.054688
0 0.607422 0.352539 0.035156 0.068359
0 0.195312 0.403320 0.054688 0.068359
0 0.589844 0.442383 0.066406 0.052734
0 0.730469 0.474609 0.023438 0.046875
0 0.606445 0.533203 0.029297 0.058594
0 0.189453 0.527344 0.054688 0.039062
0 0.671875 0.576172 0.039062 0.042969
0 0.485352 0.621094 0.033203 0.062500
0 0.610352 0.640625 0.029297 0.062500
0 0.676758 0.706055 0.037109 0.044922
0 0.220703 0.722656 0.066406 0.066406
0 0.329102 0.764648 0.037109 0.060547
0 0.441406 0.784180 0.066406 0.056641
0 0.610352 0.829102 0.017578 0.068359
0 0.360352 0.889648 0.052734 0.037109
0 0.297852 0.949219 0.029297 0.054688
0 0.174805 0.951172 0.044922 0.042969
