0 0.444670 0.412446 0.048007 0.078148
0 0.795898 0.022461 0.025391 0.044922
0 0.296875 0.044922 0.031250 0.039062
0 0.952148 0.058594 0.025391 0.050781
0 0.451172 0.079102 0.039062 0.033203
0 0.386719 0.125000 0.023438 0.050781
0 0.295898 0.128906 0.029297 0.050781
0 0.828125 0.182617 0.023438 0.060547
0 0.451172 0.204102 0.031250 0.052734
0 0.619141 0.251953 0.042969 0.054688
0 0.358398 0.253906 0.029297 0.050781
0 0.469727 0.281250 0.052734 0.050781
0 0.795898 0.420898 0.037109 0.037109
0 0.878906 0.432617 0.050781 0.052734
0 0.672852 0.473633 0.037109 0.064453
0 0.135742 0.579102 0.041016 0.029297
0 0.640625 0.756836 0.042969 0.056641
0 0.160156 0.781250 0.042969 0.046875
0 0.828125 0.821289 0.027344 0.041016
0 0.075195 0.838867 0.029297 0.044922
0 0.727539 0.858398 0.041016 0.029297
0 0.110352 0.884766 0.029297 0.046875
0 0.889648 0.898438 0.025391 0.050781
0 0.362305 0.919922 0.033203 0.035156
