0 0.715622 0.673661 0.025224 0.050651
0 0.496094 0.200195 0.046875 0.029297
0 0.572266 0.241211 0.031250 0.052734
0 0.488281 0.346680 0.031250 0.044922
0 0.120117 0.363281 0.037109 0.039062
0 0.113281 0.430664 0.039062 0.060547
0 0.717773 0.465820 0.052734 0.044922
0 0.538086 0.457031 0.048828 0.023438
0 0.051758 0.495117 0.103516 0.068359
0 0.328125 0.490234 0.031250 0.050781
0 0.250000 0.534180 0.046875 0.044922
0 0.541992 0.552734 0.044922 0.042969
0 0.453125 0.835938 0.027344 0.046875
0 0.729492 0.913086 0.025391 0.060547
0 0.293945 0.921875 0.037109 0.042969
0 0.387695 0.941406 0.029297 0.046875
