0 0.377136 0.494211 0.044752 0.079595
0 0.448242 0.209961 0.029297 0.080078
0 0.354492 0.251953 0.060547 0.050781
0 0.529297 0.281250 0.062500 0.074219
0 0.126953 0.360352 0.050781 0.083984
0 0.389648 0.380859 0.021484 0.054688
0 0.451172 0.457031 0.023438 0.070312
0 0.547852 0.455078 0.033203 0.039062
0 0.895508 0.520508 0.080078 0.025391
0 0.518555 0.575195 0.029297 0.080078
0 0.605469 0.600586 0.085938 0.048828
0 0.235352 0.838867 0.029297 0.064453
0 0.063477 0.876953 0.041016 0.046875
0 0.408203 0.903320 0.058594 0.052734
