0 0.417819 0.424747 0.034988 0.068017
0 0.625000 0.013672 0.042969 0.027344
0 0.479492 0.129883 0.033203 0.064453
0 0.263672 0.142578 0.031250 0.039062
0 0.637695 0.183594 0.033203 0.066406
0 0.063477 0.183594 0.044922 0.046875
0 0.543945 0.282227 0.033203 0.056641
0 0.737305 0.367188 0.021484 0.097656
0 0.097656 0.424805 0.042969 0.033203
0 0.829102 0.440430 0.021484 0.056641
0 0.374023 0.470703 0.044922 0.050781
0 0.905273 0.591797 0.044922 0.054688
0 0.552734 0.637695 0.054688 0.056641
0 0.104492 0.647461 0.044922 0.037109
0 0.655273 0.666992 0.048828 0.041016
0 0.456055 0.687500 0.033203 0.070312
0 0.542969 0.748047 0.035156 0.058594
0 0.220703 0.841797 0.039062 0.042969
0 0.547852 0.929688 0.025391 0.050781
