0 0.604963 0.784370 0.028478 0.075253
0 0.362305 0.136719 0.044922 0.023438
0 0.076172 0.374023 0.035156 0.041016
0 0.150391 0.363281 0.054688 0.023438
0 0.503906 0.384766 0.062500 0.058594
0 0.254883 0.427734 0.041016 0.042969
0 0.047852 0.439453 0.025391 0.042969
0 0.544922 0.479492 0.074219 0.087891
0 0.660156 0.502930 0.050781 0.072266
0 0.891602 0.504883 0.033203 0.064453
0 0.816406 0.579102 0.042969 0.025391
0 0.104492 0.726562 0.037109 0.066406
0 0.544922 0.723633 0.023438 0.064453
0 0.803711 0.765625 0.056641 0.039062
0 0.105469 0.794922 0.039062 0.039062
0 0.123047 0.894531 0.054688 0.027344
0 0.798828 0.917969 0.019531 0.062500
0 0.295898 0.932617 0.025391 0.072266
0 0.729492 0.930664 0.025391 0.056641
0 0.174805 0.935547 0.025391 0.050781
0 0.885742 0.945312 0.029297 0.058594
