0 0.279089 0.267004 0.055330 0.094067
0 0.245117 0.046875 0.048828 0.031250
0 0.046875 0.111328 0.027344 0.039062
0 0.616211 0.141602 0.033203 0.037109
0 0.768555 0.221680 0.029297 0.060547
0 0.545898 0.378906 0.021484 0.050781
0 0.200195 0.457031 0.021484 0.046875
0 0.067383 0.501953 0.052734 0.050781
0 0.464844 0.625977 0.046875 0.048828
0 0.220703 0.656250 0.054688 0.062500
0 0.806641 0.659180 0.054688 0.052734
0 0.854492 0.755859 0.033203 0.050781
0 0.592773 0.898438 0.041016 0.050781
0 0.296875 0.959237 0.019531 0.078631
0 0.227539 0.953125 0.029297 0.039062
