0 0.414565 0.424023 0.026851 0.052098
0 0.763672 0.017578 0.035156 0.035156
0 0.483398 0.059570 0.025391 0.048828
0 0.761719 0.107422 0.042969 0.050781
0 0.112305 0.112305 0.033203 0.052734
0 0.356445 0.112305 0.033203 0.041016
0 0.218750 0.242188 0.066406 0.101562
0 0.014648 0.256836 0.029297 0.052734
0 0.141602 0.297852 0.037109 0.033203
0 0.894531 0.377930 0.023438 0.052734
0 0.172852 0.424805 0.029297 0.037109
0 0.830078 0.442383 0.035156 0.068359
0 0.700195 0.436523 0.029297 0.048828
0 0.263672 0.476562 0.035156 0.058594
0 0.736328 0.501953 0.023438 0.058594
0 0.824219 0.546875 0.027344 0.039062
0 0.745117 0.640625 0.056641 0.039062
0 0.655273 0.647461 0.056641 0.041016
0 0.562500 0.733398 0.050781 0.025391
0 0.682617 0.822266 0.064453 0.054688
0 0.389648 0.864258 0.033203 0.095703
0 0.577148 0.902344 0.033203 0.089844
0 0.099609 0.901367 0.062500 0.052734
