0 0.362897 0.789436 0.073230 0.137482
0 0.515625 0.148438 0.023438 0.085938
0 0.025391 0.360352 0.050781 0.025391
0 0.099609 0.372070 0.070312 0.048828
0 0.190430 0.387695 0.044922 0.068359
0 0.739258 0.469727 0.033203 0.044922
0 0.486328 0.498047 0.015625 0.070312
0 0.612305 0.527344 0.025391 0.085938
0 0.791992 0.578125 0.037109 0.046875
0 0.983968 0.584961 0.030436 0.029297
0 0.888672 0.621094 0.019531 0.058594
0 0.206055 0.865234 0.025391 0.097656
0 0.143555 0.871094 0.033203 0.042969
0 0.938477 0.938477 0.044922 0.048828
