0 0.494711 0.924023 0.030919 0.050651
0 0.462891 0.075195 0.046875 0.041016
0 0.641602 0.107422 0.037109 0.050781
0 0.160156 0.124023 0.050781 0.060547
0 0.860352 0.125977 0.025391 0.056641
0 0.329102 0.187500 0.033203 0.070312
0 0.604492 0.216797 0.076172 0.054688
0 0.955078 0.229492 0.031250 0.048828
0 0.832031 0.286133 0.035156 0.048828
0 0.891602 0.509766 0.033203 0.062500
0 0.340820 0.531250 0.044922 0.066406
0 0.794922 0.545898 0.035156 0.044922
0 0.083008 0.635742 0.037109 0.080078
0 0.857422 0.630859 0.031250 0.062500
0 0.493164 0.733398 0.044922 0.029297
0 0.956055 0.822266 0.033203 0.078125
0 0.153320 0.969003 0.056641 0.059100
