0 0.686330 0.531838 0.036615 0.065123
0 0.641602 0.041016 0.013672 0.082031
0 0.579102 0.166016 0.029297 0.082031
0 0.233398 0.231445 0.025391 0.060547
0 0.485352 0.249023 0.041016 0.044922
0 0.046875 0.315430 0.023438 0.072266
0 0.269531 0.328125 0.035156 0.035156
0 0.768555 0.336914 0.025391 0.052734
0 0.477539 0.441406 0.080078 0.058594
0 0.362305 0.486328 0.033203 0.042969
0 0.861328 0.544922 0.031250 0.042969
0 0.263672 0.600586 0.031250 0.064453
0 0.830078 0.638672 0.039062 0.066406
0 0.298828 0.717773 0.035156 0.060547
0 0.719727 0.769531 0.048828 0.085938
0 0.830078 0.756836 0.023438 0.048828
0 0.770508 0.883789 0.037109 0.060547
