0 0.677787 0.504342 0.022783 0.036179
0 0.239258 0.015625 0.037109 0.031250
0 0.580078 0.119141 0.039062 0.054688
0 0.410156 0.125000 0.046875 0.046875
0 0.843750 0.159180 0.050781 0.056641
0 0.236328 0.204102 0.031250 0.041016
0 0.497070 0.202148 0.052734 0.025391
0 0.311523 0.223633 0.056641 0.048828
0 0.159180 0.249023 0.048828 0.048828
0 0.546875 0.263672 0.035156 0.039062
0 0.422852 0.382812 0.033203 0.089844
0 0.199219 0.477539 0.046875 0.044922
0 0.345703 0.500000 0.050781 0.054688
0 0.512695 0.514648 0.029297 0.080078
0 0.577148 0.510742 0.033203 0.044922
0 0.860352 0.532227 0.025391 0.048828
0 0.067383 0.547852 0.048828 0.041016
0 0.798828 0.610352 0.035156 0.091797
0 0.955078 0.640625 0.015625 0.074219
0 0.453125 0.736328 0.031250 0.035156
0 0.736328 0.790039 0.035156 0.056641
0 0.266602 0.897461 0.029297 0.041016
0 0.504883 0.920898 0.041016 0.076172
