0 0.358015 0.829233 0.029292 0.054993
0 0.672852 0.131836 0.037109 0.060547
0 0.389648 0.140625 0.033203 0.039062
0 0.979085 0.169922 0.040202 0.023438
0 0.087891 0.188477 0.046875 0.056641
0 0.784180 0.234375 0.052734 0.042969
0 0.264648 0.284180 0.025391 0.048828
0 0.108398 0.318359 0.033203 0.062500
0 0.793945 0.375000 0.037109 0.062500
0 0.547852 0.437500 0.044922 0.070312
0 0.673828 0.534180 0.039062 0.068359
0 0.200195 0.531250 0.025391 0.046875
0 0.762695 0.578125 0.044922 0.039062
0 0.925781 0.618164 0.035156 0.072266
0 0.168945 0.638672 0.037109 0.031250
0 0.545898 0.664062 0.037109 0.078125
0 0.096680 0.787109 0.052734 0.066406
0 0.796875 0.785156 0.046875 0.058594
0 0.229492 0.808594 0.041016 0.066406
0 0.641602 0.826172 0.041016 0.042969
0 0.529297 0.826172 0.050781 0.031250
0 0.608398 0.887695 0.033203 0.048828
0 0.670898 0.964120 0.029297 0.068865
0 0.326172 0.969003 0.027344 0.059100
