0 0.478031 0.895080 0.049634 0.082489
0 0.861328 0.095703 0.031250 0.058594
0 0.293945 0.125000 0.033203 0.062500
0 0.121094 0.221680 0.050781 0.052734
0 0.386719 0.238281 0.031250 0.085938
0 0.891602 0.307617 0.033203 0.056641
0 0.588867 0.361328 0.044922 0.097656
0 0.404297 0.380859 0.058594 0.058594
0 0.793945 0.392578 0.029297 0.039062
0 0.080078 0.431641 0.031250 0.070312
0 0.294922 0.435547 0.031250 0.058594
0 0.358398 0.487305 0.037109 0.060547
0 0.708984 0.621094 0.039062 0.050781
0 0.424805 0.625977 0.025391 0.048828
0 0.516602 0.695312 0.037109 0.070312
0 0.800781 0.715820 0.039062 0.064453
0 0.171875 0.862305 0.023438 0.080078
0 0.391602 0.910156 0.037109 0.074219
0 0.673828 0.954102 0.042969 0.048828
