0 0.469894 0.395803 0.069162 0.117221
0 0.800781 0.095703 0.050781 0.042969
0 0.381836 0.248047 0.044922 0.062500
0 0.226562 0.233398 0.042969 0.029297
0 0.769531 0.291016 0.035156 0.035156
0 0.171875 0.293945 0.039062 0.029297
0 0.116211 0.361328 0.025391 0.050781
0 0.297852 0.372070 0.025391 0.044922
0 0.926758 0.407227 0.033203 0.052734
0 0.327148 0.458008 0.029297 0.052734
0 0.245117 0.467773 0.060547 0.048828
0 0.858398 0.536133 0.021484 0.048828
0 0.320312 0.596680 0.050781 0.044922
0 0.948242 0.619141 0.029297 0.058594
0 0.479492 0.630859 0.029297 0.046875
0 0.481445 0.764648 0.064453 0.017578
0 0.757812 0.891602 0.031250 0.041016
0 0.799805 0.958984 0.044922 0.027344
