0 0.626119 0.602750 0.030106 0.050651
0 0.823242 0.046875 0.041016 0.035156
0 0.732422 0.088867 0.035156 0.060547
0 0.514648 0.111328 0.044922 0.027344
0 0.939453 0.108398 0.046875 0.021484
0 0.577148 0.179688 0.025391 0.128906
0 0.223633 0.181641 0.048828 0.074219
0 0.466797 0.229492 0.046875 0.025391
0 0.779297 0.278320 0.054688 0.111328
0 0.900391 0.276367 0.050781 0.060547
0 0.486328 0.326172 0.031250 0.039062
0 0.233398 0.497070 0.033203 0.068359
0 0.168945 0.574219 0.037109 0.042969
0 0.404297 0.592773 0.046875 0.044922
0 0.780273 0.656250 0.044922 0.054688
0 0.591797 0.709961 0.046875 0.041016
0 0.701172 0.723633 0.035156 0.048828
0 0.606445 0.830078 0.025391 0.093750
0 0.671875 0.810547 0.023438 0.058594
