0 0.580553 0.622287 0.028478 0.049204
0 0.415039 0.065430 0.033203 0.052734
0 0.702148 0.050781 0.048828 0.023438
0 0.063477 0.092773 0.041016 0.044922
0 0.545898 0.107422 0.037109 0.046875
0 0.638672 0.132812 0.035156 0.058594
0 0.296875 0.204102 0.019531 0.068359
0 0.769531 0.229492 0.031250 0.037109
0 0.393555 0.291992 0.029297 0.072266
0 0.716797 0.279297 0.042969 0.046875
0 0.329102 0.409180 0.021484 0.048828
0 0.611328 0.420898 0.031250 0.033203
0 0.485352 0.427734 0.029297 0.042969
0 0.422852 0.436523 0.025391 0.048828
0 0.637695 0.507812 0.033203 0.062500
0 0.425781 0.621094 0.031250 0.062500
0 0.108398 0.655273 0.029297 0.052734
0 0.261719 0.721680 0.035156 0.052734
0 0.078125 0.740234 0.027344 0.039062
0 0.452148 0.769531 0.021484 0.078125
0 0.625977 0.755859 0.060547 0.050781
0 0.745117 0.798828 0.052734 0.074219
0 0.519531 0.835938 0.035156 0.050781
