0 0.665989 0.413893 0.021969 0.034732
0 0.456055 0.047852 0.037109 0.033203
0 0.700195 0.047852 0.041016 0.033203
0 0.112305 0.062500 0.021484 0.050781
0 0.471680 0.168945 0.056641 0.044922
0 0.047852 0.192383 0.029297 0.048828
0 0.737305 0.201172 0.033203 0.039062
0 0.625977 0.202148 0.048828 0.017578
0 0.231445 0.230469 0.041016 0.046875
0 0.326172 0.288086 0.035156 0.056641
0 0.642578 0.292969 0.042969 0.042969
0 0.482422 0.308594 0.035156 0.058594
0 0.578125 0.300781 0.031250 0.039062
0 0.231445 0.314453 0.025391 0.054688
0 0.382812 0.361328 0.054688 0.042969
0 0.953125 0.451172 0.031250 0.035156
0 0.433594 0.482422 0.058594 0.035156
0 0.553711 0.595703 0.044922 0.062500
0 0.766602 0.581055 0.037109 0.037109
0 0.396484 0.613281 0.039062 0.050781
0 0.484375 0.691406 0.039062 0.078125
0 0.265625 0.799805 0.042969 0.056641
0 0.610352 0.797852 0.033203 0.033203
0 0.198242 0.908203 0.048828 0.066406
0 0.145508 0.985605 0.033203 0.025897
