0 0.506103 0.522431 0.035801 0.063676
0 0.236328 0.097656 0.031250 0.058594
0 0.697266 0.112305 0.039062 0.033203
0 0.947266 0.116211 0.039062 0.033203
0 0.590820 0.144531 0.041016 0.027344
0 0.417969 0.183594 0.035156 0.058594
0 0.347656 0.221680 0.046875 0.041016
0 0.457031 0.351562 0.035156 0.054688
0 0.624023 0.361328 0.048828 0.031250
0 0.198242 0.411133 0.033203 0.048828
0 0.876953 0.426758 0.062500 0.056641
0 0.143555 0.556641 0.044922 0.093750
0 0.875977 0.592773 0.056641 0.056641
0 0.546875 0.636719 0.035156 0.078125
0 0.123047 0.683594 0.042969 0.050781
0 0.456055 0.686523 0.029297 0.056641
0 0.721680 0.699219 0.048828 0.031250
0 0.349609 0.778320 0.046875 0.087891
0 0.612305 0.796875 0.033203 0.035156
0 0.531250 0.910156 0.050781 0.066406
0 0.156250 0.907227 0.042969 0.044922
