0 0.554923 0.333575 0.022783 0.044863
0 0.784180 0.061523 0.044922 0.048828
0 0.497070 0.104492 0.052734 0.033203
0 0.249023 0.111328 0.052734 0.031250
0 0.672852 0.112305 0.041016 0.037109
0 0.564453 0.150391 0.039062 0.046875
0 0.638672 0.325195 0.050781 0.029297
0 0.561523 0.420898 0.056641 0.025391
0 0.156250 0.438477 0.050781 0.044922
0 0.746094 0.462891 0.054688 0.074219
0 0.858398 0.458008 0.029297 0.056641
0 0.456055 0.525391 0.044922 0.046875
0 0.938477 0.627930 0.048828 0.060547
0 0.143555 0.670898 0.037109 0.048828
0 0.889648 0.692383 0.021484 0.052734
0 0.611328 0.767578 0.042969 0.042969
0 0.519531 0.762695 0.082031 0.025391
0 0.362305 0.860352 0.037109 0.033203
0 0.830078 0.874023 0.039062 0.052734
0 0.077148 0.890625 0.033203 0.070312
0 0.458008 0.930664 0.033203 0.064453
0 0.516602 0.928711 0.041016 0.041016
0 0.388672 0.969980 0.019531 0.057147
