0 0.485761 0.685239 0.026037 0.056440
0 0.051758 0.098633 0.037109 0.052734
0 0.403320 0.112305 0.048828 0.076172
0 0.546875 0.109375 0.027344 0.035156
0 0.857422 0.158203 0.035156 0.050781
0 0.579102 0.200195 0.033203 0.037109
0 0.832031 0.256836 0.019531 0.048828
0 0.489258 0.267578 0.076172 0.031250
0 0.904297 0.392578 0.050781 0.035156
0 0.833008 0.418945 0.033203 0.048828
0 0.134766 0.422852 0.042969 0.041016
0 0.513672 0.452148 0.046875 0.095703
0 0.858398 0.492188 0.033203 0.042969
0 0.139648 0.529297 0.048828 0.058594
0 0.704102 0.595703 0.041016 0.066406
0 0.603516 0.580078 0.070312 0.023438
0 0.576172 0.639648 0.042969 0.041016
0 0.340820 0.735352 0.048828 0.052734
0 0.631836 0.756836 0.048828 0.056641
0 0.420898 0.769531 0.021484 0.062500
0 0.205078 0.785156 0.031250 0.054688
0 0.356445 0.891602 0.037109 0.037109
0 0.652344 0.891602 0.050781 0.037109
