0 0.519121 0.461650 0.040683 0.063676
0 0.920898 0.065430 0.021484 0.056641
0 0.139648 0.081055 0.029297 0.080078
0 0.358398 0.177734 0.025391 0.042969
0 0.765625 0.189453 0.031250 0.062500
0 0.545898 0.235352 0.029297 0.080078
0 0.439453 0.250977 0.050781 0.064453
0 0.046875 0.280273 0.027344 0.060547
0 0.671875 0.378906 0.035156 0.070312
0 0.765625 0.372070 0.027344 0.056641
0 0.262695 0.431641 0.033203 0.062500
0 0.331055 0.456055 0.033203 0.060547
0 0.208984 0.625977 0.031250 0.052734
0 0.986898 0.632812 0.024577 0.062500
0 0.423828 0.641602 0.031250 0.068359
0 0.868164 0.676758 0.044922 0.044922
0 0.107422 0.739258 0.031250 0.044922
0 0.859375 0.745117 0.019531 0.060547
0 0.251953 0.830078 0.058594 0.046875
0 0.933594 0.883789 0.046875 0.080078
0 0.714844 0.899414 0.046875 0.052734
0 0.299805 0.902344 0.033203 0.050781
0 0.065430 0.909180 0.048828 0.056641
0 0.166016 0.940430 0.035156 0.064453
0 0.644531 0.933594 0.027344 0.046875
