0 0.713588 0.523155 0.029292 0.047757
0 0.347656 0.066406 0.058594 0.058594
0 0.045898 0.092773 0.021484 0.048828
0 0.656250 0.112305 0.046875 0.025391
0 0.077148 0.249023 0.037109 0.068359
0 0.657227 0.275391 0.044922 0.058594
0 0.920898 0.267578 0.025391 0.042969
0 0.232422 0.346680 0.023438 0.048828
0 0.393555 0.464844 0.037109 0.054688
0 0.978109 0.511719 0.042155 0.027344
0 0.236328 0.523438 0.050781 0.027344
0 0.231445 0.593750 0.037109 0.074219
0 0.957031 0.629883 0.019531 0.048828
0 0.344727 0.734375 0.044922 0.082031
0 0.135742 0.875000 0.037109 0.050781
0 0.492188 0.865234 0.050781 0.019531
0 0.372070 0.921875 0.041016 0.031250
