0 0.515460 0.261939 0.030106 0.049204
0 0.575195 0.017578 0.033203 0.035156
0 0.127930 0.047852 0.048828 0.033203
0 0.781250 0.110352 0.046875 0.076172
0 0.671875 0.141602 0.039062 0.041016
0 0.506836 0.190430 0.072266 0.064453
0 0.079102 0.202148 0.037109 0.041016
0 0.356445 0.233398 0.037109 0.041016
0 0.358398 0.296875 0.033203 0.035156
0 0.750977 0.379883 0.048828 0.056641
0 0.512695 0.437500 0.033203 0.066406
0 0.706055 0.478516 0.033203 0.046875
0 0.889648 0.490234 0.029297 0.042969
0 0.076172 0.500977 0.019531 0.044922
0 0.592773 0.549805 0.048828 0.087891
0 0.203125 0.550781 0.027344 0.046875
0 0.125977 0.697266 0.048828 0.078125
0 0.909180 0.737305 0.044922 0.029297
0 0.422852 0.765625 0.029297 0.035156
0 0.143555 0.825195 0.033203 0.064453
0 0.781250 0.871094 0.054688 0.062500
0 0.888672 0.867188 0.039062 0.050781
0 0.478516 0.913086 0.035156 0.041016
