0 0.531326 0.500000 0.037429 0.062229
0 0.797852 0.086914 0.025391 0.048828
0 0.420898 0.329102 0.029297 0.041016
0 0.164062 0.349609 0.035156 0.050781
0 0.603516 0.358398 0.027344 0.041016
0 0.726562 0.357422 0.039062 0.031250
0 0.678711 0.374023 0.037109 0.044922
0 0.494141 0.391602 0.042969 0.033203
0 0.753906 0.423828 0.085938 0.035156
0 0.704102 0.603516 0.033203 0.039062
0 0.090820 0.605469 0.044922 0.023438
0 0.295898 0.653320 0.025391 0.076172
0 0.961914 0.667969 0.041016 0.031250
0 0.594727 0.734375 0.048828 0.078125
0 0.861328 0.780273 0.031250 0.064453
0 0.514648 0.869141 0.025391 0.046875
0 0.721680 0.932617 0.048828 0.064453
