0 0.420667 0.619392 0.053702 0.078148
0 0.481445 0.046875 0.041016 0.039062
0 0.264648 0.110352 0.037109 0.072266
0 0.904297 0.151367 0.054688 0.060547
0 0.153320 0.171875 0.048828 0.023438
0 0.763672 0.192383 0.039062 0.064453
0 0.546875 0.221680 0.035156 0.064453
0 0.045898 0.296875 0.037109 0.035156
0 0.109375 0.294922 0.035156 0.035156
0 0.141602 0.369141 0.029297 0.046875
0 0.576172 0.398438 0.027344 0.042969
0 0.655273 0.438477 0.060547 0.119141
0 0.420898 0.459961 0.025391 0.115234
0 0.812500 0.494141 0.058594 0.132812
0 0.891602 0.450195 0.037109 0.048828
0 0.170898 0.515625 0.033203 0.039062
0 0.184570 0.640625 0.052734 0.031250
0 0.795898 0.768555 0.033203 0.037109
0 0.140625 0.796875 0.035156 0.035156
0 0.518555 0.810547 0.033203 0.058594
0 0.731445 0.923828 0.037109 0.082031
0 0.458008 0.922852 0.033203 0.041016
0 0.390625 0.981698 0.031250 0.033709
