0 0.687551 0.563676 0.019528 0.041968
0 0.375977 0.055664 0.044922 0.044922
0 0.513672 0.211914 0.031250 0.095703
0 0.761719 0.230469 0.027344 0.066406
0 0.848633 0.226562 0.048828 0.039062
0 0.580078 0.374023 0.027344 0.048828
0 0.678711 0.390625 0.048828 0.031250
0 0.753906 0.440430 0.046875 0.044922
0 0.078125 0.496094 0.023438 0.046875
0 0.830078 0.605469 0.039062 0.085938
0 0.144531 0.603516 0.023438 0.050781
0 0.749023 0.671875 0.052734 0.085938
0 0.867188 0.671875 0.039062 0.031250
0 0.125000 0.732422 0.054688 0.046875
0 0.359375 0.781250 0.027344 0.070312
0 0.047852 0.897461 0.025391 0.041016
0 0.327148 0.915039 0.033203 0.044922
0 0.923828 0.986581 0.035156 0.023943
