0 0.475590 0.476845 0.023596 0.044863
0 0.485352 0.073242 0.025391 0.072266
0 0.828125 0.131836 0.031250 0.056641
0 0.421875 0.188477 0.031250 0.068359
0 0.515625 0.182617 0.039062 0.056641
0 0.986898 0.183594 0.024577 0.042969
0 0.452148 0.301758 0.025391 0.072266
0 0.141602 0.328125 0.021484 0.066406
0 0.264648 0.372070 0.037109 0.072266
0 0.577148 0.394531 0.017578 0.058594
0 0.855469 0.417969 0.031250 0.035156
0 0.655273 0.504883 0.044922 0.048828
0 0.826172 0.555664 0.023438 0.052734
0 0.218750 0.753906 0.058594 0.066406
0 0.607422 0.792969 0.023438 0.070312
0 0.316406 0.793945 0.050781 0.029297
0 0.077148 0.859375 0.021484 0.074219
0 0.670898 0.885742 0.021484 0.091797
0 0.201172 0.887695 0.027344 0.080078
