0 0.351098 0.553546 0.051261 0.082489
0 0.353516 0.121094 0.027344 0.042969
0 0.641602 0.203125 0.037109 0.031250
0 0.544922 0.253906 0.031250 0.058594
0 0.264648 0.260742 0.017578 0.064453
0 0.263672 0.333008 0.023438 0.060547
0 0.409180 0.343750 0.048828 0.050781
0 0.775391 0.394531 0.050781 0.035156
0 0.650391 0.416016 0.058594 0.058594
0 0.615234 0.591797 0.042969 0.054688
0 0.188477 0.580078 0.052734 0.023438
0 0.261719 0.647461 0.027344 0.080078
0 0.729492 0.828125 0.029297 0.074219
0 0.204102 0.896484 0.029297 0.046875
0 0.419922 0.932617 0.023438 0.072266
0 0.290039 0.934570 0.044922 0.037109
0 0.796875 0.958008 0.039062 0.025391
