0 0.242880 0.831404 0.057771 0.088278
0 0.047852 0.142578 0.033203 0.062500
0 0.749023 0.151367 0.048828 0.044922
0 0.327148 0.207031 0.037109 0.074219
0 0.607422 0.371094 0.031250 0.066406
0 0.062500 0.465820 0.050781 0.111328
0 0.900391 0.450195 0.046875 0.048828
0 0.203125 0.487305 0.035156 0.068359
0 0.728516 0.485352 0.031250 0.037109
0 0.828125 0.505859 0.031250 0.062500
0 0.857422 0.815430 0.031250 0.056641
0 0.734375 0.814453 0.019531 0.050781
0 0.046875 0.842773 0.039062 0.052734
0 0.743164 0.890625 0.052734 0.031250
0 0.455078 0.922852 0.039062 0.041016
