0 0.586249 0.471780 0.023596 0.040521
0 0.500000 0.060547 0.058594 0.058594
0 0.735352 0.055664 0.021484 0.048828
0 0.139648 0.098633 0.041016 0.068359
0 0.047852 0.150391 0.033203 0.058594
0 0.761719 0.180664 0.023438 0.064453
0 0.267578 0.223633 0.035156 0.052734
0 0.108398 0.234375 0.033203 0.035156
0 0.814453 0.243164 0.054688 0.056641
0 0.735352 0.373047 0.017578 0.062500
0 0.076172 0.423828 0.031250 0.046875
0 0.953125 0.483398 0.035156 0.037109
0 0.871094 0.684570 0.046875 0.068359
0 0.568359 0.689453 0.050781 0.066406
0 0.734375 0.758789 0.015625 0.083984
0 0.954102 0.749023 0.029297 0.052734
0 0.609375 0.755859 0.019531 0.046875
0 0.294922 0.806641 0.027344 0.070312
0 0.907227 0.842773 0.052734 0.064453
0 0.494141 0.911133 0.050781 0.056641
0 0.827148 0.923828 0.017578 0.074219
