0 0.617168 0.451520 0.067535 0.098408
0 0.342773 0.026367 0.052734 0.052734
0 0.816406 0.206055 0.062500 0.095703
0 0.032227 0.173828 0.064453 0.019531
0 0.658203 0.232422 0.054688 0.066406
0 0.895508 0.268555 0.041016 0.041016
0 0.169922 0.310547 0.039062 0.082031
0 0.751953 0.311523 0.042969 0.052734
0 0.953125 0.340820 0.035156 0.064453
0 0.796875 0.392578 0.039062 0.078125
0 0.455078 0.444336 0.042969 0.107422
0 0.905273 0.439453 0.060547 0.066406
0 0.360352 0.625000 0.025391 0.058594
0 0.265625 0.657227 0.031250 0.068359
0 0.127930 0.678711 0.056641 0.048828
0 0.848633 0.687500 0.052734 0.062500
0 0.986898 0.681641 0.024577 0.039062
0 0.687500 0.730469 0.050781 0.031250
0 0.108398 0.756836 0.029297 0.060547
0 0.203125 0.797852 0.019531 0.068359
0 0.330078 0.798828 0.019531 0.070312
0 0.891602 0.801758 0.048828 0.080078
0 0.911133 0.901367 0.052734 0.056641
