0 0.629780 0.624457 0.068348 0.140376
0 0.907227 0.130859 0.060547 0.062500
0 0.832031 0.191406 0.074219 0.058594
0 0.765625 0.328125 0.035156 0.035156
0 0.853516 0.404297 0.070312 0.078125
0 0.169922 0.533203 0.023438 0.050781
0 0.363281 0.586914 0.039062 0.048828
0 0.782227 0.771484 0.056641 0.093750
0 0.439453 0.803711 0.058594 0.095703
0 0.718750 0.840820 0.062500 0.076172
0 0.830078 0.844727 0.023438 0.056641
0 0.199219 0.902344 0.031250 0.062500
0 0.858398 0.937753 0.017578 0.121600
0 0.438477 0.968026 0.060547 0.061053
