0 0.544752 0.521708 0.036615 0.056440
0 0.533203 0.108398 0.058594 0.091797
0 0.730469 0.201172 0.039062 0.140625
0 0.094727 0.251953 0.056641 0.113281
0 0.426758 0.221680 0.044922 0.048828
0 0.376953 0.268555 0.054688 0.083984
0 0.892578 0.404297 0.050781 0.070312
0 0.296875 0.411133 0.031250 0.072266
0 0.545898 0.437500 0.029297 0.054688
0 0.658203 0.475586 0.054688 0.123047
0 0.454102 0.482422 0.033203 0.074219
0 0.294922 0.478516 0.031250 0.042969
0 0.221680 0.619141 0.052734 0.070312
0 0.794922 0.696289 0.031250 0.064453
0 0.798828 0.772461 0.023438 0.068359
0 0.077148 0.843750 0.037109 0.070312
0 0.528320 0.913086 0.056641 0.091797
0 0.903320 0.917969 0.056641 0.082031
0 0.627930 0.955078 0.041016 0.027344
