0 0.496338 0.554993 0.034174 0.053546
0 0.637695 0.216797 0.033203 0.101562
0 0.110352 0.260742 0.037109 0.037109
0 0.203125 0.276367 0.023438 0.048828
0 0.688477 0.359375 0.060547 0.089844
0 0.121094 0.372070 0.062500 0.076172
0 0.203125 0.399414 0.023438 0.060547
0 0.749023 0.456055 0.060547 0.083984
0 0.702148 0.595703 0.091797 0.070312
0 0.556641 0.615234 0.074219 0.082031
0 0.736328 0.733398 0.035156 0.033203
0 0.406250 0.747070 0.050781 0.044922
0 0.296875 0.795898 0.019531 0.068359
0 0.066406 0.885742 0.050781 0.037109
0 0.437500 0.922852 0.050781 0.076172
0 0.662109 0.966073 0.062500 0.064959
0 0.075195 0.968026 0.029297 0.061053
