0 0.374695 0.628799 0.034988 0.062229
0 0.328125 0.028320 0.023438 0.056641
0 0.465820 0.041992 0.048828 0.033203
0 0.612305 0.049805 0.041016 0.033203
0 0.866211 0.106445 0.044922 0.048828
0 0.405273 0.155273 0.048828 0.052734
0 0.156250 0.190430 0.058594 0.056641
0 0.328125 0.195312 0.023438 0.054688
0 0.579102 0.283203 0.076172 0.054688
0 0.917969 0.344727 0.023438 0.044922
0 0.046875 0.422852 0.035156 0.044922
0 0.157227 0.448242 0.056641 0.037109
0 0.617188 0.468750 0.046875 0.058594
0 0.280273 0.481445 0.048828 0.029297
0 0.402344 0.553711 0.042969 0.037109
0 0.439453 0.570312 0.042969 0.050781
0 0.656250 0.625000 0.058594 0.125000
0 0.079102 0.617188 0.029297 0.101562
0 0.232422 0.612305 0.035156 0.087891
0 0.479492 0.684570 0.056641 0.056641
0 0.230469 0.740234 0.035156 0.039062
0 0.649414 0.805664 0.041016 0.064453
0 0.192383 0.828125 0.044922 0.089844
0 0.420898 0.812500 0.025391 0.054688
0 0.590820 0.849609 0.048828 0.058594
0 0.704102 0.889648 0.033203 0.037109
