0 0.510171 0.539074 0.027665 0.047757
0 0.751953 0.010742 0.039062 0.021484
0 0.417969 0.046875 0.031250 0.042969
0 0.203125 0.090820 0.082031 0.060547
0 0.298828 0.093750 0.031250 0.062500
0 0.673828 0.100586 0.035156 0.048828
0 0.418945 0.171875 0.029297 0.093750
0 0.794922 0.328125 0.039062 0.039062
0 0.873047 0.347656 0.054688 0.062500
0 0.347656 0.357422 0.062500 0.023438
0 0.159180 0.402344 0.052734 0.050781
0 0.309570 0.444336 0.044922 0.056641
0 0.516602 0.458008 0.033203 0.068359
0 0.987874 0.660156 0.022624 0.042969
0 0.307617 0.674805 0.044922 0.068359
0 0.514648 0.719727 0.025391 0.068359
0 0.579102 0.775391 0.033203 0.062500
0 0.124023 0.793945 0.048828 0.021484
0 0.203125 0.839844 0.031250 0.054688
0 0.638672 0.845703 0.078125 0.050781
0 0.908203 0.860352 0.054688 0.025391
0 0.110352 0.904297 0.029297 0.062500
0 0.502930 0.934570 0.060547 0.056641
