0 0.430431 0.835745 0.029292 0.056440
0 0.296875 0.045898 0.035156 0.033203
0 0.438477 0.080078 0.123047 0.089844
0 0.796875 0.045898 0.078125 0.021484
0 0.987874 0.101562 0.022624 0.058594
0 0.641602 0.192383 0.083984 0.103516
0 0.203125 0.262695 0.035156 0.044922
0 0.281250 0.407227 0.058594 0.052734
0 0.388672 0.409180 0.027344 0.044922
0 0.797852 0.451172 0.041016 0.035156
0 0.275391 0.481445 0.054688 0.033203
0 0.620117 0.561523 0.052734 0.111328
0 0.910156 0.560547 0.054688 0.066406
0 0.221680 0.598633 0.052734 0.068359
0 0.532227 0.713867 0.056641 0.060547
0 0.491211 0.866211 0.044922 0.095703
0 0.779297 0.859375 0.042969 0.066406
