0 0.442636 0.824891 0.048820 0.095514
0 0.249023 0.013672 0.052734 0.027344
0 0.840820 0.154297 0.052734 0.062500
0 0.281250 0.162109 0.058594 0.054688
0 0.410156 0.201172 0.054688 0.074219
0 0.592773 0.250977 0.041016 0.041016
0 0.487305 0.335938 0.025391 0.066406
0 0.035156 0.326172 0.046875 0.031250
0 0.566406 0.329102 0.039062 0.037109
0 0.295898 0.429688 0.037109 0.070312
0 0.861328 0.417969 0.035156 0.042969
0 0.712891 0.439453 0.050781 0.062500
0 0.387695 0.515625 0.025391 0.042969
0 0.577148 0.529297 0.029297 0.066406
0 0.840820 0.580078 0.056641 0.046875
0 0.984945 0.621094 0.028483 0.042969
0 0.656250 0.724609 0.058594 0.074219
0 0.253906 0.757812 0.054688 0.078125
0 0.068359 0.781250 0.066406 0.109375
0 0.187500 0.831055 0.054688 0.068359
0 0.954102 0.893555 0.033203 0.076172
0 0.300781 0.985605 0.035156 0.025897
