0 0.492270 0.641100 0.043938 0.075253
0 0.341797 0.042969 0.050781 0.046875
0 0.516602 0.174805 0.029297 0.076172
0 0.159180 0.204102 0.056641 0.080078
0 0.681641 0.245117 0.042969 0.056641
0 0.592773 0.299805 0.052734 0.091797
0 0.167969 0.375977 0.039062 0.072266
0 0.498047 0.440430 0.054688 0.064453
0 0.259766 0.501953 0.042969 0.066406
0 0.168945 0.582031 0.041016 0.054688
0 0.684570 0.613281 0.044922 0.074219
0 0.575195 0.617188 0.029297 0.046875
0 0.830078 0.618164 0.035156 0.048828
0 0.354492 0.697266 0.033203 0.054688
0 0.672852 0.710938 0.029297 0.054688
0 0.875977 0.716797 0.052734 0.058594
0 0.569336 0.719727 0.044922 0.048828
0 0.202148 0.809570 0.037109 0.060547
0 0.773438 0.819336 0.046875 0.064453
0 0.668945 0.874023 0.044922 0.068359
0 0.868164 0.870117 0.068359 0.048828
0 0.946289 0.942383 0.033203 0.044922
0 0.796875 0.964844 0.019531 0.054688
