0 0.626119 0.602750 0.030106 0.050651
0 0.419922 0.020508 0.035156 0.041016
0 0.804688 0.054688 0.054688 0.054688
0 0.730469 0.083008 0.039062 0.048828
0 0.567383 0.176758 0.052734 0.224609
0 0.516602 0.111328 0.044922 0.042969
0 0.217773 0.182617 0.060547 0.076172
0 0.451172 0.206055 0.074219 0.087891
0 0.773438 0.272461 0.054688 0.091797
0 0.892578 0.273438 0.039062 0.062500
0 0.223633 0.494141 0.052734 0.078125
0 0.165039 0.575195 0.044922 0.044922
0 0.405273 0.595703 0.064453 0.070312
0 0.779297 0.645508 0.054688 0.103516
0 0.390625 0.672852 0.035156 0.041016
0 0.578125 0.682617 0.019531 0.052734
0 0.686523 0.714844 0.052734 0.070312
0 0.674805 0.805664 0.037109 0.048828
0 0.596680 0.816406 0.052734 0.054688
