0 0.436534 0.468162 0.034988 0.065123
0 0.326172 0.155273 0.078125 0.048828
0 0.482422 0.170898 0.039062 0.037109
0 0.390625 0.226562 0.027344 0.046875
0 0.114258 0.276367 0.033203 0.087891
0 0.546875 0.342773 0.015625 0.060547
0 0.171875 0.362305 0.031250 0.083984
0 0.045898 0.371094 0.033203 0.066406
0 0.877930 0.419922 0.060547 0.035156
0 0.689453 0.498047 0.050781 0.050781
0 0.933594 0.611328 0.042969 0.027344
0 0.954102 0.667969 0.029297 0.035156
0 0.144531 0.697266 0.035156 0.078125
0 0.826172 0.721680 0.027344 0.052734
0 0.076172 0.735352 0.035156 0.044922
0 0.223633 0.748047 0.048828 0.050781
0 0.250977 0.858398 0.044922 0.025391
0 0.435547 0.952401 0.058594 0.092303
