0 0.479251 0.482634 0.052075 0.091172
0 0.578125 0.062500 0.019531 0.058594
0 0.728516 0.121094 0.039062 0.062500
0 0.842773 0.152344 0.060547 0.101562
0 0.621094 0.136719 0.054688 0.035156
0 0.063477 0.168945 0.060547 0.076172
0 0.502930 0.191406 0.044922 0.046875
0 0.983968 0.264648 0.030436 0.029297
0 0.640625 0.308594 0.035156 0.078125
0 0.181641 0.354492 0.046875 0.103516
0 0.900391 0.358398 0.058594 0.095703
0 0.296875 0.362305 0.015625 0.068359
0 0.286133 0.519531 0.052734 0.082031
0 0.515625 0.610352 0.027344 0.044922
0 0.650391 0.609375 0.046875 0.031250
0 0.218750 0.866211 0.062500 0.111328
0 0.070312 0.878906 0.054688 0.066406
0 0.902344 0.872070 0.046875 0.048828
