0 0.400732 0.740955 0.049634 0.092619
0 0.170898 0.176758 0.033203 0.087891
0 0.609375 0.171875 0.046875 0.023438
0 0.435547 0.205078 0.050781 0.031250
0 0.329102 0.248047 0.029297 0.054688
0 0.675781 0.280273 0.093750 0.068359
0 0.277344 0.303711 0.054688 0.099609
0 0.515625 0.313477 0.035156 0.072266
0 0.096680 0.364258 0.087891 0.091797
0 0.611328 0.351562 0.039062 0.062500
0 0.651367 0.456055 0.052734 0.068359
0 0.408203 0.466797 0.113281 0.074219
0 0.123047 0.618164 0.058594 0.037109
0 0.048828 0.694336 0.027344 0.056641
0 0.232422 0.722656 0.023438 0.050781
0 0.218750 0.839844 0.054688 0.062500
0 0.623047 0.825195 0.042969 0.033203
0 0.044922 0.900391 0.039062 0.066406
0 0.673828 0.926758 0.046875 0.095703
0 0.825195 0.947266 0.025391 0.054688
