0 0.538649 0.481910 0.034174 0.057887
0 0.324219 0.014648 0.035156 0.029297
0 0.416016 0.017578 0.039062 0.035156
0 0.079102 0.073242 0.029297 0.052734
0 0.628906 0.114258 0.062500 0.080078
0 0.250977 0.156250 0.048828 0.105469
0 0.734375 0.201172 0.031250 0.035156
0 0.607422 0.240234 0.039062 0.050781
0 0.098633 0.364258 0.052734 0.099609
0 0.890625 0.393555 0.042969 0.083984
0 0.346680 0.422852 0.056641 0.037109
0 0.355469 0.500000 0.031250 0.054688
0 0.714844 0.581055 0.050781 0.091797
0 0.387695 0.611328 0.029297 0.093750
0 0.547852 0.623047 0.037109 0.070312
0 0.939453 0.654297 0.062500 0.062500
0 0.388672 0.700195 0.023438 0.044922
0 0.294922 0.737305 0.031250 0.033203
0 0.314453 0.803711 0.046875 0.076172
0 0.921875 0.848633 0.027344 0.044922
0 0.014648 0.905273 0.029297 0.060547
0 0.297852 0.926758 0.025391 0.095703
0 0.813477 0.935547 0.056641 0.066406
