0 0.484540 0.753980 0.018714 0.037627
0 0.532227 0.071289 0.048828 0.037109
0 0.614258 0.133789 0.056641 0.107422
0 0.289062 0.135742 0.070312 0.080078
0 0.423828 0.135742 0.027344 0.041016
0 0.201172 0.168945 0.066406 0.091797
0 0.736328 0.168945 0.031250 0.095703
0 0.405273 0.268555 0.064453 0.095703
0 0.760742 0.477539 0.037109 0.048828
0 0.128906 0.519531 0.046875 0.031250
0 0.223633 0.563477 0.044922 0.048828
0 0.769531 0.602539 0.035156 0.037109
0 0.860352 0.704102 0.025391 0.052734
0 0.551758 0.703125 0.041016 0.039062
0 0.164062 0.764648 0.050781 0.033203
0 0.548828 0.850586 0.023438 0.091797
0 0.861328 0.833008 0.023438 0.044922
0 0.344727 0.883789 0.060547 0.041016
0 0.045898 0.934570 0.021484 0.052734
0 0.449219 0.972909 0.023438 0.051287
