0 0.462164 0.547757 0.039056 0.065123
0 0.376953 0.021484 0.054688 0.042969
0 0.611328 0.030273 0.023438 0.060547
0 0.663086 0.062500 0.052734 0.046875
0 0.966390 0.140625 0.065593 0.093750
0 0.199219 0.214844 0.074219 0.066406
0 0.318359 0.261719 0.050781 0.097656
0 0.201172 0.282227 0.023438 0.060547
0 0.201172 0.373047 0.027344 0.066406
0 0.333984 0.471680 0.027344 0.048828
0 0.469727 0.676758 0.072266 0.107422
0 0.857422 0.673828 0.035156 0.035156
0 0.842773 0.795898 0.044922 0.068359
0 0.593750 0.810547 0.054688 0.062500
0 0.652344 0.942383 0.062500 0.068359
0 0.306641 0.945312 0.058594 0.054688
0 0.748047 0.972909 0.054688 0.051287
