0 0.659886 0.585384 0.039056 0.070912
0 0.357422 0.094727 0.082031 0.115234
0 0.931641 0.071289 0.062500 0.044922
0 0.858398 0.121094 0.033203 0.058594
0 0.189453 0.172852 0.058594 0.099609
0 0.235352 0.236328 0.037109 0.027344
0 0.561523 0.296875 0.060547 0.046875
0 0.266602 0.338867 0.033203 0.052734
0 0.415039 0.344727 0.041016 0.060547
0 0.856445 0.342773 0.037109 0.056641
0 0.487305 0.354492 0.037109 0.056641
0 0.296875 0.401367 0.019531 0.060547
0 0.140625 0.405273 0.035156 0.052734
0 0.198242 0.425781 0.037109 0.035156
0 0.858398 0.561523 0.029297 0.056641
0 0.185547 0.577148 0.050781 0.033203
0 0.559570 0.667969 0.060547 0.113281
0 0.013672 0.779297 0.027344 0.050781
0 0.907227 0.799805 0.056641 0.091797
0 0.701172 0.940430 0.035156 0.072266
0 0.297852 0.983651 0.044922 0.029803
