0 0.586249 0.553546 0.039870 0.082489
0 0.572266 0.016602 0.046875 0.033203
0 0.780273 0.107422 0.060547 0.093750
0 0.672852 0.141602 0.037109 0.033203
0 0.500000 0.186523 0.062500 0.060547
0 0.534180 0.264648 0.068359 0.037109
0 0.340820 0.367188 0.056641 0.085938
0 0.750977 0.377930 0.052734 0.056641
0 0.319336 0.407227 0.064453 0.064453
0 0.823242 0.408203 0.029297 0.042969
0 0.512695 0.435547 0.033203 0.062500
0 0.031250 0.467773 0.062500 0.052734
0 0.122070 0.689453 0.056641 0.121094
0 0.566406 0.688477 0.046875 0.056641
0 0.143555 0.822266 0.037109 0.062500
0 0.785156 0.864258 0.058594 0.060547
0 0.890625 0.862305 0.039062 0.044922
0 0.546875 0.955331 0.074219 0.086443
0 0.725586 0.971933 0.052734 0.053240
