0 0.500407 0.458755 0.037429 0.063676
0 0.402344 0.011719 0.042969 0.023438
0 0.737305 0.041992 0.029297 0.044922
0 0.844727 0.066406 0.048828 0.042969
0 0.920898 0.173828 0.021484 0.062500
0 0.095703 0.189453 0.046875 0.046875
0 0.246094 0.243164 0.054688 0.052734
0 0.610352 0.324219 0.029297 0.050781
0 0.423828 0.348633 0.019531 0.048828
0 0.171875 0.389648 0.027344 0.041016
0 0.677734 0.455078 0.074219 0.027344
0 0.879883 0.493164 0.048828 0.060547
0 0.325195 0.494141 0.076172 0.050781
0 0.351562 0.547852 0.039062 0.029297
0 0.734375 0.586914 0.015625 0.056641
0 0.421875 0.626953 0.074219 0.050781
0 0.279297 0.777344 0.054688 0.046875
0 0.412109 0.841797 0.070312 0.113281
0 0.278320 0.870117 0.048828 0.056641
0 0.936523 0.906250 0.056641 0.113281
0 0.202148 0.947266 0.025391 0.042969
0 0.653320 0.984628 0.056641 0.027850
