0 0.577705 0.809696 0.022783 0.039074
0 0.405273 0.070312 0.060547 0.070312
0 0.012695 0.137695 0.025391 0.048828
0 0.858398 0.155273 0.033203 0.068359
0 0.474609 0.180664 0.050781 0.076172
0 0.801758 0.208008 0.037109 0.060547
0 0.360352 0.219727 0.021484 0.052734
0 0.734375 0.234375 0.023438 0.074219
0 0.134766 0.250000 0.042969 0.066406
0 0.111328 0.375000 0.093750 0.054688
0 0.744141 0.467773 0.054688 0.060547
0 0.394531 0.490234 0.031250 0.039062
0 0.232422 0.560547 0.023438 0.046875
0 0.924805 0.637695 0.037109 0.091797
0 0.454102 0.643555 0.021484 0.083984
0 0.898438 0.833984 0.046875 0.085938
0 0.327148 0.909180 0.037109 0.052734
0 0.767578 0.950448 0.039062 0.096209
0 0.435547 0.966073 0.046875 0.064959
