0 0.644426 0.662808 0.027665 0.046310
0 0.311523 0.029297 0.056641 0.058594
0 0.894531 0.014648 0.035156 0.029297
0 0.667969 0.038086 0.027344 0.056641
0 0.857422 0.097656 0.042969 0.074219
0 0.215820 0.109375 0.068359 0.093750
0 0.066406 0.167969 0.050781 0.074219
0 0.484375 0.167969 0.023438 0.066406
0 0.188477 0.160156 0.048828 0.046875
0 0.014648 0.300781 0.029297 0.085938
0 0.329102 0.335938 0.037109 0.050781
0 0.705078 0.346680 0.023438 0.048828
0 0.504883 0.367188 0.064453 0.085938
0 0.360352 0.422852 0.029297 0.091797
0 0.486328 0.483398 0.046875 0.041016
0 0.372070 0.530273 0.048828 0.099609
0 0.735352 0.685547 0.033203 0.058594
0 0.109375 0.868164 0.023438 0.048828
0 0.919922 0.899414 0.035156 0.052734
0 0.771484 0.981698 0.078125 0.033709
