0 0.518714 0.672214 0.044752 0.085384
0 0.416992 0.016602 0.041016 0.033203
0 0.833984 0.071289 0.042969 0.060547
0 0.312500 0.105469 0.058594 0.078125
0 0.654297 0.170898 0.050781 0.080078
0 0.364258 0.243164 0.037109 0.064453
0 0.982992 0.234375 0.032389 0.035156
0 0.861328 0.252930 0.023438 0.044922
0 0.643555 0.437500 0.048828 0.070312
0 0.863281 0.519531 0.042969 0.050781
0 0.391602 0.556641 0.025391 0.046875
0 0.927734 0.568359 0.035156 0.046875
0 0.207031 0.635742 0.070312 0.056641
0 0.608398 0.700195 0.025391 0.083984
0 0.749023 0.684570 0.052734 0.048828
0 0.201172 0.713867 0.019531 0.052734
0 0.987874 0.718750 0.022624 0.046875
0 0.218750 0.802734 0.050781 0.062500
0 0.531250 0.815430 0.046875 0.048828
0 0.063477 0.875000 0.052734 0.054688
0 0.659180 0.913086 0.068359 0.123047
0 0.734375 0.902344 0.035156 0.058594
0 0.921875 0.903320 0.031250 0.060547
0 0.264648 0.908203 0.037109 0.062500
0 0.890625 0.981698 0.031250 0.033709
