0 0.525224 0.466715 0.043124 0.082489
0 0.107422 0.077148 0.027344 0.076172
0 0.271484 0.105469 0.039062 0.035156
0 0.200195 0.109375 0.041016 0.035156
0 0.547852 0.125977 0.029297 0.056641
0 0.348633 0.152344 0.048828 0.050781
0 0.798828 0.144531 0.035156 0.039062
0 0.672852 0.167969 0.033203 0.078125
0 0.485352 0.164062 0.029297 0.062500
0 0.829102 0.218750 0.017578 0.050781
0 0.922852 0.219727 0.021484 0.052734
0 0.859375 0.266602 0.015625 0.068359
0 0.438477 0.343750 0.056641 0.062500
0 0.203125 0.388672 0.023438 0.144531
0 0.436523 0.560547 0.048828 0.109375
0 0.265625 0.560547 0.035156 0.078125
0 0.625000 0.663086 0.050781 0.087891
0 0.295898 0.747070 0.029297 0.056641
0 0.734375 0.797852 0.031250 0.041016
0 0.233398 0.873047 0.021484 0.128906
0 0.482422 0.887695 0.031250 0.091797
0 0.343750 0.907227 0.054688 0.056641
