0 0.458910 0.354559 0.045566 0.089725
0 0.328125 0.055664 0.023438 0.111328
0 0.784180 0.040039 0.056641 0.080078
0 0.565430 0.100586 0.052734 0.080078
0 0.716797 0.134766 0.054688 0.082031
0 0.653320 0.293945 0.056641 0.154297
0 0.292969 0.353516 0.035156 0.042969
0 0.322266 0.495117 0.062500 0.052734
0 0.656250 0.593750 0.046875 0.101562
0 0.827148 0.656250 0.041016 0.058594
0 0.216797 0.686523 0.050781 0.111328
0 0.903320 0.676758 0.060547 0.060547
0 0.640625 0.700195 0.023438 0.044922
0 0.637695 0.776367 0.029297 0.060547
0 0.890625 0.810547 0.027344 0.054688
0 0.705078 0.901367 0.039062 0.064453
0 0.264648 0.958008 0.029297 0.037109
