0 0.433686 0.516643 0.037429 0.054993
0 0.546875 0.122070 0.031250 0.072266
0 0.442383 0.150391 0.044922 0.054688
0 0.061523 0.170898 0.056641 0.037109
0 0.672852 0.259766 0.037109 0.078125
0 0.264648 0.316406 0.029297 0.074219
0 0.329102 0.322266 0.029297 0.085938
0 0.137695 0.464844 0.025391 0.054688
0 0.235352 0.473633 0.080078 0.052734
0 0.347656 0.499023 0.046875 0.048828
0 0.975179 0.487305 0.048014 0.025391
0 0.987874 0.538086 0.022624 0.044922
0 0.875000 0.551758 0.046875 0.037109
0 0.106445 0.608398 0.033203 0.029297
0 0.874023 0.636719 0.048828 0.035156
0 0.140625 0.671875 0.019531 0.070312
0 0.264648 0.689453 0.037109 0.050781
0 0.933594 0.747070 0.050781 0.068359
0 0.709961 0.753906 0.044922 0.058594
0 0.077148 0.773438 0.033203 0.066406
0 0.185547 0.806641 0.050781 0.113281
0 0.305664 0.765625 0.041016 0.031250
0 0.655273 0.795898 0.056641 0.037109
0 0.938477 0.893555 0.052734 0.080078
0 0.469727 0.918945 0.052734 0.083984
0 0.233398 0.952148 0.037109 0.041016
