0 0.446298 0.822721 0.018714 0.033285
0 0.196289 0.067383 0.087891 0.052734
0 0.558594 0.077148 0.050781 0.021484
0 0.668945 0.122070 0.037109 0.068359
0 0.203125 0.142578 0.031250 0.039062
0 0.973226 0.141602 0.051921 0.025391
0 0.795898 0.167969 0.037109 0.039062
0 0.701172 0.196289 0.035156 0.056641
0 0.281250 0.223633 0.042969 0.044922
0 0.828125 0.264648 0.027344 0.048828
0 0.719727 0.303711 0.048828 0.041016
0 0.917969 0.366211 0.031250 0.068359
0 0.046875 0.360352 0.039062 0.037109
0 0.765625 0.375977 0.031250 0.064453
0 0.678711 0.391602 0.044922 0.025391
0 0.969320 0.458008 0.059733 0.029297
0 0.722656 0.501953 0.054688 0.062500
0 0.253906 0.515625 0.046875 0.027344
0 0.633789 0.515625 0.037109 0.027344
0 0.017578 0.529297 0.035156 0.046875
0 0.986898 0.527344 0.024577 0.046875
0 0.170898 0.924805 0.029297 0.080078
0 0.986898 0.979745 0.024577 0.037615
