0 0.455248 0.753256 0.026851 0.047757
0 0.767578 0.028320 0.023438 0.056641
0 0.640625 0.060547 0.031250 0.058594
0 0.442383 0.064453 0.044922 0.046875
0 0.593750 0.177734 0.054688 0.070312
0 0.349609 0.189453 0.050781 0.066406
0 0.511719 0.263672 0.039062 0.085938
0 0.200195 0.248047 0.033203 0.050781
0 0.299805 0.270508 0.044922 0.041016
0 0.359375 0.345703 0.031250 0.062500
0 0.266602 0.397461 0.037109 0.072266
0 0.141602 0.486328 0.033203 0.046875
0 0.215820 0.481445 0.056641 0.033203
0 0.606445 0.531250 0.033203 0.066406
0 0.129883 0.541992 0.048828 0.041016
0 0.422852 0.583984 0.025391 0.089844
0 0.341797 0.625000 0.054688 0.062500
0 0.234375 0.635742 0.019531 0.052734
0 0.075195 0.671875 0.037109 0.058594
0 0.327148 0.704102 0.029297 0.033203
0 0.631836 0.781250 0.048828 0.062500
0 0.167969 0.839844 0.035156 0.078125
0 0.919922 0.838867 0.039062 0.072266
0 0.415039 0.958984 0.060547 0.039062
0 0.516602 0.969003 0.029297 0.059100
