0 0.565907 0.619392 0.021969 0.040521
0 0.493164 0.047852 0.041016 0.029297
0 0.194336 0.093750 0.083984 0.074219
0 0.560547 0.090820 0.054688 0.048828
0 0.334961 0.144531 0.060547 0.082031
0 0.068359 0.148438 0.050781 0.058594
0 0.445312 0.199219 0.039062 0.039062
0 0.641602 0.220703 0.033203 0.054688
0 0.988851 0.217773 0.020671 0.041016
0 0.878906 0.264648 0.062500 0.033203
0 0.949219 0.264648 0.039062 0.029297
0 0.373047 0.307617 0.066406 0.056641
0 0.309570 0.390625 0.056641 0.152344
0 0.986898 0.341797 0.024577 0.042969
0 0.415039 0.432617 0.037109 0.044922
0 0.765625 0.441406 0.023438 0.042969
0 0.015625 0.450195 0.031250 0.029297
0 0.204102 0.658203 0.025391 0.054688
0 0.341797 0.655273 0.050781 0.052734
0 0.442383 0.652344 0.044922 0.042969
0 0.092773 0.826172 0.048828 0.023438
0 0.129883 0.889648 0.048828 0.029297
