0 0.563466 0.686686 0.025224 0.050651
0 0.267578 0.097656 0.023438 0.046875
0 0.859375 0.163086 0.027344 0.048828
0 0.950195 0.333008 0.037109 0.130859
0 0.831055 0.329102 0.033203 0.044922
0 0.110352 0.376953 0.021484 0.046875
0 0.578125 0.511719 0.035156 0.082031
0 0.570312 0.642578 0.039062 0.035156
0 0.015625 0.668945 0.031250 0.041016
0 0.242188 0.702148 0.058594 0.087891
0 0.173828 0.739258 0.039062 0.095703
0 0.091797 0.811523 0.058594 0.068359
0 0.168945 0.869141 0.037109 0.058594
0 0.016602 0.861328 0.033203 0.027344
0 0.580078 0.923828 0.082031 0.085938
0 0.784180 0.974862 0.048828 0.047381
