0 0.427583 0.628075 0.062653 0.083936
0 0.480469 0.046875 0.042969 0.039062
0 0.242188 0.104492 0.082031 0.083984
0 0.903320 0.151367 0.056641 0.068359
0 0.426758 0.167969 0.076172 0.074219
0 0.547852 0.223633 0.029297 0.052734
0 0.953125 0.282227 0.019531 0.107422
0 0.673828 0.377930 0.027344 0.064453
0 0.421875 0.461914 0.019531 0.119141
0 0.806641 0.473633 0.054688 0.119141
0 0.890625 0.450195 0.027344 0.037109
0 0.673828 0.468750 0.031250 0.070312
0 0.173828 0.639648 0.039062 0.033203
0 0.521484 0.815430 0.039062 0.056641
0 0.747070 0.919922 0.123047 0.101562
0 0.455078 0.920898 0.042969 0.037109
0 0.388672 0.982675 0.031250 0.031756
