0 0.579740 0.649783 0.020342 0.043415
0 0.736328 0.056641 0.031250 0.050781
0 0.345703 0.103516 0.066406 0.113281
0 0.422852 0.114258 0.037109 0.037109
0 0.922852 0.201172 0.076172 0.066406
0 0.030273 0.277344 0.060547 0.074219
0 0.811523 0.280273 0.052734 0.048828
0 0.397461 0.424805 0.044922 0.041016
0 0.236328 0.625977 0.027344 0.052734
0 0.200195 0.675781 0.029297 0.035156
0 0.831055 0.724609 0.087891 0.113281
0 0.956055 0.728516 0.033203 0.074219
0 0.452148 0.743164 0.033203 0.056641
0 0.042969 0.815430 0.039062 0.119141
0 0.625000 0.811523 0.058594 0.056641
0 0.516602 0.837891 0.025391 0.042969
0 0.608398 0.898438 0.029297 0.039062
0 0.437500 0.934570 0.066406 0.060547
0 0.916992 0.937500 0.041016 0.062500
