0 0.455655 0.311143 0.022783 0.037627
0 0.407227 0.055664 0.060547 0.044922
0 0.437500 0.153320 0.054688 0.056641
0 0.949219 0.140625 0.035156 0.031250
0 0.169922 0.235352 0.039062 0.037109
0 0.407227 0.244141 0.048828 0.058594
0 0.063477 0.546875 0.044922 0.070312
0 0.986898 0.623047 0.024577 0.042969
0 0.265625 0.658203 0.023438 0.046875
0 0.454102 0.766602 0.087891 0.087891
0 0.795898 0.782227 0.029297 0.056641
0 0.127930 0.799805 0.041016 0.029297
0 0.715820 0.861328 0.044922 0.035156
0 0.951172 0.888672 0.039062 0.039062
0 0.326172 0.906250 0.023438 0.054688
0 0.841797 0.923828 0.050781 0.082031
0 0.124023 0.970956 0.052734 0.055193
0 0.247070 0.973886 0.044922 0.049334
