0 0.513426 0.560058 0.060212 0.109986
0 0.909180 0.098633 0.103516 0.052734
0 0.611328 0.178711 0.039062 0.087891
0 0.627930 0.328125 0.056641 0.089844
0 0.455078 0.313477 0.027344 0.041016
0 0.406250 0.468750 0.050781 0.101562
0 0.656250 0.507812 0.058594 0.074219
0 0.130859 0.514648 0.046875 0.044922
0 0.203125 0.514648 0.027344 0.037109
0 0.986898 0.560547 0.024577 0.058594
0 0.236328 0.611328 0.031250 0.105469
0 0.904297 0.601562 0.058594 0.062500
0 0.577148 0.613281 0.029297 0.035156
0 0.095703 0.674805 0.050781 0.080078
0 0.953125 0.685547 0.027344 0.054688
0 0.585938 0.804688 0.046875 0.082031
0 0.744141 0.838867 0.054688 0.111328
0 0.884766 0.882812 0.042969 0.089844
0 0.406250 0.956055 0.054688 0.044922
