0 0.507730 0.500724 0.039056 0.054993
0 0.375000 0.056641 0.054688 0.070312
0 0.622070 0.055664 0.044922 0.044922
0 0.108398 0.107422 0.033203 0.035156
0 0.423828 0.145508 0.046875 0.087891
0 0.873047 0.141602 0.058594 0.060547
0 0.953125 0.134766 0.035156 0.046875
0 0.295898 0.155273 0.056641 0.060547
0 0.577148 0.158203 0.037109 0.050781
0 0.165039 0.206055 0.044922 0.087891
0 0.937500 0.261719 0.046875 0.027344
0 0.234375 0.343750 0.027344 0.097656
0 0.913086 0.369141 0.052734 0.097656
0 0.142578 0.375000 0.023438 0.050781
0 0.876953 0.483398 0.050781 0.037109
0 0.453125 0.546875 0.023438 0.070312
0 0.577148 0.571289 0.025391 0.060547
0 0.532227 0.624023 0.052734 0.048828
0 0.872070 0.651367 0.052734 0.056641
0 0.989828 0.717773 0.018718 0.041016
0 0.341797 0.829102 0.054688 0.037109
0 0.784180 0.852539 0.060547 0.087891
0 0.327148 0.955078 0.033203 0.046875
0 0.767578 0.953125 0.031250 0.039062
0 0.840820 0.970956 0.056641 0.055193
