0 0.511391 0.366860 0.021969 0.033285
0 0.799805 0.066406 0.037109 0.054688
0 0.844727 0.108398 0.044922 0.021484
0 0.936523 0.124023 0.048828 0.052734
0 0.656250 0.142578 0.050781 0.078125
0 0.953125 0.230469 0.039062 0.035156
0 0.172852 0.521484 0.041016 0.085938
0 0.013672 0.510742 0.027344 0.041016
0 0.814453 0.547852 0.058594 0.083984
0 0.578125 0.582031 0.011719 0.078125
0 0.232422 0.586914 0.027344 0.056641
0 0.984945 0.630859 0.028483 0.050781
0 0.134766 0.652344 0.054688 0.062500
0 0.875977 0.657227 0.060547 0.060547
0 0.220703 0.670898 0.046875 0.021484
0 0.988851 0.749023 0.020671 0.041016
0 0.236328 0.765625 0.042969 0.035156
0 0.215820 0.911133 0.064453 0.126953
0 0.298828 0.910156 0.027344 0.050781
0 0.028320 0.942383 0.056641 0.052734
