0 0.356387 0.554269 0.043938 0.089725
0 0.262695 0.077148 0.041016 0.037109
0 0.080078 0.093750 0.023438 0.050781
0 0.365234 0.083008 0.035156 0.033203
0 0.558594 0.169922 0.054688 0.031250
0 0.247070 0.228516 0.052734 0.085938
0 0.166016 0.236328 0.039062 0.035156
0 0.636719 0.243164 0.031250 0.044922
0 0.390625 0.273438 0.035156 0.062500
0 0.830078 0.331055 0.027344 0.091797
0 0.342773 0.348633 0.056641 0.048828
0 0.452148 0.375977 0.029297 0.056641
0 0.675781 0.381836 0.042969 0.060547
0 0.139648 0.404297 0.029297 0.058594
0 0.281250 0.406250 0.054688 0.050781
0 0.627930 0.530273 0.056641 0.064453
0 0.533203 0.637695 0.054688 0.076172
0 0.169922 0.648438 0.035156 0.054688
0 0.297852 0.681641 0.033203 0.058594
0 0.232422 0.691406 0.027344 0.046875
0 0.614258 0.693359 0.033203 0.050781
0 0.078125 0.711914 0.031250 0.052734
0 0.356445 0.750000 0.037109 0.078125
0 0.250000 0.819336 0.054688 0.056641
0 0.109375 0.936523 0.027344 0.068359
0 0.191406 0.930664 0.050781 0.056641
0 0.636719 0.969003 0.027344 0.059100
