0 0.539463 0.620839 0.039056 0.066570
0 0.390625 0.027344 0.019531 0.054688
0 0.853516 0.097656 0.078125 0.054688
0 0.523438 0.120117 0.054688 0.048828
0 0.648438 0.167969 0.042969 0.035156
0 0.234375 0.192383 0.023438 0.064453
0 0.565430 0.194336 0.052734 0.048828
0 0.608398 0.250977 0.033203 0.060547
0 0.899414 0.277344 0.052734 0.066406
0 0.136719 0.292969 0.035156 0.085938
0 0.213867 0.349609 0.048828 0.066406
0 0.654297 0.376953 0.054688 0.058594
0 0.291992 0.528320 0.037109 0.064453
0 0.873047 0.518555 0.042969 0.025391
0 0.875977 0.588867 0.048828 0.052734
0 0.170898 0.604492 0.033203 0.041016
0 0.328125 0.631836 0.035156 0.076172
0 0.826172 0.629883 0.023438 0.044922
0 0.701172 0.650391 0.035156 0.054688
0 0.482422 0.660156 0.031250 0.070312
0 0.952148 0.718750 0.021484 0.050781
0 0.434570 0.875000 0.044922 0.050781
0 0.527344 0.978769 0.042969 0.039568
