0 0.454841 0.411722 0.056957 0.102750
0 0.580078 0.073242 0.035156 0.099609
0 0.764648 0.118164 0.041016 0.068359
0 0.518555 0.120117 0.033203 0.048828
0 0.334961 0.142578 0.056641 0.031250
0 0.418945 0.206055 0.033203 0.091797
0 0.485352 0.200195 0.037109 0.068359
0 0.047852 0.232422 0.033203 0.039062
0 0.202148 0.470703 0.068359 0.050781
0 0.766602 0.534180 0.041016 0.072266
0 0.514648 0.539062 0.029297 0.066406
0 0.712891 0.714844 0.050781 0.121094
0 0.025391 0.691406 0.050781 0.046875
0 0.639648 0.732422 0.037109 0.085938
0 0.497070 0.734375 0.052734 0.070312
0 0.170898 0.814453 0.037109 0.066406
0 0.513672 0.815430 0.027344 0.044922
0 0.953125 0.842773 0.027344 0.052734
0 0.817383 0.938730 0.060547 0.119647
