0 0.519121 0.245297 0.055330 0.082489
0 0.514648 0.059570 0.029297 0.068359
0 0.138672 0.107422 0.035156 0.089844
0 0.723633 0.094727 0.068359 0.060547
0 0.597656 0.152344 0.054688 0.070312
0 0.418945 0.140625 0.037109 0.027344
0 0.779297 0.365234 0.062500 0.031250
0 0.808594 0.440430 0.046875 0.080078
0 0.390625 0.500000 0.027344 0.054688
0 0.550781 0.533203 0.023438 0.113281
0 0.262695 0.578125 0.029297 0.042969
0 0.623047 0.725586 0.058594 0.068359
0 0.825195 0.765625 0.041016 0.058594
0 0.929688 0.774414 0.050781 0.060547
0 0.625000 0.811523 0.042969 0.044922
0 0.485352 0.863281 0.013672 0.070312
0 0.670898 0.863281 0.029297 0.039062
0 0.609375 0.954355 0.019531 0.088397
0 0.728516 0.977792 0.046875 0.041522
