0 0.487795 0.489870 0.036615 0.068017
0 0.453125 0.019531 0.023438 0.039062
0 0.236328 0.066406 0.019531 0.070312
0 0.527344 0.113281 0.054688 0.078125
0 0.439453 0.204102 0.058594 0.095703
0 0.284180 0.195312 0.044922 0.054688
0 0.623047 0.290039 0.050781 0.080078
0 0.317383 0.359375 0.044922 0.023438
0 0.418945 0.400391 0.037109 0.046875
0 0.734375 0.408203 0.019531 0.046875
0 0.140625 0.449219 0.015625 0.082031
0 0.357422 0.506836 0.031250 0.068359
0 0.358398 0.587891 0.029297 0.070312
0 0.953125 0.630859 0.027344 0.046875
0 0.339844 0.682617 0.054688 0.080078
0 0.188477 0.751953 0.048828 0.121094
0 0.453125 0.809570 0.082031 0.126953
0 0.813477 0.909180 0.052734 0.119141
0 0.922852 0.938477 0.029297 0.060547
0 0.513672 0.956055 0.027344 0.044922
0 0.405273 0.971933 0.048828 0.053240
