0 0.408462 0.614327 0.021155 0.041968
0 0.547852 0.027344 0.021484 0.054688
0 0.359375 0.254883 0.031250 0.048828
0 0.450195 0.265625 0.033203 0.042969
0 0.641602 0.337891 0.017578 0.062500
0 0.920898 0.388672 0.021484 0.046875
0 0.700195 0.433594 0.033203 0.089844
0 0.908203 0.438477 0.054688 0.060547
0 0.203125 0.454102 0.023438 0.083984
0 0.079102 0.483398 0.025391 0.095703
0 0.702148 0.512695 0.025391 0.044922
0 0.360352 0.525391 0.021484 0.054688
0 0.670898 0.613281 0.021484 0.097656
0 0.323242 0.594727 0.025391 0.048828
0 0.068359 0.662109 0.042969 0.046875
0 0.958984 0.669922 0.046875 0.035156
0 0.874023 0.698242 0.048828 0.029297
0 0.302734 0.714844 0.039062 0.042969
0 0.766602 0.765625 0.041016 0.031250
0 0.450195 0.785156 0.029297 0.046875
0 0.669922 0.813477 0.027344 0.064453
0 0.494141 0.952148 0.050781 0.029297
0 0.892578 0.956055 0.035156 0.029297
