0 0.447925 0.575977 0.056143 0.098408
0 0.500977 0.076172 0.048828 0.023438
0 0.405273 0.129883 0.056641 0.064453
0 0.720703 0.243164 0.050781 0.119141
0 0.290039 0.281250 0.056641 0.125000
0 0.876953 0.298828 0.054688 0.085938
0 0.171875 0.321289 0.031250 0.060547
0 0.670898 0.360352 0.029297 0.033203
0 0.237305 0.415039 0.048828 0.076172
0 0.857422 0.453125 0.085938 0.089844
0 0.984945 0.496094 0.028483 0.054688
0 0.308594 0.535156 0.054688 0.125000
0 0.671875 0.579102 0.035156 0.041016
0 0.798828 0.666992 0.039062 0.083984
0 0.387695 0.826172 0.044922 0.089844
0 0.122070 0.918945 0.048828 0.083984
0 0.406250 0.968026 0.054688 0.061053
0 0.579102 0.983651 0.029297 0.029803
