0 0.655004 0.646889 0.037429 0.063676
0 0.441406 0.030273 0.046875 0.060547
0 0.547852 0.019531 0.029297 0.039062
0 0.075195 0.052734 0.029297 0.042969
0 0.669922 0.138672 0.035156 0.085938
0 0.265625 0.187500 0.031250 0.066406
0 0.331055 0.196289 0.029297 0.072266
0 0.140625 0.313477 0.023438 0.056641
0 0.243164 0.345703 0.068359 0.062500
0 0.426758 0.386719 0.037109 0.031250
0 0.829102 0.435547 0.021484 0.050781
0 0.875000 0.468750 0.046875 0.109375
0 0.277344 0.548828 0.066406 0.035156
0 0.918945 0.601562 0.033203 0.074219
0 0.091797 0.614258 0.050781 0.037109
0 0.327148 0.609375 0.076172 0.019531
0 0.190430 0.670898 0.048828 0.076172
0 0.933594 0.731445 0.054688 0.083984
0 0.470703 0.766602 0.050781 0.083984
0 0.237305 0.793945 0.033203 0.033203
0 0.843750 0.875977 0.050781 0.107422
0 0.690430 0.924805 0.044922 0.091797
