0 0.441416 0.604197 0.031733 0.065123
0 0.166016 0.063477 0.035156 0.052734
0 0.575195 0.101562 0.080078 0.105469
0 0.417969 0.095703 0.039062 0.054688
0 0.235352 0.143555 0.033203 0.037109
0 0.911133 0.212891 0.044922 0.042969
0 0.568359 0.282227 0.046875 0.060547
0 0.501953 0.314453 0.050781 0.046875
0 0.409180 0.346680 0.044922 0.068359
0 0.985921 0.329102 0.026530 0.033203
0 0.171875 0.340820 0.023438 0.044922
0 0.108398 0.353516 0.029297 0.039062
0 0.332031 0.419922 0.031250 0.039062
0 0.387695 0.454102 0.025391 0.083984
0 0.862305 0.442383 0.029297 0.044922
0 0.763672 0.501953 0.031250 0.062500
0 0.236328 0.513672 0.027344 0.062500
0 0.108398 0.514648 0.025391 0.044922
0 0.666992 0.720703 0.041016 0.074219
0 0.797852 0.815430 0.025391 0.048828
0 0.484375 0.832031 0.031250 0.042969
0 0.342773 0.899414 0.056641 0.072266
0 0.168945 0.982675 0.037109 0.031756
