0 0.810415 0.633140 0.024410 0.041968
0 0.105469 0.124023 0.078125 0.107422
0 0.837891 0.166992 0.066406 0.044922
0 0.175781 0.203125 0.042969 0.031250
0 0.949219 0.251953 0.039062 0.066406
0 0.856445 0.279297 0.033203 0.054688
0 0.170898 0.306641 0.037109 0.058594
0 0.720703 0.341797 0.042969 0.054688
0 0.784180 0.387695 0.048828 0.033203
0 0.360352 0.502930 0.025391 0.048828
0 0.516602 0.555664 0.017578 0.056641
0 0.294922 0.574219 0.078125 0.031250
0 0.921875 0.619141 0.027344 0.042969
0 0.792969 0.733398 0.039062 0.037109
0 0.358398 0.910156 0.029297 0.054688
0 0.891602 0.931641 0.029297 0.089844
0 0.197266 0.938477 0.082031 0.052734
0 0.645508 0.953125 0.041016 0.027344
