0 0.660700 0.725760 0.032547 0.053546
0 0.394531 0.076172 0.035156 0.093750
0 0.889648 0.127930 0.033203 0.060547
0 0.585938 0.168945 0.062500 0.099609
0 0.417969 0.216797 0.097656 0.117188
0 0.110352 0.236328 0.087891 0.093750
0 0.284180 0.251953 0.056641 0.074219
0 0.354492 0.294922 0.037109 0.074219
0 0.202148 0.296875 0.025391 0.042969
0 0.799805 0.354492 0.041016 0.068359
0 0.590820 0.394531 0.044922 0.031250
0 0.709961 0.411133 0.044922 0.060547
0 0.516602 0.483398 0.037109 0.083984
0 0.795898 0.502930 0.029297 0.064453
0 0.396484 0.674805 0.039062 0.087891
0 0.171875 0.801758 0.031250 0.083984
0 0.508789 0.831055 0.033203 0.076172
0 0.416016 0.923828 0.031250 0.039062
