0 0.644020 0.818379 0.041497 0.065123
0 0.325195 0.049805 0.037109 0.048828
0 0.870117 0.072266 0.052734 0.058594
0 0.387695 0.091797 0.037109 0.066406
0 0.485352 0.102539 0.033203 0.041016
0 0.937500 0.143555 0.054688 0.080078
0 0.515625 0.182617 0.027344 0.044922
0 0.984945 0.241211 0.028483 0.048828
0 0.545898 0.255859 0.021484 0.050781
0 0.623047 0.357422 0.058594 0.144531
0 0.879883 0.365234 0.056641 0.082031
0 0.452148 0.524414 0.021484 0.048828
0 0.788086 0.611328 0.048828 0.089844
0 0.124023 0.755859 0.052734 0.050781
0 0.266602 0.833984 0.025391 0.062500
0 0.234375 0.913086 0.019531 0.080078
0 0.448242 0.935800 0.080078 0.125506
0 0.602539 0.985605 0.033203 0.025897
