0 0.386493 0.390014 0.027665 0.047757
0 0.809570 0.123047 0.052734 0.054688
0 0.012695 0.132812 0.025391 0.054688
0 0.250977 0.205078 0.048828 0.027344
0 0.861328 0.312500 0.031250 0.054688
0 0.109375 0.406250 0.078125 0.050781
0 0.125000 0.538086 0.058594 0.119141
0 0.252930 0.560547 0.052734 0.058594
0 0.942383 0.676758 0.048828 0.083984
0 0.700195 0.686523 0.095703 0.060547
0 0.049805 0.780273 0.025391 0.048828
0 0.908203 0.795898 0.058594 0.076172
0 0.187500 0.849609 0.058594 0.105469
0 0.012695 0.927734 0.025391 0.078125
0 0.127930 0.933594 0.052734 0.054688
0 0.325195 0.950195 0.037109 0.041016
