0 0.478031 0.463097 0.026851 0.057887
0 0.456055 0.090820 0.080078 0.103516
0 0.515625 0.208984 0.027344 0.039062
0 0.760742 0.224609 0.044922 0.066406
0 0.062500 0.352539 0.054688 0.041016
0 0.698242 0.388672 0.041016 0.089844
0 0.640625 0.393555 0.050781 0.029297
0 0.203125 0.456055 0.031250 0.048828
0 0.922852 0.486328 0.033203 0.039062
0 0.802734 0.587891 0.042969 0.062500
0 0.666016 0.669922 0.042969 0.085938
0 0.358398 0.679688 0.029297 0.050781
0 0.969320 0.736328 0.059733 0.031250
0 0.563477 0.797852 0.044922 0.029297
0 0.382812 0.843750 0.050781 0.062500
0 0.787109 0.874023 0.058594 0.111328
0 0.953125 0.869141 0.039062 0.066406
0 0.530273 0.889648 0.052734 0.091797
0 0.389648 0.955331 0.033203 0.086443
0 0.250977 0.951172 0.064453 0.054688
0 0.761719 0.985605 0.035156 0.025897
