0 0.349064 0.565123 0.042311 0.070912
0 0.353516 0.092773 0.039062 0.068359
0 0.096680 0.147461 0.060547 0.072266
0 0.756836 0.166992 0.044922 0.037109
0 0.155273 0.248047 0.060547 0.070312
0 0.766602 0.262695 0.037109 0.091797
0 0.798828 0.324219 0.027344 0.035156
0 0.107422 0.382812 0.031250 0.042969
0 0.606445 0.421875 0.041016 0.035156
0 0.253906 0.468750 0.050781 0.121094
0 0.170898 0.443359 0.033203 0.054688
0 0.733398 0.485352 0.037109 0.044922
0 0.165039 0.533203 0.044922 0.066406
0 0.411133 0.514648 0.044922 0.029297
0 0.641602 0.625000 0.083984 0.113281
0 0.778320 0.731445 0.056641 0.083984
0 0.910156 0.852539 0.062500 0.052734
0 0.438477 0.964120 0.052734 0.068865
