0 0.530513 0.536903 0.039056 0.069465
0 0.422852 0.032227 0.033203 0.064453
0 0.901367 0.047852 0.052734 0.029297
0 0.344727 0.126953 0.115234 0.109375
0 0.731445 0.125000 0.044922 0.070312
0 0.136719 0.125000 0.074219 0.062500
0 0.482422 0.158203 0.046875 0.109375
0 0.856445 0.203125 0.041016 0.039062
0 0.939453 0.277344 0.046875 0.050781
0 0.953125 0.332031 0.031250 0.046875
0 0.169922 0.420898 0.027344 0.087891
0 0.128906 0.547852 0.046875 0.029297
0 0.486328 0.625000 0.035156 0.054688
0 0.704102 0.628906 0.021484 0.058594
0 0.876953 0.652344 0.058594 0.101562
0 0.389648 0.653320 0.041016 0.068359
0 0.543945 0.649414 0.029297 0.044922
0 0.783203 0.780273 0.054688 0.068359
0 0.470703 0.834961 0.058594 0.126953
0 0.958984 0.942383 0.035156 0.056641
