0 0.255899 0.605644 0.057771 0.099855
0 0.339844 0.026367 0.050781 0.052734
0 0.579102 0.077148 0.037109 0.037109
0 0.607422 0.181641 0.039062 0.058594
0 0.065430 0.262695 0.064453 0.099609
0 0.890625 0.246094 0.039062 0.066406
0 0.214844 0.277344 0.050781 0.089844
0 0.112305 0.271484 0.029297 0.039062
0 0.814453 0.301758 0.066406 0.091797
0 0.896484 0.528320 0.035156 0.048828
0 0.982992 0.571289 0.032389 0.072266
0 0.839844 0.583984 0.058594 0.070312
0 0.731445 0.647461 0.041016 0.048828
0 0.452148 0.685547 0.033203 0.058594
0 0.898438 0.769531 0.054688 0.058594
0 0.703125 0.876953 0.023438 0.050781
0 0.137695 0.889648 0.021484 0.064453
0 0.921875 0.967050 0.031250 0.063006
0 0.787109 0.983651 0.054688 0.029803
