0 0.486168 0.687410 0.025224 0.040521
0 0.423828 0.046875 0.031250 0.035156
0 0.285156 0.074219 0.042969 0.027344
0 0.058594 0.125000 0.050781 0.058594
0 0.401367 0.113281 0.044922 0.039062
0 0.720703 0.136719 0.050781 0.031250
0 0.860352 0.174805 0.033203 0.041016
0 0.328125 0.183594 0.027344 0.050781
0 0.579102 0.204102 0.033203 0.033203
0 0.482422 0.256836 0.027344 0.060547
0 0.302734 0.279297 0.066406 0.050781
0 0.892578 0.295898 0.019531 0.072266
0 0.902344 0.418945 0.054688 0.037109
0 0.139648 0.434570 0.029297 0.064453
0 0.826172 0.441406 0.035156 0.054688
0 0.860352 0.503906 0.029297 0.058594
0 0.122070 0.561523 0.056641 0.056641
0 0.466797 0.578125 0.046875 0.019531
0 0.690430 0.615234 0.048828 0.078125
0 0.264648 0.620117 0.021484 0.056641
0 0.576172 0.653320 0.031250 0.060547
0 0.661133 0.892578 0.048828 0.031250
0 0.355469 0.916992 0.035156 0.041016
0 0.455078 0.935547 0.019531 0.046875
