0 0.417006 0.452243 0.039870 0.073806
0 0.716797 0.057617 0.070312 0.064453
0 0.416992 0.083008 0.033203 0.037109
0 0.064453 0.105469 0.050781 0.042969
0 0.548828 0.114258 0.031250 0.037109
0 0.637695 0.148438 0.037109 0.070312
0 0.778320 0.238281 0.044922 0.031250
0 0.401367 0.310547 0.044922 0.058594
0 0.717773 0.311523 0.052734 0.060547
0 0.923828 0.360352 0.031250 0.044922
0 0.342773 0.394531 0.044922 0.031250
0 0.937500 0.413086 0.042969 0.033203
0 0.499023 0.439453 0.048828 0.058594
0 0.343750 0.451172 0.050781 0.035156
0 0.637695 0.528320 0.033203 0.060547
0 0.587891 0.613281 0.050781 0.078125
0 0.437500 0.633789 0.050781 0.080078
0 0.109375 0.674805 0.023438 0.080078
0 0.284180 0.736328 0.048828 0.039062
0 0.079102 0.763672 0.025391 0.085938
0 0.638672 0.768555 0.039062 0.041016
0 0.749023 0.813477 0.044922 0.044922
0 0.829102 0.908203 0.033203 0.058594
0 0.889648 0.935547 0.025391 0.058594
