0 0.457282 0.688857 0.035801 0.069465
0 0.404297 0.029297 0.058594 0.058594
0 0.139648 0.088867 0.025391 0.056641
0 0.656250 0.109375 0.046875 0.019531
0 0.841797 0.203125 0.054688 0.027344
0 0.965413 0.262695 0.067546 0.044922
0 0.671875 0.329102 0.031250 0.091797
0 0.443359 0.436523 0.058594 0.130859
0 0.167969 0.412109 0.031250 0.062500
0 0.718750 0.530273 0.058594 0.119141
0 0.138672 0.686523 0.078125 0.126953
0 0.675781 0.754883 0.042969 0.068359
0 0.290039 0.796875 0.068359 0.101562
0 0.537109 0.886719 0.054688 0.074219
0 0.294922 0.906250 0.027344 0.066406
0 0.423828 0.927734 0.074219 0.078125
0 0.761719 0.937500 0.031250 0.054688
