0 0.283157 0.622287 0.027665 0.052098
0 0.409180 0.027344 0.044922 0.054688
0 0.045898 0.115234 0.029297 0.078125
0 0.792969 0.113281 0.039062 0.039062
0 0.013672 0.209961 0.027344 0.041016
0 0.125000 0.218750 0.050781 0.050781
0 0.832031 0.283203 0.023438 0.046875
0 0.549805 0.313477 0.029297 0.052734
0 0.330078 0.334961 0.019531 0.056641
0 0.703125 0.388672 0.015625 0.074219
0 0.359375 0.443359 0.027344 0.058594
0 0.796875 0.840820 0.031250 0.064453
0 0.890625 0.841797 0.023438 0.054688
0 0.080078 0.858398 0.015625 0.076172
0 0.527344 0.847656 0.042969 0.054688
0 0.841797 0.946289 0.054688 0.068359
0 0.922852 0.964120 0.029297 0.068865
0 0.731445 0.956055 0.033203 0.037109
0 0.172852 0.971933 0.017578 0.053240
