0 0.486574 0.790883 0.043938 0.062229
0 0.113281 0.133789 0.046875 0.091797
0 0.299805 0.192383 0.083984 0.064453
0 0.797852 0.289062 0.029297 0.046875
0 0.500977 0.392578 0.103516 0.121094
0 0.871094 0.393555 0.054688 0.087891
0 0.671875 0.390625 0.031250 0.039062
0 0.765625 0.498047 0.039062 0.066406
0 0.017578 0.585938 0.035156 0.039062
0 0.704102 0.600586 0.025391 0.056641
0 0.423828 0.608398 0.031250 0.033203
0 0.264648 0.640625 0.029297 0.089844
0 0.857422 0.624023 0.023438 0.052734
0 0.953125 0.702148 0.039062 0.044922
0 0.411133 0.732422 0.044922 0.031250
0 0.860352 0.808594 0.037109 0.058594
