0 0.404801 0.441389 0.052889 0.089725
0 0.247070 0.084961 0.048828 0.052734
0 0.594727 0.142578 0.052734 0.085938
0 0.952148 0.265625 0.029297 0.042969
0 0.499023 0.278320 0.056641 0.056641
0 0.667969 0.276367 0.031250 0.044922
0 0.358398 0.366211 0.029297 0.037109
0 0.545898 0.419922 0.017578 0.078125
0 0.271484 0.584961 0.031250 0.037109
0 0.421875 0.660156 0.070312 0.062500
0 0.953125 0.667969 0.031250 0.035156
0 0.291992 0.671875 0.056641 0.023438
0 0.144531 0.703125 0.039062 0.035156
0 0.907227 0.733398 0.052734 0.080078
0 0.652344 0.796875 0.054688 0.089844
0 0.347656 0.862305 0.042969 0.029297
0 0.889648 0.953378 0.029297 0.090350
0 0.672852 0.937500 0.029297 0.050781
0 0.740234 0.985605 0.050781 0.025897
