0 0.474369 0.482634 0.026037 0.044863
0 0.826172 0.088867 0.027344 0.048828
0 0.234375 0.123047 0.039062 0.066406
0 0.907227 0.173828 0.060547 0.097656
0 0.615234 0.206055 0.039062 0.033203
0 0.163086 0.278320 0.048828 0.072266
0 0.390625 0.312500 0.031250 0.101562
0 0.263672 0.453125 0.035156 0.093750
0 0.560547 0.457031 0.046875 0.078125
0 0.940430 0.473633 0.041016 0.044922
0 0.250000 0.686523 0.054688 0.064453
0 0.654297 0.697266 0.050781 0.089844
0 0.013672 0.690430 0.027344 0.060547
0 0.844727 0.730469 0.052734 0.070312
0 0.323242 0.787109 0.037109 0.109375
0 0.856445 0.843750 0.033203 0.058594
0 0.344727 0.940683 0.052734 0.115740
