0 0.612693 0.668596 0.040683 0.063676
0 0.310547 0.059570 0.054688 0.052734
0 0.472656 0.060547 0.050781 0.050781
0 0.772461 0.105469 0.033203 0.089844
0 0.216797 0.292969 0.058594 0.089844
0 0.015625 0.270508 0.031250 0.041016
0 0.087891 0.301758 0.050781 0.087891
0 0.591797 0.359375 0.054688 0.093750
0 0.906250 0.363281 0.058594 0.085938
0 0.206055 0.357422 0.037109 0.042969
0 0.394531 0.376953 0.039062 0.050781
0 0.329102 0.393555 0.041016 0.041016
0 0.423828 0.478516 0.042969 0.062500
0 0.299805 0.497070 0.033203 0.068359
0 0.547852 0.514648 0.033203 0.072266
0 0.231445 0.513672 0.033203 0.031250
0 0.194336 0.605469 0.048828 0.039062
0 0.685547 0.877930 0.054688 0.185547
0 0.109375 0.827148 0.031250 0.033203
0 0.578125 0.920898 0.027344 0.087891
0 0.107422 0.955078 0.039062 0.042969
