0 0.364117 0.754703 0.030106 0.053546
0 0.605469 0.058594 0.031250 0.050781
0 0.872070 0.112305 0.056641 0.076172
0 0.766602 0.110352 0.033203 0.060547
0 0.191406 0.129883 0.050781 0.052734
0 0.612305 0.185547 0.021484 0.046875
0 0.077148 0.206055 0.025391 0.044922
0 0.361328 0.234375 0.031250 0.078125
0 0.885742 0.221680 0.037109 0.052734
0 0.971273 0.233398 0.055827 0.025391
0 0.750977 0.274414 0.048828 0.060547
0 0.608398 0.266602 0.080078 0.025391
0 0.268555 0.313477 0.029297 0.048828
0 0.403320 0.372070 0.044922 0.060547
0 0.013672 0.375977 0.027344 0.056641
0 0.330078 0.484375 0.015625 0.066406
0 0.137695 0.558594 0.025391 0.050781
0 0.171875 0.657227 0.031250 0.060547
0 0.608398 0.736328 0.025391 0.085938
0 0.406250 0.817383 0.046875 0.048828
0 0.750977 0.920898 0.048828 0.083984
0 0.083008 0.939453 0.072266 0.062500
0 0.356445 0.950195 0.029297 0.044922
0 0.476562 0.969980 0.066406 0.057147
