0 0.464605 0.637482 0.037429 0.065123
0 0.373047 0.059570 0.058594 0.119141
0 0.516602 0.017578 0.033203 0.035156
0 0.154297 0.093750 0.062500 0.062500
0 0.609375 0.095703 0.035156 0.062500
0 0.982992 0.108398 0.032389 0.029297
0 0.660156 0.126953 0.050781 0.046875
0 0.967367 0.221680 0.063639 0.107422
0 0.581055 0.208984 0.025391 0.046875
0 0.202148 0.291016 0.080078 0.082031
0 0.316406 0.347656 0.058594 0.070312
0 0.189453 0.385742 0.050781 0.087891
0 0.203125 0.460938 0.023438 0.054688
0 0.473633 0.765625 0.080078 0.105469
0 0.856445 0.765625 0.033203 0.031250
0 0.768555 0.816406 0.025391 0.046875
0 0.592773 0.906250 0.064453 0.070312
0 0.846680 0.887695 0.056641 0.029297
