0 0.391375 0.533285 0.045566 0.079595
0 0.883789 0.089844 0.048828 0.066406
0 0.735352 0.135742 0.033203 0.044922
0 0.548828 0.163086 0.035156 0.076172
0 0.675781 0.290039 0.035156 0.076172
0 0.577148 0.312500 0.037109 0.074219
0 0.730469 0.310547 0.031250 0.054688
0 0.815430 0.361328 0.060547 0.089844
0 0.125977 0.500000 0.056641 0.058594
0 0.257812 0.550781 0.042969 0.074219
0 0.455078 0.595703 0.031250 0.058594
0 0.714844 0.600586 0.042969 0.052734
0 0.889648 0.818359 0.033203 0.062500
0 0.132812 0.820312 0.039062 0.039062
0 0.612305 0.839844 0.033203 0.062500
0 0.292969 0.874023 0.035156 0.123047
0 0.720703 0.889648 0.046875 0.126953
0 0.669922 0.905273 0.023438 0.056641
0 0.610352 0.959237 0.029297 0.078631
0 0.151367 0.969003 0.052734 0.059100
0 0.402344 0.971933 0.046875 0.053240
