0 0.666802 0.835745 0.043124 0.065123
0 0.215820 0.024414 0.044922 0.048828
0 0.551758 0.124023 0.037109 0.056641
0 0.296875 0.186523 0.027344 0.115234
0 0.418945 0.166016 0.041016 0.050781
0 0.485352 0.178711 0.037109 0.068359
0 0.840820 0.171875 0.048828 0.031250
0 0.185547 0.249023 0.058594 0.056641
0 0.660156 0.390625 0.066406 0.089844
0 0.859375 0.363281 0.027344 0.039062
0 0.203125 0.388672 0.035156 0.039062
0 0.556641 0.471680 0.054688 0.115234
0 0.013672 0.562500 0.027344 0.058594
0 0.898438 0.598633 0.050781 0.076172
0 0.986898 0.593750 0.024577 0.058594
0 0.694336 0.732422 0.044922 0.042969
0 0.313477 0.828125 0.052734 0.144531
0 0.750977 0.788086 0.052734 0.052734
0 0.888672 0.807617 0.035156 0.056641
0 0.422852 0.875000 0.021484 0.054688
0 0.245117 0.939453 0.056641 0.070312
0 0.076172 0.954102 0.039062 0.041016
0 0.590820 0.979745 0.052734 0.037615
