0 0.554516 0.601302 0.018714 0.039074
0 0.204102 0.019531 0.029297 0.039062
0 0.829102 0.097656 0.025391 0.042969
0 0.348633 0.112305 0.044922 0.029297
0 0.250000 0.127930 0.058594 0.052734
0 0.703125 0.190430 0.031250 0.052734
0 0.891602 0.191406 0.033203 0.054688
0 0.105469 0.267578 0.085938 0.093750
0 0.729492 0.277344 0.029297 0.050781
0 0.795898 0.294922 0.029297 0.042969
0 0.671875 0.381836 0.031250 0.068359
0 0.172852 0.390625 0.033203 0.035156
0 0.578125 0.390625 0.031250 0.035156
0 0.519531 0.452148 0.023438 0.072266
0 0.579102 0.486328 0.033203 0.035156
0 0.347656 0.487305 0.042969 0.025391
0 0.860352 0.795898 0.041016 0.041016
0 0.293945 0.884766 0.029297 0.039062
0 0.609375 0.929688 0.031250 0.046875
0 0.263672 0.946289 0.035156 0.044922
0 0.860352 0.952148 0.033203 0.033203
0 0.047852 0.969003 0.025391 0.059100
