0 0.328316 0.208394 0.046379 0.081042
0 0.517578 0.014648 0.046875 0.029297
0 0.340820 0.058594 0.048828 0.054688
0 0.048828 0.146484 0.039062 0.066406
0 0.749023 0.142578 0.056641 0.039062
0 0.578125 0.264648 0.039062 0.041016
0 0.284180 0.367188 0.041016 0.035156
0 0.608398 0.385742 0.037109 0.048828
0 0.069336 0.421875 0.076172 0.089844
0 0.905273 0.448242 0.064453 0.052734
0 0.201172 0.485352 0.019531 0.076172
0 0.827148 0.514648 0.041016 0.095703
0 0.908203 0.762695 0.050781 0.025391
0 0.235352 0.834961 0.087891 0.130859
0 0.855469 0.818359 0.050781 0.074219
0 0.983968 0.802734 0.030436 0.039062
0 0.736328 0.889648 0.039062 0.041016
0 0.451172 0.922852 0.039062 0.044922
