0 0.406835 0.345876 0.039056 0.072359
0 0.452148 0.054688 0.033203 0.050781
0 0.670898 0.088867 0.025391 0.060547
0 0.906250 0.094727 0.054688 0.060547
0 0.161133 0.171875 0.044922 0.031250
0 0.984945 0.265625 0.028483 0.035156
0 0.092773 0.281250 0.056641 0.058594
0 0.097656 0.377930 0.046875 0.044922
0 0.514648 0.418945 0.029297 0.037109
0 0.750000 0.454102 0.054688 0.080078
0 0.376953 0.487305 0.058594 0.033203
0 0.579102 0.506836 0.029297 0.060547
0 0.468750 0.544922 0.050781 0.023438
0 0.852539 0.621094 0.029297 0.054688
0 0.641602 0.655273 0.029297 0.052734
0 0.485352 0.690430 0.021484 0.072266
0 0.814453 0.692383 0.050781 0.048828
0 0.363281 0.859375 0.035156 0.031250
0 0.295898 0.883789 0.025391 0.041016
0 0.136719 0.921875 0.039062 0.031250
