0 0.491050 0.511577 0.028478 0.059334
0 0.643555 0.107422 0.044922 0.039062
0 0.721680 0.157227 0.052734 0.060547
0 0.826172 0.229492 0.031250 0.041016
0 0.738281 0.246094 0.027344 0.062500
0 0.981038 0.249023 0.036296 0.052734
0 0.316406 0.305664 0.058594 0.103516
0 0.671875 0.285156 0.019531 0.050781
0 0.061523 0.343750 0.048828 0.046875
0 0.168945 0.354492 0.033203 0.048828
0 0.629883 0.359375 0.056641 0.019531
0 0.627930 0.456055 0.044922 0.025391
0 0.629883 0.579102 0.052734 0.033203
0 0.074219 0.591797 0.027344 0.050781
0 0.355469 0.660156 0.031250 0.050781
0 0.985921 0.719727 0.026530 0.048828
0 0.791992 0.740234 0.080078 0.078125
0 0.971273 0.795898 0.055827 0.064453
0 0.480469 0.894531 0.078125 0.140625
0 0.811523 0.873047 0.056641 0.062500
0 0.932617 0.894531 0.052734 0.097656
