0 0.407648 0.529667 0.048820 0.086831
0 0.331055 0.081055 0.076172 0.080078
0 0.082031 0.182617 0.078125 0.060547
0 0.752930 0.213867 0.048828 0.115234
0 0.508789 0.234375 0.041016 0.082031
0 0.612305 0.245117 0.037109 0.083984
0 0.810547 0.359375 0.054688 0.093750
0 0.501953 0.470703 0.042969 0.042969
0 0.750000 0.687500 0.058594 0.136719
0 0.263672 0.667969 0.023438 0.062500
0 0.907227 0.729492 0.060547 0.076172
0 0.143555 0.780273 0.037109 0.064453
0 0.921875 0.791016 0.027344 0.039062
0 0.685547 0.835938 0.054688 0.046875
0 0.207031 0.887695 0.082031 0.091797
0 0.865234 0.921875 0.035156 0.093750
0 0.484375 0.949219 0.031250 0.042969
0 0.286133 0.973886 0.041016 0.049334
