0 0.689178 0.539074 0.024410 0.044863
0 0.466797 0.092773 0.054688 0.064453
0 0.472656 0.167969 0.042969 0.035156
0 0.539062 0.241211 0.046875 0.052734
0 0.643555 0.246094 0.025391 0.050781
0 0.874023 0.247070 0.048828 0.056641
0 0.313477 0.282227 0.044922 0.044922
0 0.046875 0.295898 0.031250 0.037109
0 0.942383 0.340820 0.041016 0.052734
0 0.609375 0.354492 0.035156 0.044922
0 0.011719 0.406250 0.023438 0.046875
0 0.892578 0.413086 0.031250 0.044922
0 0.170898 0.439453 0.029297 0.054688
0 0.663086 0.464844 0.048828 0.042969
0 0.216797 0.487305 0.046875 0.025391
0 0.719727 0.610352 0.048828 0.087891
0 0.860352 0.616211 0.037109 0.080078
0 0.074219 0.619141 0.027344 0.046875
0 0.586914 0.698242 0.052734 0.091797
0 0.108398 0.700195 0.033203 0.048828
0 0.296875 0.739258 0.031250 0.041016
0 0.093750 0.825195 0.054688 0.091797
0 0.984945 0.814453 0.028483 0.062500
0 0.607422 0.830078 0.031250 0.082031
0 0.293945 0.901367 0.068359 0.052734
0 0.640625 0.949219 0.031250 0.054688
0 0.855469 0.982675 0.035156 0.031756
