0 0.414565 0.371925 0.043124 0.072359
0 0.766602 0.082031 0.025391 0.082031
0 0.466797 0.115234 0.054688 0.101562
0 0.108398 0.217773 0.076172 0.056641
0 0.769531 0.255859 0.019531 0.050781
0 0.782227 0.326172 0.052734 0.031250
0 0.973226 0.336914 0.051921 0.048828
0 0.026367 0.487305 0.052734 0.087891
0 0.091797 0.636719 0.062500 0.101562
0 0.815430 0.668945 0.060547 0.087891
0 0.558594 0.708984 0.050781 0.031250
0 0.605469 0.750000 0.023438 0.046875
0 0.724609 0.769531 0.050781 0.085938
0 0.546875 0.777344 0.015625 0.058594
0 0.577148 0.860352 0.021484 0.064453
0 0.346680 0.857422 0.048828 0.031250
0 0.655273 0.937500 0.052734 0.074219
0 0.456055 0.983651 0.056641 0.029803
