0 0.548007 0.385673 0.030106 0.039074
0 0.667969 0.023438 0.035156 0.046875
0 0.454102 0.106445 0.029297 0.099609
0 0.500000 0.190430 0.046875 0.083984
0 0.596680 0.185547 0.052734 0.054688
0 0.453125 0.310547 0.023438 0.109375
0 0.672852 0.327148 0.029297 0.037109
0 0.824219 0.474609 0.031250 0.042969
0 0.952148 0.501953 0.025391 0.050781
0 0.110352 0.513672 0.033203 0.039062
0 0.418945 0.529297 0.021484 0.042969
0 0.388672 0.584961 0.023438 0.056641
0 0.589844 0.634766 0.054688 0.085938
0 0.139648 0.638672 0.021484 0.070312
0 0.014648 0.711914 0.029297 0.048828
0 0.545898 0.704102 0.033203 0.033203
0 0.694336 0.797852 0.056641 0.095703
0 0.279297 0.798828 0.054688 0.085938
0 0.951172 0.788086 0.031250 0.044922
0 0.592773 0.798828 0.048828 0.046875
0 0.579102 0.945312 0.025391 0.042969
