0 0.626526 0.908104 0.022783 0.050651
0 0.892578 0.015625 0.031250 0.031250
0 0.013672 0.111328 0.027344 0.050781
0 0.329102 0.209961 0.021484 0.056641
0 0.513672 0.250000 0.027344 0.050781
0 0.986898 0.307617 0.024577 0.048828
0 0.081055 0.426758 0.080078 0.076172
0 0.436523 0.425781 0.044922 0.074219
0 0.629883 0.515625 0.041016 0.035156
0 0.987874 0.590820 0.022624 0.044922
0 0.856445 0.635742 0.025391 0.060547
0 0.153320 0.782227 0.044922 0.052734
0 0.011719 0.810547 0.023438 0.046875
0 0.597656 0.841797 0.046875 0.054688
0 0.189453 0.876953 0.050781 0.054688
0 0.657227 0.916016 0.056641 0.070312
0 0.573242 0.925781 0.025391 0.046875
