0 0.311635 0.682344 0.060212 0.117221
0 0.454102 0.077148 0.025391 0.044922
0 0.813477 0.200195 0.044922 0.072266
0 0.014648 0.274414 0.029297 0.056641
0 0.613281 0.299805 0.085938 0.091797
0 0.235352 0.321289 0.021484 0.068359
0 0.158203 0.377930 0.050781 0.060547
0 0.862305 0.399414 0.041016 0.060547
0 0.980062 0.391602 0.038249 0.037109
0 0.236328 0.417969 0.031250 0.035156
0 0.741211 0.464844 0.060547 0.042969
0 0.077148 0.517578 0.029297 0.089844
0 0.782227 0.511719 0.052734 0.050781
0 0.533203 0.578125 0.046875 0.046875
0 0.232422 0.594727 0.023438 0.048828
0 0.202148 0.650391 0.021484 0.050781
0 0.046875 0.650391 0.027344 0.042969
0 0.578125 0.662109 0.023438 0.054688
0 0.026367 0.876953 0.052734 0.062500
