0 0.433686 0.231548 0.037429 0.057887
0 0.229492 0.013672 0.033203 0.027344
0 0.891602 0.019531 0.025391 0.039062
0 0.421875 0.123047 0.027344 0.058594
0 0.684570 0.267578 0.044922 0.074219
0 0.915039 0.312500 0.064453 0.058594
0 0.128906 0.366211 0.046875 0.060547
0 0.719727 0.406250 0.052734 0.070312
0 0.389648 0.415039 0.029297 0.060547
0 0.502930 0.475586 0.048828 0.080078
0 0.066406 0.494141 0.054688 0.050781
0 0.391602 0.592773 0.037109 0.115234
0 0.080078 0.608398 0.035156 0.083984
0 0.702148 0.592773 0.021484 0.048828
0 0.499023 0.651367 0.048828 0.052734
0 0.768555 0.672852 0.037109 0.087891
0 0.579102 0.754883 0.025391 0.044922
0 0.847656 0.814453 0.058594 0.117188
0 0.658203 0.917969 0.054688 0.042969
0 0.249023 0.940430 0.052734 0.076172
0 0.831055 0.949219 0.037109 0.046875
0 0.500000 0.965097 0.042969 0.066912
