0 0.652156 0.680897 0.057771 0.091172
0 0.445312 0.025391 0.054688 0.050781
0 0.860352 0.041992 0.029297 0.037109
0 0.658203 0.067383 0.062500 0.068359
0 0.840820 0.106445 0.052734 0.037109
0 0.471680 0.198242 0.060547 0.087891
0 0.826172 0.173828 0.070312 0.031250
0 0.981038 0.234375 0.036296 0.031250
0 0.692383 0.383789 0.044922 0.052734
0 0.828125 0.414062 0.031250 0.050781
0 0.968343 0.483398 0.061686 0.025391
0 0.875000 0.486328 0.046875 0.023438
0 0.269531 0.605469 0.070312 0.109375
0 0.057617 0.578125 0.052734 0.031250
0 0.182617 0.654297 0.044922 0.058594
0 0.129883 0.799805 0.060547 0.103516
0 0.736328 0.819336 0.093750 0.126953
0 0.096680 0.964120 0.052734 0.068865
