0 0.406835 0.691027 0.043938 0.082489
0 0.230469 0.066406 0.039062 0.054688
0 0.640625 0.067383 0.027344 0.048828
0 0.905273 0.103516 0.056641 0.054688
0 0.066406 0.119141 0.054688 0.050781
0 0.941406 0.167969 0.042969 0.031250
0 0.188477 0.233398 0.060547 0.033203
0 0.326172 0.245117 0.031250 0.052734
0 0.551758 0.299805 0.025391 0.080078
0 0.844727 0.328125 0.068359 0.093750
0 0.453125 0.333008 0.019531 0.072266
0 0.516602 0.408203 0.025391 0.058594
0 0.737305 0.434570 0.037109 0.064453
0 0.383789 0.424805 0.091797 0.029297
0 0.011719 0.469727 0.023438 0.048828
0 0.421875 0.527344 0.023438 0.050781
0 0.673828 0.581055 0.027344 0.037109
0 0.273438 0.594727 0.035156 0.052734
0 0.985921 0.624023 0.026530 0.052734
0 0.811523 0.862305 0.056641 0.037109
0 0.904297 0.893555 0.054688 0.087891
0 0.134766 0.956055 0.027344 0.048828
