0 0.417006 0.571635 0.043124 0.072359
0 0.373047 0.056641 0.054688 0.054688
0 0.863281 0.048828 0.046875 0.039062
0 0.730469 0.070312 0.074219 0.070312
0 0.615234 0.082031 0.066406 0.031250
0 0.029297 0.166016 0.058594 0.035156
0 0.394531 0.172852 0.035156 0.048828
0 0.350586 0.285156 0.052734 0.113281
0 0.125977 0.353516 0.060547 0.089844
0 0.177734 0.439453 0.031250 0.046875
0 0.603516 0.508789 0.042969 0.068359
0 0.362305 0.527344 0.037109 0.058594
0 0.744141 0.675781 0.054688 0.089844
0 0.341797 0.691406 0.062500 0.113281
0 0.105469 0.700195 0.058594 0.087891
0 0.476562 0.735352 0.050781 0.095703
0 0.871094 0.774414 0.050781 0.048828
0 0.578125 0.880859 0.019531 0.062500
0 0.125977 0.935547 0.052734 0.054688
