0 0.613507 0.651954 0.034174 0.073806
0 0.578125 0.020508 0.027344 0.041016
0 0.811523 0.032227 0.056641 0.064453
0 0.054688 0.111328 0.050781 0.027344
0 0.149414 0.159180 0.052734 0.060547
0 0.389648 0.185547 0.041016 0.066406
0 0.267578 0.205078 0.039062 0.085938
0 0.455078 0.237305 0.027344 0.080078
0 0.172852 0.377930 0.021484 0.048828
0 0.861328 0.444336 0.031250 0.048828
0 0.607422 0.465820 0.027344 0.060547
0 0.125000 0.451172 0.058594 0.027344
0 0.689453 0.472656 0.046875 0.042969
0 0.303711 0.507812 0.041016 0.093750
0 0.608398 0.568359 0.025391 0.046875
0 0.401367 0.589844 0.048828 0.050781
0 0.393555 0.645508 0.025391 0.056641
0 0.201172 0.647461 0.027344 0.044922
0 0.465820 0.739258 0.044922 0.056641
0 0.563477 0.776367 0.044922 0.056641
0 0.440430 0.846680 0.044922 0.052734
0 0.736328 0.888672 0.042969 0.035156
0 0.546875 0.921875 0.019531 0.050781
0 0.868164 0.916016 0.044922 0.042969
0 0.045898 0.950195 0.025391 0.041016
