0 0.412531 0.478292 0.042311 0.079595
0 0.078125 0.085938 0.023438 0.054688
0 0.252930 0.107422 0.041016 0.027344
0 0.777344 0.178711 0.046875 0.087891
0 0.469727 0.224609 0.052734 0.105469
0 0.798828 0.277344 0.023438 0.062500
0 0.099609 0.302734 0.046875 0.074219
0 0.786133 0.400391 0.064453 0.109375
0 0.984945 0.440430 0.028483 0.052734
0 0.014648 0.608398 0.029297 0.072266
0 0.086914 0.735352 0.044922 0.048828
0 0.816406 0.789062 0.058594 0.105469
0 0.063477 0.785156 0.048828 0.046875
0 0.559570 0.840820 0.052734 0.044922
0 0.729492 0.895508 0.056641 0.083984
0 0.546875 0.901367 0.019531 0.060547
0 0.342773 0.984628 0.044922 0.027850
