0 0.568348 0.600579 0.030106 0.054993
0 0.984945 0.151367 0.028483 0.052734
0 0.265625 0.268555 0.089844 0.142578
0 0.421875 0.293945 0.019531 0.080078
0 0.094727 0.308594 0.048828 0.058594
0 0.862305 0.383789 0.037109 0.056641
0 0.921875 0.537109 0.031250 0.054688
0 0.193359 0.579102 0.062500 0.087891
0 0.475586 0.616211 0.041016 0.041016
0 0.920898 0.641602 0.033203 0.087891
0 0.349609 0.633789 0.046875 0.052734
0 0.012695 0.638672 0.025391 0.035156
0 0.194336 0.724609 0.052734 0.062500
0 0.435547 0.772461 0.054688 0.068359
0 0.741211 0.843750 0.048828 0.066406
0 0.452148 0.984628 0.041016 0.027850
