0 0.485354 0.707670 0.020342 0.046310
0 0.533203 0.028320 0.046875 0.056641
0 0.293945 0.097656 0.052734 0.066406
0 0.614258 0.108398 0.056641 0.087891
0 0.424805 0.107422 0.029297 0.039062
0 0.199219 0.129883 0.046875 0.076172
0 0.734375 0.125977 0.031250 0.068359
0 0.400391 0.244141 0.058594 0.074219
0 0.610352 0.409180 0.017578 0.103516
0 0.763672 0.452148 0.031250 0.091797
0 0.297852 0.452148 0.037109 0.041016
0 0.131836 0.484375 0.048828 0.027344
0 0.233398 0.525391 0.025391 0.046875
0 0.776367 0.563477 0.048828 0.056641
0 0.550781 0.668945 0.039062 0.041016
0 0.159180 0.715820 0.048828 0.052734
0 0.404297 0.731445 0.050781 0.076172
0 0.547852 0.817383 0.021484 0.064453
0 0.351562 0.839844 0.042969 0.050781
0 0.449219 0.929688 0.031250 0.046875
0 0.392578 0.936523 0.019531 0.052734
