0 0.406835 0.382779 0.034174 0.070912
0 0.204102 0.061523 0.029297 0.056641
0 0.438477 0.091797 0.052734 0.062500
0 0.939453 0.125000 0.054688 0.062500
0 0.014648 0.165039 0.029297 0.044922
0 0.921875 0.242188 0.039062 0.042969
0 0.673828 0.286133 0.031250 0.048828
0 0.158203 0.309570 0.054688 0.052734
0 0.907227 0.330078 0.056641 0.050781
0 0.741211 0.371094 0.060547 0.050781
0 0.338867 0.374023 0.044922 0.048828
0 0.762695 0.413086 0.025391 0.048828
0 0.870117 0.468750 0.052734 0.078125
0 0.987874 0.646484 0.022624 0.062500
0 0.935547 0.729492 0.054688 0.091797
0 0.075195 0.860352 0.037109 0.087891
0 0.880859 0.856445 0.050781 0.080078
0 0.909180 0.938477 0.052734 0.060547
0 0.015625 0.954102 0.031250 0.033203
0 0.308594 0.957031 0.042969 0.023438
