0 0.337673 0.544139 0.034174 0.066570
0 0.608398 0.047852 0.037109 0.037109
0 0.588867 0.149414 0.048828 0.044922
0 0.155273 0.169922 0.052734 0.070312
0 0.858398 0.180664 0.037109 0.068359
0 0.376953 0.236328 0.054688 0.089844
0 0.543945 0.252930 0.037109 0.068359
0 0.705078 0.359375 0.089844 0.089844
0 0.544922 0.374023 0.035156 0.056641
0 0.983968 0.359375 0.030436 0.031250
0 0.908203 0.403320 0.062500 0.060547
0 0.392578 0.423828 0.023438 0.082031
0 0.062500 0.633789 0.054688 0.091797
0 0.340820 0.655273 0.052734 0.119141
0 0.788086 0.651367 0.048828 0.056641
0 0.095703 0.754883 0.058594 0.076172
0 0.813477 0.803711 0.064453 0.154297
0 0.297852 0.835938 0.029297 0.042969
0 0.564453 0.925781 0.046875 0.082031
0 0.226562 0.982675 0.054688 0.031756
0 0.638672 0.982675 0.031250 0.031756
0 0.130859 0.984628 0.042969 0.027850
