0 0.554923 0.447902 0.032547 0.059334
0 0.671875 0.141602 0.039062 0.044922
0 0.981038 0.170898 0.036296 0.025391
0 0.083984 0.191406 0.035156 0.050781
0 0.785156 0.241211 0.050781 0.048828
0 0.108398 0.324219 0.033203 0.066406
0 0.235352 0.346680 0.017578 0.103516
0 0.327148 0.349609 0.025391 0.058594
0 0.791016 0.374023 0.054688 0.068359
0 0.688477 0.529297 0.048828 0.105469
0 0.922852 0.613281 0.025391 0.085938
0 0.159180 0.627930 0.056641 0.064453
0 0.549805 0.667969 0.041016 0.093750
0 0.633789 0.759766 0.037109 0.054688
0 0.805664 0.778320 0.052734 0.076172
0 0.094727 0.794922 0.052734 0.085938
0 0.372070 0.822266 0.052734 0.093750
0 0.230469 0.808594 0.039062 0.062500
0 0.620117 0.874023 0.052734 0.099609
0 0.326172 0.967050 0.031250 0.063006
