0 0.718877 0.691751 0.028478 0.057887
0 0.791016 0.014648 0.035156 0.029297
0 0.717773 0.075195 0.052734 0.033203
0 0.550781 0.090820 0.027344 0.041016
0 0.269531 0.101562 0.039062 0.050781
0 0.452148 0.123047 0.033203 0.046875
0 0.953125 0.131836 0.035156 0.044922
0 0.171875 0.139648 0.035156 0.029297
0 0.201172 0.219727 0.031250 0.064453
0 0.022461 0.202148 0.044922 0.021484
0 0.640625 0.218750 0.023438 0.050781
0 0.323242 0.290039 0.033203 0.041016
0 0.073242 0.352539 0.037109 0.041016
0 0.776367 0.377930 0.044922 0.048828
0 0.293945 0.407227 0.033203 0.060547
0 0.160156 0.428711 0.074219 0.076172
0 0.743164 0.486328 0.044922 0.042969
0 0.347656 0.536133 0.050781 0.064453
0 0.106445 0.567383 0.029297 0.056641
0 0.312500 0.671875 0.058594 0.093750
0 0.890625 0.657227 0.027344 0.052734
0 0.704102 0.664062 0.025391 0.046875
0 0.130859 0.670898 0.050781 0.033203
0 0.987874 0.808594 0.022624 0.046875
0 0.702148 0.952148 0.029297 0.033203
