0 0.573230 0.252533 0.028478 0.053546
0 0.592773 0.015625 0.041016 0.031250
0 0.842773 0.129883 0.052734 0.068359
0 0.494141 0.150391 0.054688 0.062500
0 0.816406 0.263672 0.058594 0.031250
0 0.078125 0.391602 0.035156 0.037109
0 0.666992 0.436523 0.033203 0.123047
0 0.802734 0.498047 0.039062 0.062500
0 0.713867 0.551758 0.048828 0.072266
0 0.140625 0.625977 0.035156 0.068359
0 0.671875 0.638672 0.031250 0.050781
0 0.353516 0.689453 0.039062 0.054688
0 0.579102 0.709961 0.029297 0.060547
0 0.707031 0.749023 0.031250 0.044922
0 0.065430 0.759766 0.056641 0.039062
0 0.319336 0.806641 0.052734 0.054688
0 0.389648 0.864258 0.041016 0.044922
0 0.880859 0.874023 0.058594 0.064453
0 0.732422 0.951172 0.023438 0.082031
0 0.418945 0.969980 0.029297 0.057147
