0 0.545566 0.688857 0.028478 0.049204
0 0.799805 0.026367 0.021484 0.052734
0 0.687500 0.080078 0.054688 0.082031
0 0.491211 0.106445 0.033203 0.076172
0 0.388672 0.125000 0.031250 0.066406
0 0.576172 0.164062 0.019531 0.050781
0 0.422852 0.193359 0.021484 0.050781
0 0.858398 0.203125 0.033203 0.042969
0 0.640625 0.222656 0.023438 0.062500
0 0.765625 0.249023 0.027344 0.052734
0 0.406250 0.280273 0.046875 0.048828
0 0.701172 0.317383 0.023438 0.056641
0 0.041992 0.385742 0.037109 0.041016
0 0.547852 0.458984 0.033203 0.058594
0 0.479492 0.473633 0.029297 0.052734
0 0.242188 0.519531 0.062500 0.031250
0 0.247070 0.573242 0.048828 0.029297
0 0.124023 0.624023 0.048828 0.048828
0 0.203125 0.642578 0.027344 0.035156
0 0.988851 0.810547 0.020671 0.042969
0 0.126953 0.827148 0.050781 0.029297
0 0.822266 0.951425 0.035156 0.094256
0 0.921875 0.952148 0.031250 0.037109
