0 0.600081 0.796671 0.051261 0.091172
0 0.932617 0.076172 0.044922 0.027344
0 0.266602 0.207031 0.080078 0.074219
0 0.014648 0.221680 0.029297 0.052734
0 0.297852 0.283203 0.033203 0.070312
0 0.468750 0.340820 0.050781 0.107422
0 0.875000 0.366211 0.054688 0.087891
0 0.281250 0.365234 0.058594 0.054688
0 0.634766 0.445312 0.042969 0.089844
0 0.755859 0.583984 0.046875 0.054688
0 0.581055 0.599609 0.033203 0.074219
0 0.092773 0.596680 0.048828 0.056641
0 0.687500 0.659180 0.054688 0.111328
0 0.361328 0.651367 0.035156 0.083984
0 0.318359 0.773438 0.054688 0.097656
0 0.067383 0.898438 0.044922 0.062500
0 0.486328 0.925781 0.031250 0.035156
0 0.547852 0.941406 0.029297 0.066406
