0 0.293735 0.607815 0.021155 0.043415
0 0.065430 0.096680 0.044922 0.044922
0 0.815430 0.155273 0.052734 0.072266
0 0.340820 0.162109 0.056641 0.050781
0 0.153320 0.269531 0.048828 0.035156
0 0.984945 0.307617 0.028483 0.048828
0 0.799805 0.325195 0.080078 0.072266
0 0.234375 0.327148 0.035156 0.037109
0 0.374023 0.354492 0.052734 0.044922
0 0.763672 0.425781 0.031250 0.093750
0 0.378906 0.498047 0.042969 0.050781
0 0.875977 0.610352 0.044922 0.025391
0 0.264648 0.671875 0.029297 0.039062
0 0.468750 0.871094 0.042969 0.042969
0 0.406250 0.957284 0.046875 0.082537
0 0.988851 0.937500 0.020671 0.046875
0 0.918945 0.966073 0.029297 0.064959
0 0.293945 0.957031 0.037109 0.035156
