0 0.946298 0.885673 0.065094 0.115774
0 0.023596 0.444284 0.047193 0.104197
0 0.615948 0.390014 0.055330 0.096961
0 0.459317 0.460203 0.054516 0.101302
0 0.751831 0.543415 0.029292 0.056440
0 0.339300 0.087554 0.086249 0.163531
0 0.886086 0.832127 0.030919 0.063676
0 0.314890 0.215630 0.034174 0.052098
0 0.525224 0.512301 0.023596 0.046310
0 0.931245 0.196093 0.025224 0.047757
0 0.572417 0.308973 0.023596 0.044863
0 0.485354 0.521708 0.020342 0.039074
0 0.633035 0.759768 0.024410 0.049204
0 0.148902 0.400145 0.022783 0.041968
0 0.879577 0.961650 0.048820 0.073806
0 0.226200 0.346599 0.024410 0.047757
0 0.571196 0.133864 0.037429 0.068017
0 0.517494 0.450796 0.035801 0.070912
0 0.183889 0.733719 0.032547 0.063676
0 0.673312 0.510130 0.069162 0.123010
0 0.504068 0.254703 0.030106 0.060781
0 0.505289 0.096961 0.021155 0.040521
0 0.872254 0.373372 0.022783 0.040521
0 0.136290 0.278582 0.104963 0.123010
0 0.078926 0.636035 0.105777 0.180897
0 0.017494 0.900145 0.030106 0.072359
0 0.062653 0.956585 0.045566 0.083936
0 0.517087 0.038350 0.021969 0.050651
0 0.192433 0.073082 0.051261 0.140376
0 0.007323 0.650507 0.014646 0.062229
0 0.039870 0.743126 0.024410 0.053546
