0 0.136290 0.103473 0.065907 0.105644
0 0.786819 0.075253 0.081367 0.107091
0 0.558177 0.290159 0.043938 0.082489
0 0.039056 0.413169 0.048820 0.082489
0 0.254272 0.598408 0.049634 0.073806
0 0.688365 0.045586 0.056957 0.082489
0 0.354760 0.116498 0.021155 0.036179
0 0.502441 0.418958 0.036615 0.070912
0 0.281937 0.693922 0.018714 0.036179
0 0.325875 0.146165 0.025224 0.049204
0 0.471115 0.489870 0.021155 0.039074
0 0.204638 0.500000 0.023596 0.044863
0 0.492677 0.156295 0.021969 0.040521
0 0.285191 0.272069 0.021969 0.037627
0 0.536615 0.423300 0.013832 0.027496
0 0.250610 0.695369 0.021155 0.041968
0 0.540277 0.155572 0.035801 0.062229
0 0.406835 0.347323 0.071603 0.121563
0 0.470708 0.154124 0.018714 0.033285
0 0.265663 0.121563 0.069162 0.121563
0 0.533767 0.485528 0.034174 0.065123
0 0.358828 0.556440 0.017901 0.033285
0 0.408869 0.013748 0.023596 0.027496
0 0.358015 0.465991 0.055330 0.104197
0 0.389748 0.568741 0.024410 0.043415
0 0.034174 0.781476 0.026037 0.046310
0 0.027665 0.665702 0.026037 0.052098
0 0.017087 0.970333 0.034174 0.059334
