0 0.462571 0.620116 0.072417 0.123010
0 0.301058 0.242402 0.123678 0.224313
0 0.593572 0.895803 0.051261 0.086831
0 0.863710 0.755427 0.057771 0.104197
0 0.772172 0.212012 0.045566 0.079595
0 0.082181 0.689580 0.053702 0.088278
0 0.078519 0.373372 0.062653 0.104197
0 0.072010 0.502894 0.049634 0.085384
0 0.226200 0.693198 0.069976 0.141823
0 0.803092 0.645441 0.063466 0.107091
0 0.666802 0.551375 0.038242 0.075253
0 0.820586 0.756151 0.033360 0.059334
0 0.688365 0.224313 0.039056 0.072359
0 0.662327 0.060058 0.047193 0.076700
0 0.013832 0.308973 0.027665 0.096961
0 0.596827 0.529667 0.018714 0.037627
0 0.696501 0.559334 0.017901 0.036179
0 0.566721 0.965991 0.057771 0.068017
0 0.062653 0.617945 0.022783 0.040521
0 0.634662 0.215630 0.021155 0.037627
0 0.537836 0.018813 0.039056 0.037627
0 0.636697 0.482634 0.041497 0.073806
0 0.598861 0.057887 0.045566 0.075253
0 0.618796 0.137482 0.044752 0.069465
0 0.613100 0.522431 0.017087 0.034732
0 0.089504 0.090449 0.128560 0.149059
0 0.801058 0.429088 0.020342 0.036179
0 0.981286 0.278582 0.043938 0.096961
0 0.972335 0.803907 0.039056 0.076700
0 0.197315 0.460203 0.023596 0.043415
