0 0.434500 0.562229 0.069976 0.117221
0 0.630187 0.664255 0.056143 0.104197
0 0.482099 0.886397 0.044752 0.096961
0 0.542718 0.133140 0.052075 0.086831
0 0.404801 0.791606 0.034988 0.066570
0 0.305940 0.075253 0.042311 0.075253
0 0.269731 0.566570 0.049634 0.088278
0 0.344182 0.538350 0.024410 0.049204
0 0.801871 0.145441 0.036615 0.059334
0 0.295769 0.645441 0.021969 0.040521
0 0.487795 0.161360 0.051261 0.091172
0 0.914972 0.227207 0.046379 0.086831
0 0.348251 0.918234 0.030919 0.056440
0 0.349064 0.145441 0.045566 0.073806
0 0.209113 0.109986 0.032547 0.057887
0 0.532140 0.711288 0.026037 0.050651
0 0.735557 0.792330 0.026037 0.050651
0 0.297396 0.743126 0.033360 0.065123
0 0.671684 0.157742 0.054516 0.089725
0 0.161920 0.100579 0.021155 0.041968
0 0.348657 0.980463 0.036615 0.039074
0 0.639544 0.607815 0.021155 0.037627
0 0.222132 0.832127 0.055330 0.147612
0 0.267290 0.098408 0.034988 0.060781
0 0.444264 0.366860 0.061839 0.125904
0 0.520749 0.447902 0.076485 0.146165
0 0.193247 0.412446 0.065907 0.193922
0 0.669650 0.949349 0.029292 0.060781
0 0.642799 0.856006 0.014646 0.033285
