0 0.337673 0.339363 0.034174 0.056440
0 0.910903 0.936324 0.064280 0.112880
0 0.644020 0.660637 0.036615 0.068017
0 0.855574 0.097685 0.039870 0.068017
0 0.231896 0.119392 0.040683 0.068017
0 0.287632 0.379161 0.025224 0.046310
0 0.349878 0.392909 0.022783 0.039074
0 0.743287 0.450072 0.020342 0.043415
0 0.687958 0.647612 0.028478 0.053546
0 0.495118 0.476845 0.026851 0.050651
0 0.316924 0.031114 0.056143 0.062229
0 0.753865 0.860347 0.020342 0.036179
0 0.384866 0.564399 0.017901 0.034732
0 0.730269 0.684515 0.031733 0.054993
0 0.365745 0.429812 0.025224 0.043415
0 0.367372 0.504342 0.061025 0.111433
0 0.482506 0.776411 0.019528 0.039074
0 0.432872 0.473951 0.032547 0.056440
0 0.015053 0.299566 0.030106 0.095514
0 0.785598 0.981187 0.043124 0.034732
0 0.310822 0.423300 0.017901 0.033285
0 0.510578 0.367583 0.056143 0.098408
0 0.058584 0.136035 0.082994 0.112880
0 0.189178 0.157742 0.034988 0.063676
