0 0.253865 0.201158 0.079740 0.136035
0 0.570789 0.642547 0.059398 0.107091
0 0.386086 0.099855 0.056143 0.086831
0 0.677380 0.131693 0.043124 0.075253
0 0.213181 0.958755 0.045566 0.079595
0 0.857201 0.203329 0.065907 0.099855
0 0.527258 0.046310 0.043938 0.075253
0 0.421888 0.279305 0.044752 0.081042
0 0.177380 0.144718 0.040683 0.069465
0 0.266070 0.819826 0.063466 0.131693
0 0.894630 0.633140 0.030106 0.053546
0 0.535801 0.352388 0.021969 0.041968
0 0.731896 0.842258 0.065907 0.118669
0 0.464605 0.827062 0.055330 0.099855
0 0.116355 0.539074 0.065094 0.123010
0 0.639544 0.604920 0.068348 0.136035
0 0.888934 0.868307 0.020342 0.037627
0 0.561432 0.547757 0.024410 0.044863
0 0.884459 0.104197 0.037429 0.069465
0 0.354353 0.356729 0.062653 0.120116
0 0.558584 0.481910 0.020342 0.037627
0 0.579740 0.271346 0.025224 0.047757
0 0.112693 0.273517 0.067535 0.127352
0 0.967860 0.732272 0.062653 0.112880
0 0.270138 0.290883 0.024410 0.040521
0 0.022376 0.465991 0.028478 0.049204
0 0.198129 0.485528 0.017087 0.033285
0 0.395037 0.431259 0.095199 0.138929
0 0.836452 0.676556 0.094386 0.166425
