0 0.542311 0.849493 0.091945 0.193922
0 0.060212 0.345152 0.037429 0.065123
0 0.690806 0.381331 0.056957 0.111433
0 0.756306 0.222865 0.046379 0.078148
0 0.391375 0.952967 0.048820 0.085384
0 0.663141 0.672214 0.055330 0.099855
0 0.452807 0.090449 0.065907 0.108538
0 0.627746 0.390738 0.046379 0.089725
0 0.253865 0.958755 0.053702 0.076700
0 0.222539 0.137482 0.075671 0.115774
0 0.800244 0.580318 0.044752 0.086831
0 0.193653 0.741679 0.065094 0.099855
0 0.314483 0.957308 0.021969 0.041968
0 0.651343 0.460203 0.021969 0.040521
0 0.201383 0.460203 0.030106 0.054993
0 0.009764 0.731548 0.019528 0.059334
0 0.918633 0.494211 0.027665 0.047757
0 0.953214 0.869754 0.044752 0.075253
0 0.365745 0.682344 0.030106 0.059334
0 0.383238 0.862518 0.060212 0.098408
0 0.514646 0.215630 0.034988 0.066570
0 0.966640 0.736614 0.030919 0.052098
0 0.761188 0.906657 0.021969 0.044863
0 0.491456 0.431259 0.133442 0.173661
0 0.675346 0.987699 0.034174 0.033285
0 0.759154 0.993488 0.039056 0.033285
0 0.722945 0.118669 0.015460 0.026049
0 0.387307 0.206223 0.017901 0.039074
