0 0.717250 0.229378 0.064280 0.108538
0 0.554516 0.746020 0.048007 0.091172
0 0.379984 0.481910 0.040683 0.075253
0 0.768511 0.728654 0.054516 0.102750
0 0.140358 0.693198 0.048007 0.083936
0 0.737592 0.498553 0.056143 0.117221
0 0.218063 0.176556 0.052075 0.101302
0 0.624085 0.670043 0.053702 0.107091
0 0.251424 0.664255 0.042311 0.072359
0 0.043124 0.930535 0.069976 0.127352
0 0.867372 0.204052 0.030919 0.054993
0 0.127339 0.060781 0.046379 0.069465
0 0.131001 0.395080 0.050448 0.098408
0 0.268511 0.068741 0.029292 0.050651
0 0.368592 0.738784 0.043938 0.076700
0 0.111066 0.214182 0.041497 0.078148
0 0.937754 0.119392 0.064280 0.111433
0 0.459317 0.866136 0.078926 0.143271
0 0.576078 0.571635 0.035801 0.072359
0 0.773393 0.521708 0.028478 0.056440
0 0.500000 0.036179 0.033360 0.069465
