0 0.756713 0.442113 0.043938 0.073806
0 0.609439 0.493488 0.048820 0.089725
0 0.628560 0.154848 0.033360 0.054993
0 0.759154 0.325615 0.034174 0.052098
0 0.517494 0.603473 0.058584 0.095514
0 0.452807 0.612880 0.026851 0.050651
0 0.677787 0.049928 0.042311 0.059334
0 0.412937 0.491317 0.023596 0.041968
0 0.506509 0.375543 0.051261 0.114327
0 0.185924 0.324168 0.054516 0.101302
0 0.799024 0.792330 0.102522 0.166425
0 0.731489 0.132417 0.037429 0.068017
0 0.880797 0.430535 0.023596 0.044863
0 0.113507 0.429812 0.043124 0.101302
0 0.379577 0.904486 0.023596 0.046310
0 0.239626 0.947178 0.026851 0.047757
0 0.609845 0.345152 0.020342 0.036179
0 0.480879 0.204776 0.019528 0.036179
0 0.382832 0.418958 0.023596 0.041968
0 0.699756 0.452967 0.021155 0.040521
0 0.133849 0.340810 0.026851 0.047757
0 0.434500 0.329957 0.096013 0.179450
0 0.538242 0.887844 0.013832 0.027496
0 0.390155 0.497106 0.020342 0.036179
0 0.599675 0.921129 0.123678 0.157742
