0 0.310415 0.683068 0.065907 0.130246
0 0.410903 0.086107 0.086249 0.108538
0 0.609439 0.332127 0.073230 0.149059
0 0.027258 0.879884 0.054516 0.095514
0 0.393002 0.882779 0.019528 0.037627
0 0.513426 0.130970 0.022783 0.041968
0 0.521969 0.660637 0.114727 0.230101
0 0.868999 0.397974 0.037429 0.066570
0 0.760781 0.513748 0.045566 0.081042
0 0.229455 0.413893 0.024410 0.043415
0 0.254272 0.504342 0.025224 0.041968
0 0.160700 0.473951 0.017087 0.030391
0 0.806347 0.668596 0.019528 0.037627
0 0.207486 0.270622 0.017901 0.034732
0 0.753051 0.209841 0.043124 0.083936
0 0.805533 0.191751 0.048820 0.085384
0 0.049227 0.685962 0.070789 0.124457
0 0.153377 0.298119 0.044752 0.078148
0 0.195688 0.631693 0.021969 0.039074
0 0.974776 0.407381 0.050448 0.108538
0 0.974369 0.491317 0.018714 0.036179
0 0.248576 0.342258 0.030106 0.053546
0 0.158259 0.398698 0.049634 0.099855
0 0.070382 0.528944 0.051261 0.091172
0 0.020342 0.279305 0.034174 0.083936
0 0.020342 0.502894 0.037429 0.149059
0 0.390155 0.705499 0.021969 0.036179
