0 0.241253 0.948625 0.061025 0.102750
0 0.252238 0.704052 0.061839 0.111433
0 0.222945 0.327786 0.053702 0.088278
0 0.634255 0.438495 0.036615 0.063676
0 0.670057 0.945731 0.090317 0.105644
0 0.565907 0.136035 0.091945 0.141823
0 0.425142 0.703329 0.020342 0.037627
0 0.399105 0.706946 0.018714 0.036179
0 0.475997 0.696816 0.055330 0.108538
0 0.388120 0.545586 0.060212 0.115774
0 0.150529 0.507236 0.050448 0.094067
0 0.663141 0.084660 0.042311 0.082489
0 0.654597 0.346599 0.018714 0.036179
0 0.423108 0.612880 0.021155 0.039074
0 0.906428 0.248191 0.048820 0.085384
0 0.329943 0.489146 0.026851 0.046310
0 0.340928 0.424023 0.022783 0.040521
0 0.680228 0.297395 0.029292 0.047757
0 0.864931 0.530391 0.113914 0.151954
0 0.851505 0.295948 0.030106 0.056440
0 0.790073 0.569465 0.026037 0.050651
0 0.937347 0.388567 0.069976 0.125904
0 0.551261 0.793054 0.023596 0.046310
0 0.965012 0.688857 0.068348 0.170767
0 0.960130 0.631693 0.048820 0.070912
0 0.552889 0.695369 0.034988 0.068017
0 0.008137 0.960203 0.016273 0.073806
0 0.525631 0.782200 0.014646 0.027496
0 0.349878 0.023878 0.035801 0.047757
