0 0.903173 0.911722 0.022783 0.040521
0 0.932059 0.898698 0.026851 0.057887
0 0.959317 0.692475 0.019528 0.041968
0 0.826282 0.587554 0.023596 0.040521
0 0.956062 0.498553 0.017901 0.033285
0 0.938975 0.551375 0.016273 0.026049
0 0.994304 0.544863 0.017901 0.068017
0 0.865338 0.513748 0.025224 0.046310
0 0.775020 0.466715 0.056143 0.123010
0 0.839300 0.228654 0.082181 0.124457
0 0.922295 0.230101 0.030106 0.066570
0 0.693653 0.145441 0.051261 0.073806
0 0.485761 0.035456 0.034174 0.070912
0 0.523190 0.175832 0.027665 0.047757
0 0.057364 0.180174 0.026851 0.059334
0 0.010985 0.106368 0.021969 0.050651
0 0.151343 0.692475 0.026037 0.047757
0 0.227828 0.823444 0.013019 0.023155
0 0.498373 0.904486 0.026851 0.049204
0 0.289260 0.034009 0.015460 0.027496
