0 0.438161 0.562952 0.059398 0.107091
0 0.852726 0.184515 0.073230 0.096961
0 0.844182 0.954414 0.051261 0.085384
0 0.716843 0.423300 0.058584 0.102750
0 0.681041 0.174385 0.024410 0.041968
0 0.554109 0.624457 0.071603 0.140376
0 0.600488 0.206223 0.065094 0.134588
0 0.777868 0.392909 0.039056 0.068017
0 0.635476 0.834298 0.058584 0.102750
0 0.675346 0.052098 0.048820 0.078148
0 0.247356 0.674385 0.019528 0.037627
0 0.211554 0.620116 0.073230 0.140376
0 0.008544 0.397250 0.017087 0.065123
0 0.989422 0.606368 0.021155 0.040521
0 0.299430 0.153401 0.017901 0.034732
0 0.272579 0.023878 0.048820 0.047757
0 0.535801 0.746744 0.101709 0.173661
