0 0.548007 0.465991 0.039870 0.075253
0 0.483727 0.940666 0.051261 0.089725
0 0.160700 0.322721 0.041497 0.072359
0 0.555330 0.359624 0.036615 0.068017
0 0.254272 0.115051 0.039870 0.062229
0 0.443450 0.394356 0.037429 0.062229
0 0.369406 0.471056 0.024410 0.044863
0 0.368592 0.646889 0.027665 0.054993
0 0.319772 0.156295 0.042311 0.086831
0 0.794142 0.395080 0.030919 0.057887
0 0.476404 0.347323 0.034988 0.083936
0 0.469081 0.518090 0.033360 0.069465
0 0.626932 0.768452 0.039870 0.075253
0 0.383645 0.415340 0.020342 0.037627
0 0.027665 0.629522 0.039056 0.066570
0 0.082587 0.246744 0.038242 0.065123
0 0.973149 0.172214 0.052075 0.147612
0 0.877950 0.569465 0.024410 0.044863
0 0.686330 0.237337 0.033360 0.052098
0 0.392189 0.251809 0.089504 0.185239
0 0.719284 0.776411 0.082994 0.154848
0 0.495118 0.755427 0.020342 0.040521
0 0.248169 0.725036 0.040683 0.078148
0 0.807974 0.151230 0.035801 0.059334
0 0.643206 0.054993 0.043124 0.063676
0 0.848657 0.296671 0.030919 0.057887
0 0.823841 0.342981 0.021969 0.040521
0 0.499186 0.505789 0.013832 0.027496
0 0.533767 0.251809 0.014646 0.028944
0 0.227421 0.559334 0.038242 0.068017
0 0.893002 0.435601 0.067535 0.107091
0 0.817331 0.709117 0.064280 0.109986
