0 0.720098 0.662808 0.048820 0.086831
0 0.454841 0.316932 0.048820 0.078148
0 0.502034 0.504342 0.035801 0.065123
0 0.080146 0.510854 0.088690 0.130246
0 0.262815 0.726483 0.029292 0.052098
0 0.426770 0.723589 0.046379 0.081042
0 0.780716 0.369754 0.088690 0.157742
0 0.435313 0.527496 0.034174 0.062229
0 0.716436 0.191751 0.036615 0.059334
0 0.382018 0.798842 0.017087 0.034732
0 0.144426 0.848046 0.036615 0.104197
0 0.592352 0.762663 0.024410 0.046310
0 0.613507 0.479740 0.021155 0.039074
0 0.216029 0.620839 0.028478 0.052098
0 0.328316 0.775687 0.018714 0.037627
0 0.502441 0.790159 0.034988 0.063676
0 0.069162 0.736614 0.056957 0.092619
0 0.150936 0.549204 0.036615 0.056440
0 0.683483 0.116498 0.034174 0.053546
0 0.790073 0.188857 0.039056 0.059334
0 0.277055 0.183792 0.020342 0.031838
0 0.947925 0.492764 0.030919 0.056440
0 0.489829 0.690304 0.060212 0.089725
0 0.740439 0.240955 0.017901 0.030391
0 0.714402 0.541245 0.019528 0.037627
0 0.905614 0.908828 0.035801 0.066570
0 0.883645 0.273517 0.039056 0.060781
0 0.502441 0.864689 0.065907 0.102750
0 0.852319 0.654848 0.023596 0.050651
0 0.803906 0.684515 0.017901 0.034732
0 0.302685 0.068741 0.022783 0.039074
0 0.242067 0.159190 0.020342 0.034732
0 0.298617 0.128075 0.024410 0.036179
0 0.095199 0.167873 0.034174 0.054993
