0 0.934093 0.840087 0.065094 0.108538
0 0.624898 0.586107 0.053702 0.083936
0 0.796176 0.229378 0.033360 0.056440
0 0.464605 0.163531 0.024410 0.046310
0 0.717250 0.073082 0.028478 0.056440
0 0.868186 0.597685 0.065094 0.127352
0 0.155818 0.442836 0.039870 0.072359
0 0.346216 0.427641 0.039870 0.068017
0 0.505696 0.659190 0.041497 0.068017
0 0.501221 0.065847 0.021155 0.036179
0 0.015053 0.386397 0.030106 0.066570
0 0.642392 0.781476 0.041497 0.083936
0 0.983320 0.096961 0.033360 0.066570
0 0.464199 0.227207 0.018714 0.034732
0 0.030106 0.616498 0.050448 0.083936
0 0.556957 0.147612 0.021969 0.040521
0 0.104963 0.096961 0.074858 0.118669
0 0.989015 0.374096 0.020342 0.041968
0 0.478438 0.963097 0.061839 0.094067
0 0.154597 0.839363 0.066721 0.156295
0 0.064687 0.885673 0.069162 0.162084
0 0.742067 0.564399 0.052075 0.101302
0 0.269325 0.095514 0.024410 0.034732
0 0.042718 0.434153 0.020342 0.034732
0 0.047193 0.394356 0.017901 0.041968
