0 0.723352 0.311867 0.066721 0.108538
0 0.317738 0.468886 0.054516 0.101302
0 0.408869 0.652677 0.026851 0.049204
0 0.814890 0.401592 0.051261 0.096961
0 0.595199 0.061505 0.049634 0.079595
0 0.751831 0.042692 0.055330 0.076700
0 0.652156 0.259045 0.026851 0.049204
0 0.015460 0.175832 0.030919 0.088278
0 0.420667 0.583213 0.027665 0.052098
0 0.984540 0.409551 0.030919 0.078148
0 0.344182 0.839363 0.030919 0.057887
0 0.385679 0.625904 0.021155 0.039074
0 0.799024 0.926918 0.065094 0.105644
0 0.872661 0.433430 0.036615 0.062229
0 0.041904 0.503618 0.078926 0.118669
0 0.044345 0.792330 0.087063 0.169320
0 0.265663 0.053546 0.021969 0.040521
0 0.159886 0.494211 0.074044 0.111433
0 0.164768 0.276411 0.021969 0.043415
0 0.753865 0.416787 0.054516 0.121563
0 0.491456 0.665702 0.100895 0.191027
