0 0.157852 0.431983 0.068348 0.120116
0 0.611473 0.479740 0.072417 0.120116
0 0.897478 0.638205 0.056957 0.092619
0 0.343369 0.274964 0.053702 0.107091
0 0.467453 0.887120 0.021969 0.040521
0 0.252644 0.486252 0.054516 0.095514
0 0.510985 0.656295 0.074858 0.137482
0 0.814483 0.438495 0.040683 0.072359
0 0.569162 0.618669 0.059398 0.117221
0 0.175753 0.225036 0.058584 0.096961
0 0.429618 0.044139 0.061839 0.082489
0 0.302278 0.914616 0.054516 0.101302
0 0.872254 0.866136 0.052075 0.091172
0 0.750610 0.450072 0.044752 0.078148
0 0.851912 0.446454 0.019528 0.033285
0 0.313263 0.472504 0.030919 0.050651
0 0.179414 0.329233 0.018714 0.033285
0 0.543124 0.932706 0.051261 0.091172
0 0.859642 0.353835 0.028478 0.050651
0 0.798617 0.088278 0.059398 0.095514
0 0.945891 0.424023 0.020342 0.034732
0 0.692433 0.908104 0.096013 0.157742
0 0.959317 0.344428 0.026037 0.046310
0 0.972335 0.746020 0.053702 0.131693
0 0.262408 0.282923 0.062653 0.120116
0 0.987388 0.238061 0.023596 0.059334
0 0.855574 0.280753 0.018714 0.037627
0 0.891782 0.310420 0.027665 0.044863
0 0.009764 0.393632 0.019528 0.078148
0 0.949146 0.473227 0.020342 0.037627
0 0.958910 0.221418 0.036615 0.063676
0 0.458910 0.826339 0.042311 0.054993
0 0.963792 0.395080 0.017087 0.028944
0 0.222945 0.294501 0.032547 0.062229
0 0.649308 0.043415 0.078112 0.086831
0 0.584215 0.020260 0.048820 0.040521
0 0.053702 0.302460 0.055330 0.107091
