0 0.655411 0.091896 0.088690 0.134588
0 0.207079 0.245297 0.064280 0.128799
0 0.495932 0.651954 0.034988 0.068017
0 0.593979 0.816932 0.035801 0.073806
0 0.961758 0.148336 0.061839 0.099855
0 0.615134 0.034009 0.039056 0.059334
0 0.376322 0.021708 0.044752 0.043415
0 0.464199 0.545586 0.039870 0.075253
0 0.172091 0.554993 0.017087 0.033285
0 0.648495 0.951520 0.037429 0.065123
0 0.460537 0.693922 0.032547 0.062229
0 0.328723 0.273517 0.029292 0.054993
0 0.857608 0.672938 0.021155 0.037627
0 0.007323 0.498553 0.014646 0.146165
