0 0.565907 0.136035 0.056143 0.092619
0 0.315297 0.291606 0.046379 0.079595
0 0.417819 0.398698 0.061025 0.111433
0 0.800651 0.424023 0.060212 0.109986
0 0.691212 0.504342 0.031733 0.065123
0 0.557771 0.581766 0.077299 0.130246
0 0.195281 0.768452 0.058584 0.101302
0 0.606184 0.923300 0.048820 0.095514
0 0.932059 0.958032 0.049634 0.081042
0 0.884052 0.071635 0.064280 0.111433
0 0.955655 0.506512 0.036615 0.060781
0 0.261595 0.900145 0.057771 0.109986
0 0.013426 0.308249 0.026851 0.057887
0 0.502441 0.248191 0.051261 0.088278
0 0.522376 0.419682 0.089504 0.156295
0 0.589504 0.344428 0.036615 0.089725
0 0.840928 0.494211 0.030106 0.050651
0 0.907242 0.293054 0.019528 0.039074
0 0.525224 0.513025 0.020342 0.039074
0 0.735151 0.361795 0.015460 0.031838
0 0.358015 0.069465 0.022783 0.040521
0 0.018714 0.443560 0.037429 0.094067
0 0.732303 0.604197 0.019528 0.039074
0 0.381611 0.243126 0.024410 0.037627
0 0.992270 0.943560 0.015460 0.054993
0 0.059398 0.237337 0.024410 0.043415
0 0.406428 0.916064 0.096827 0.162084
0 0.770545 0.743126 0.037429 0.070912
0 0.936534 0.369030 0.030919 0.052098
0 0.620016 0.170767 0.021155 0.043415
0 0.347030 0.665702 0.018714 0.049204
0 0.462571 0.119392 0.023596 0.036179
