0 0.024410 0.703329 0.048820 0.092619
0 0.150529 0.352388 0.066721 0.114327
0 0.264443 0.390014 0.048820 0.088278
0 0.076078 0.589725 0.061025 0.102750
0 0.890561 0.603473 0.043124 0.083936
0 0.949552 0.191027 0.063466 0.104197
0 0.506103 0.941389 0.066721 0.114327
0 0.728641 0.491317 0.030106 0.050651
0 0.852319 0.147612 0.026851 0.049204
0 0.314890 0.940666 0.039056 0.066570
0 0.389341 0.219971 0.028478 0.046310
0 0.199756 0.662084 0.043124 0.076700
0 0.933686 0.477569 0.056143 0.092619
0 0.296176 0.514472 0.061839 0.125904
0 0.257933 0.979016 0.029292 0.039074
0 0.118796 0.206223 0.074858 0.114327
0 0.274614 0.797395 0.018714 0.034732
0 0.178194 0.612880 0.029292 0.056440
0 0.432059 0.108538 0.073230 0.130246
0 0.801058 0.116498 0.030106 0.056440
0 0.523190 0.415340 0.016273 0.028944
0 0.685110 0.535456 0.053702 0.098408
0 0.808381 0.383502 0.052889 0.092619
