0 0.748983 0.683792 0.036615 0.065123
0 0.517087 0.668596 0.056143 0.101302
0 0.531733 0.801737 0.046379 0.109986
0 0.640765 0.431983 0.049634 0.079595
0 0.868592 0.519537 0.039870 0.069465
0 0.306753 0.103473 0.061839 0.094067
0 0.360049 0.274240 0.059398 0.131693
0 0.653377 0.197540 0.068348 0.157742
0 0.668836 0.914616 0.068348 0.130246
0 0.734744 0.907381 0.039056 0.075253
0 0.897884 0.973227 0.025224 0.041968
0 0.911310 0.902315 0.022783 0.041968
0 0.066314 0.881331 0.039870 0.075253
0 0.599268 0.703329 0.052889 0.101302
0 0.233930 0.643271 0.018714 0.036179
0 0.932059 0.559334 0.039870 0.056440
0 0.264036 0.912446 0.026851 0.050651
0 0.989015 0.717077 0.021969 0.050651
0 0.413751 0.020260 0.039870 0.040521
0 0.468267 0.071635 0.021969 0.036179
0 0.967046 0.260492 0.018714 0.034732
0 0.871440 0.266281 0.043938 0.081042
0 0.198535 0.659913 0.058584 0.104197
0 0.984133 0.234443 0.026851 0.049204
0 0.194467 0.731548 0.021155 0.039074
0 0.876729 0.392185 0.018714 0.034732
0 0.589504 0.651954 0.015460 0.027496
0 0.423108 0.451520 0.084622 0.133140
0 0.831570 0.075253 0.052075 0.075253
