0 0.700976 0.717077 0.059398 0.125904
0 0.418226 0.205499 0.050448 0.092619
0 0.820993 0.942113 0.053702 0.095514
0 0.487388 0.204052 0.042311 0.072359
0 0.635476 0.727207 0.052075 0.099855
0 0.759967 0.113603 0.040683 0.073806
0 0.524817 0.120116 0.035801 0.063676
0 0.580960 0.057164 0.050448 0.082489
0 0.770545 0.539797 0.047193 0.083936
0 0.451180 0.405933 0.065907 0.117221
0 0.200163 0.436324 0.071603 0.128799
0 0.028885 0.688857 0.041497 0.066570
0 0.566314 0.112880 0.026037 0.046310
0 0.179821 0.814038 0.035801 0.070912
0 0.490236 0.771346 0.116355 0.176556
0 0.516273 0.543415 0.039870 0.073806
0 0.659886 0.806802 0.022783 0.044863
0 0.007323 0.792330 0.014646 0.044863
0 0.053702 0.226483 0.021155 0.041968
0 0.948739 0.842981 0.026037 0.047757
0 0.733930 0.422576 0.019528 0.037627
0 0.377543 0.531838 0.021155 0.039074
0 0.938975 0.059334 0.053702 0.075253
