0 0.912531 0.508683 0.054516 0.094067
0 0.655004 0.734443 0.089504 0.154848
0 0.480065 0.146165 0.058584 0.092619
0 0.739219 0.195369 0.059398 0.101302
0 0.883238 0.308973 0.026851 0.044863
0 0.406428 0.186686 0.048007 0.089725
0 0.092352 0.634588 0.041497 0.076700
0 0.358828 0.505065 0.074858 0.138929
0 0.168836 0.123010 0.036615 0.069465
0 0.956062 0.435601 0.048820 0.078148
0 0.658666 0.096961 0.048007 0.078148
0 0.868592 0.669320 0.069162 0.154848
0 0.319772 0.795224 0.074858 0.169320
0 0.893002 0.108538 0.057771 0.112880
0 0.344589 0.179450 0.036615 0.063676
0 0.494304 0.918234 0.030106 0.056440
0 0.470708 0.068741 0.021969 0.039074
0 0.020749 0.733719 0.041497 0.086831
0 0.642799 0.026773 0.047193 0.053546
0 0.831164 0.280029 0.039870 0.073806
0 0.572010 0.939219 0.039056 0.069465
0 0.285598 0.287988 0.021155 0.037627
0 0.010171 0.827786 0.020342 0.072359
0 0.525224 0.943560 0.049634 0.086831
0 0.695281 0.193922 0.021969 0.046310
0 0.969894 0.819826 0.055330 0.091172
0 0.141985 0.981187 0.025224 0.037627
0 0.628153 0.220695 0.035801 0.073806
0 0.853946 0.264110 0.021969 0.041968
0 0.973963 0.229378 0.050448 0.088278
0 0.596013 0.222142 0.041497 0.079595
