0 0.599268 0.225760 0.049634 0.083936
0 0.598454 0.574530 0.072417 0.127352
0 0.803906 0.146165 0.069976 0.101302
0 0.417413 0.641823 0.071603 0.123010
0 0.506916 0.179450 0.045566 0.075253
0 0.318552 0.922576 0.065907 0.108538
0 0.454841 0.464544 0.068348 0.104197
0 0.777868 0.369030 0.016273 0.031838
0 0.814483 0.416064 0.026037 0.044863
0 0.207079 0.185239 0.052889 0.107091
0 0.478438 0.021708 0.037429 0.043415
0 0.759154 0.284370 0.024410 0.044863
0 0.860862 0.337916 0.032547 0.059334
0 0.093165 0.290883 0.023596 0.043415
0 0.344996 0.314761 0.068348 0.105644
0 0.182669 0.968162 0.038242 0.060781
0 0.768511 0.409551 0.015460 0.028944
0 0.059398 0.272793 0.032547 0.056440
0 0.653377 0.628799 0.071603 0.125904
0 0.256713 0.628075 0.062653 0.115774
0 0.802278 0.480463 0.014646 0.026049
0 0.131001 0.881331 0.066721 0.115774
0 0.119203 0.237337 0.023596 0.040521
0 0.898698 0.950072 0.021969 0.041968
0 0.223759 0.935601 0.061839 0.117221
0 0.805533 0.357453 0.035801 0.066570
0 0.485354 0.113603 0.044752 0.076700
0 0.731896 0.429812 0.075671 0.144718
0 0.937347 0.980463 0.022783 0.036179
0 0.823027 0.693198 0.048007 0.089725
0 0.128153 0.325615 0.018714 0.031838
0 0.978438 0.571635 0.043124 0.217077
0 0.185517 0.283647 0.074858 0.202605
0 0.052889 0.079595 0.105777 0.159190
