0 0.700976 0.777135 0.051261 0.104197
0 0.476404 0.501447 0.039870 0.068017
0 0.400732 0.819103 0.020342 0.037627
0 0.794955 0.261939 0.027665 0.052098
0 0.174939 0.342981 0.037429 0.060781
0 0.576892 0.555716 0.021155 0.040521
0 0.650122 0.623734 0.032547 0.057887
0 0.954028 0.835022 0.048007 0.083936
0 0.659072 0.908104 0.032547 0.059334
0 0.595606 0.761216 0.019528 0.034732
0 0.111473 0.387844 0.030919 0.054993
0 0.759561 0.609262 0.039870 0.072359
0 0.549227 0.688133 0.047193 0.085384
0 0.100081 0.267728 0.017901 0.034732
0 0.985761 0.523155 0.026851 0.070912
0 0.270952 0.761216 0.017901 0.034732
0 0.053295 0.236614 0.020342 0.036179
0 0.288853 0.955137 0.019528 0.034732
0 0.128967 0.498553 0.015460 0.030391
0 0.157852 0.627352 0.016273 0.030391
0 0.736778 0.607091 0.013832 0.024602
0 0.677380 0.030391 0.013832 0.026049
0 0.738812 0.714906 0.048820 0.092619
