0 0.670871 0.765557 0.021969 0.040521
0 0.455248 0.688133 0.052889 0.091172
0 0.466640 0.591896 0.020342 0.037627
0 0.295769 0.591896 0.021969 0.040521
0 0.264443 0.524602 0.014646 0.033285
0 0.132628 0.684515 0.074858 0.098408
0 0.301465 0.801013 0.034988 0.062229
0 0.409683 0.968886 0.062653 0.059334
0 0.656225 0.109986 0.023596 0.049204
0 0.385273 0.030391 0.026851 0.046310
0 0.407242 0.028944 0.025224 0.046310
0 0.187958 0.224313 0.021155 0.034732
0 0.444264 0.455861 0.055330 0.083936
0 0.263629 0.626628 0.014646 0.028944
0 0.670871 0.350217 0.023596 0.043415
0 0.952807 0.246020 0.050448 0.098408
0 0.589097 0.041245 0.063466 0.076700
0 0.705045 0.563676 0.061025 0.114327
