0 0.126119 0.554269 0.024410 0.049204
0 0.192840 0.513025 0.032547 0.050651
0 0.527665 0.337916 0.056143 0.073806
0 0.743287 0.241679 0.048007 0.072359
0 0.712775 0.164255 0.027665 0.047757
0 0.524817 0.614327 0.029292 0.050651
0 0.634662 0.746744 0.032547 0.057887
0 0.218470 0.698987 0.030106 0.046310
0 0.205452 0.764834 0.021969 0.041968
0 0.480879 0.773517 0.047193 0.079595
0 0.688771 0.942836 0.020342 0.047757
0 0.425549 0.625904 0.027665 0.047757
0 0.709927 0.748191 0.020342 0.040521
0 0.831977 0.395080 0.015460 0.026049
