0 0.318145 0.177279 0.042311 0.062229
0 0.340521 0.111433 0.028478 0.046310
0 0.655411 0.832851 0.041497 0.076700
0 0.475997 0.084660 0.066721 0.108538
0 0.753865 0.106368 0.039870 0.068017
0 0.080146 0.899421 0.048007 0.079595
0 0.649715 0.651954 0.048007 0.082489
0 0.228641 0.230825 0.037429 0.068017
0 0.413751 0.421129 0.025224 0.049204
0 0.740439 0.643994 0.022783 0.043415
0 0.303092 0.044139 0.062653 0.085384
0 0.251424 0.494211 0.063466 0.134588
0 0.173718 0.430535 0.020342 0.036179
0 0.697722 0.836469 0.015460 0.031838
0 0.683483 0.437771 0.024410 0.050651
0 0.581367 0.882055 0.070789 0.140376
0 0.372661 0.903039 0.021155 0.037627
0 0.371847 0.866136 0.021155 0.039074
0 0.823434 0.448625 0.037429 0.069465
0 0.011798 0.257598 0.023596 0.098408
0 0.218470 0.443560 0.013832 0.027496
0 0.190806 0.270622 0.018714 0.034732
0 0.133849 0.290883 0.025224 0.046310
0 0.286412 0.152677 0.022783 0.041968
0 0.521562 0.015919 0.029292 0.031838
0 0.904394 0.354559 0.054516 0.133140
0 0.106998 0.109262 0.033360 0.053546
