0 0.416599 0.205499 0.078112 0.130246
0 0.557364 0.714182 0.039056 0.073806
0 0.138731 0.664978 0.048007 0.082489
0 0.390968 0.029667 0.034988 0.056440
0 0.696094 0.575977 0.034988 0.057887
0 0.811229 0.758321 0.034174 0.063676
0 0.205452 0.934877 0.046379 0.078148
0 0.316111 0.484081 0.062653 0.114327
0 0.823434 0.479016 0.032547 0.057887
0 0.550041 0.833575 0.047193 0.098408
0 0.651749 0.366860 0.050448 0.082489
0 0.701790 0.479016 0.030106 0.054993
0 0.239626 0.444284 0.044752 0.075253
0 0.440602 0.759768 0.043124 0.072359
0 0.473556 0.706223 0.039056 0.104197
0 0.869813 0.643271 0.034174 0.068017
0 0.360049 0.850941 0.025224 0.046310
0 0.375509 0.787988 0.021969 0.039074
0 0.842555 0.696816 0.023596 0.044863
0 0.497152 0.890014 0.016273 0.031838
0 0.059805 0.581766 0.031733 0.063676
0 0.137510 0.583936 0.030919 0.053546
0 0.535395 0.597685 0.016273 0.031838
0 0.684703 0.431259 0.020342 0.034732
0 0.460944 0.900145 0.030106 0.072359
0 0.717657 0.526773 0.017901 0.031838
0 0.903987 0.961650 0.024410 0.044863
0 0.443857 0.017366 0.038242 0.034732
0 0.141985 0.521708 0.031733 0.053546
0 0.403173 0.745297 0.012205 0.023155
0 0.357201 0.614327 0.024410 0.047757
0 0.380391 0.617221 0.082181 0.169320
0 0.240033 0.277135 0.056957 0.073806
0 0.254272 0.219247 0.048007 0.073806
0 0.096827 0.318379 0.055330 0.086831
0 0.049227 0.293054 0.048007 0.096961
0 0.923515 0.793054 0.066721 0.118669
0 0.784378 0.384226 0.043938 0.073806
