0 0.111066 0.448625 0.070789 0.115774
0 0.801465 0.405933 0.084622 0.114327
0 0.401546 0.329233 0.030106 0.056440
0 0.445077 0.175109 0.030919 0.057887
0 0.700976 0.371925 0.057771 0.098408
0 0.530919 0.161360 0.059398 0.111433
0 0.490643 0.499276 0.022783 0.043415
0 0.499593 0.795224 0.040683 0.073806
0 0.344182 0.453690 0.024410 0.041968
0 0.594793 0.041245 0.030919 0.053546
0 0.312449 0.491317 0.026037 0.050651
0 0.268918 0.633140 0.023596 0.041968
0 0.318145 0.290159 0.040683 0.073806
0 0.182669 0.896527 0.026851 0.050651
0 0.032140 0.354559 0.033360 0.066570
0 0.014646 0.782923 0.029292 0.075253
0 0.252238 0.450796 0.079740 0.146165
0 0.542311 0.501447 0.030106 0.062229
0 0.790887 0.149783 0.045566 0.085384
0 0.232710 0.979016 0.055330 0.039074
0 0.009357 0.396527 0.018714 0.086831
0 0.659479 0.366860 0.023596 0.041968
0 0.281123 0.509407 0.018714 0.034732
0 0.680228 0.445007 0.014646 0.027496
0 0.393816 0.698263 0.066721 0.117221
0 0.467860 0.497829 0.019528 0.037627
0 0.789260 0.230101 0.035801 0.057887
0 0.521562 0.232996 0.016273 0.028944
0 0.067941 0.237337 0.017087 0.028944
0 0.345810 0.823444 0.063466 0.112880
