0 0.762002 0.424023 0.057771 0.095514
0 0.880797 0.534732 0.043124 0.085384
0 0.424329 0.102026 0.044752 0.068017
0 0.837266 0.247467 0.037429 0.060781
0 0.435720 0.539074 0.054516 0.105644
0 0.236371 0.185962 0.031733 0.053546
0 0.851912 0.136758 0.037429 0.065123
0 0.062246 0.380608 0.049634 0.081042
0 0.740846 0.782923 0.034988 0.066570
0 0.196908 0.479740 0.017901 0.036179
0 0.522376 0.110709 0.048820 0.079595
0 0.067128 0.519537 0.031733 0.060781
0 0.166802 0.227931 0.037429 0.062229
0 0.802685 0.616498 0.020342 0.037627
0 0.700163 0.646165 0.054516 0.102750
0 0.505696 0.511577 0.021969 0.039074
0 0.677380 0.502894 0.020342 0.039074
0 0.044752 0.102750 0.089504 0.127352
0 0.361676 0.481187 0.038242 0.065123
0 0.453621 0.026049 0.054516 0.052098
0 0.581367 0.109986 0.015460 0.031838
0 0.010171 0.680897 0.020342 0.111433
0 0.508544 0.384226 0.069976 0.123010
0 0.432465 0.340810 0.030106 0.065123
0 0.240439 0.014472 0.033360 0.028944
0 0.179821 0.015919 0.034174 0.031838
