0 0.378763 0.798119 0.103336 0.192475
0 0.420260 0.960203 0.072417 0.079595
0 0.493491 0.575253 0.020342 0.039074
0 0.756306 0.117221 0.026851 0.046310
0 0.047193 0.232272 0.053702 0.082489
0 0.640765 0.748915 0.017087 0.033285
0 0.171277 0.437048 0.018714 0.034732
0 0.914158 0.437771 0.049634 0.088278
0 0.532140 0.040521 0.081367 0.081042
0 0.471928 0.332851 0.027665 0.052098
0 0.555736 0.896527 0.017901 0.033285
0 0.206265 0.498553 0.015460 0.027496
0 0.545159 0.533285 0.022783 0.044863
0 0.488202 0.878437 0.016273 0.031838
0 0.541904 0.319103 0.017901 0.036179
0 0.667616 0.714182 0.015460 0.030391
0 0.569162 0.729378 0.026851 0.049204
0 0.815704 0.812590 0.043124 0.105644
0 0.134662 0.473951 0.021969 0.041968
0 0.656631 0.742402 0.014646 0.028944
0 0.072010 0.633864 0.018714 0.031838
0 0.925956 0.751809 0.016273 0.030391
