0 0.469081 0.862518 0.087063 0.159190
0 0.117168 0.054269 0.063466 0.070912
0 0.814483 0.605644 0.032547 0.053546
0 0.759154 0.679450 0.078112 0.157742
0 0.271766 0.429812 0.047193 0.089725
0 0.328316 0.128799 0.059398 0.115774
0 0.427990 0.619392 0.016273 0.031838
0 0.089504 0.800289 0.048820 0.081042
0 0.885273 0.971780 0.026037 0.041968
0 0.883238 0.320550 0.049634 0.099855
0 0.527258 0.123010 0.029292 0.046310
0 0.881204 0.496382 0.027665 0.046310
0 0.933279 0.374819 0.032547 0.057887
0 0.800651 0.248915 0.052075 0.086831
0 0.731896 0.232996 0.020342 0.037627
0 0.781530 0.830680 0.017087 0.031838
0 0.989015 0.424747 0.020342 0.050651
0 0.514239 0.259045 0.058584 0.089725
0 0.911310 0.130970 0.084622 0.117221
0 0.177380 0.884226 0.029292 0.054993
0 0.026037 0.120839 0.052075 0.114327
0 0.207486 0.457308 0.078112 0.136035
0 0.604557 0.314038 0.021155 0.034732
0 0.797803 0.084660 0.015460 0.030391
0 0.037429 0.693198 0.030919 0.057887
0 0.146054 0.889291 0.023596 0.039074
0 0.130594 0.933430 0.021969 0.049204
0 0.158666 0.956585 0.032547 0.054993
0 0.982099 0.562952 0.026037 0.037627
