0 0.480879 0.883502 0.043938 0.160637
0 0.510578 0.727207 0.025224 0.041968
0 0.513426 0.768452 0.022783 0.034732
0 0.791701 0.779305 0.061839 0.114327
0 0.791294 0.427641 0.018714 0.033285
0 0.820993 0.361071 0.022783 0.041968
0 0.860456 0.240955 0.034988 0.065123
0 0.493897 0.281476 0.022783 0.041968
0 0.481286 0.342258 0.013832 0.033285
0 0.453621 0.334298 0.015460 0.026049
0 0.451587 0.248915 0.016273 0.028944
0 0.410090 0.256151 0.017901 0.031838
0 0.392189 0.251809 0.014646 0.026049
0 0.380391 0.198987 0.015460 0.030391
0 0.308788 0.244573 0.020342 0.037627
0 0.286819 0.512301 0.046379 0.081042
0 0.365338 0.379161 0.068348 0.164978
0 0.131001 0.310420 0.037429 0.076700
0 0.143613 0.733719 0.021969 0.034732
0 0.094386 0.723589 0.013019 0.034732
0 0.259154 0.769899 0.049634 0.101302
0 0.244915 0.971780 0.074858 0.059334
