0 0.657445 0.162808 0.087876 0.134588
0 0.375915 0.065123 0.055330 0.101302
0 0.203417 0.324168 0.066721 0.133140
0 0.495525 0.740955 0.034174 0.066570
0 0.464199 0.630246 0.041497 0.076700
0 0.965826 0.227207 0.060212 0.095514
0 0.594793 0.905210 0.032547 0.062229
0 0.615134 0.102750 0.039056 0.069465
0 0.521969 0.020984 0.030106 0.041968
0 0.863303 0.767728 0.022783 0.039074
0 0.166802 0.641823 0.017901 0.033285
0 0.462164 0.783647 0.026037 0.053546
0 0.327095 0.356729 0.027665 0.050651
0 0.134255 0.100579 0.017901 0.041968
0 0.166802 0.072359 0.019528 0.034732
0 0.150122 0.544139 0.033360 0.052098
