0 0.118796 0.810420 0.082994 0.164978
0 0.908462 0.519537 0.041497 0.072359
0 0.166395 0.383502 0.048007 0.083936
0 0.657852 0.303184 0.054516 0.096961
0 0.890968 0.896527 0.052075 0.094067
0 0.447518 0.531838 0.065094 0.120116
0 0.688771 0.814761 0.046379 0.072359
0 0.900325 0.345876 0.043124 0.063676
0 0.617168 0.528220 0.077299 0.124457
0 0.354760 0.714182 0.039056 0.070912
0 0.795362 0.468886 0.051261 0.089725
0 0.259561 0.742402 0.060212 0.127352
0 0.758747 0.388567 0.051261 0.082489
0 0.376322 0.523155 0.020342 0.039074
0 0.959317 0.416064 0.035801 0.068017
0 0.339300 0.091172 0.050448 0.081042
0 0.551668 0.342981 0.032547 0.060781
0 0.923515 0.978292 0.027665 0.040521
0 0.875509 0.130970 0.035801 0.056440
0 0.399512 0.321997 0.016273 0.030391
0 0.988202 0.765557 0.023596 0.052098
0 0.916192 0.408828 0.017901 0.033285
0 0.769731 0.672938 0.017901 0.034732
0 0.302685 0.101302 0.019528 0.034732
0 0.564687 0.266281 0.017901 0.031838
0 0.012205 0.259045 0.024410 0.066570
