0 0.655818 0.693198 0.082994 0.133140
0 0.251424 0.690304 0.056957 0.112880
0 0.261595 0.453690 0.056143 0.096961
0 0.424329 0.458032 0.018714 0.036179
0 0.389748 0.315485 0.058584 0.109986
0 0.838893 0.311143 0.113914 0.147612
0 0.622457 0.212735 0.034174 0.057887
0 0.327909 0.803184 0.053702 0.101302
0 0.399512 0.460203 0.016273 0.031838
0 0.163954 0.282200 0.049634 0.089725
0 0.421888 0.376990 0.018714 0.036179
0 0.036615 0.963821 0.040683 0.069465
0 0.334011 0.262663 0.025224 0.044863
0 0.851098 0.838640 0.053702 0.082489
0 0.473556 0.451520 0.053702 0.104197
0 0.022783 0.692475 0.045566 0.085384
0 0.232303 0.118669 0.051261 0.083936
0 0.641579 0.130970 0.017087 0.030391
0 0.349064 0.934877 0.071603 0.112880
0 0.827502 0.084660 0.026037 0.044863
0 0.268511 0.790883 0.021155 0.039074
0 0.941009 0.467438 0.070789 0.104197
0 0.013426 0.347323 0.026851 0.063676
0 0.831977 0.741679 0.065907 0.099855
0 0.344589 0.203329 0.020342 0.036179
0 0.544345 0.535456 0.022783 0.043415
0 0.769731 0.340810 0.026037 0.050651
0 0.931652 0.396527 0.045566 0.063676
0 0.909276 0.175109 0.061025 0.107091
0 0.879577 0.041245 0.040683 0.065123
0 0.559398 0.460926 0.064280 0.105644
0 0.665175 0.084660 0.026851 0.041968
0 0.617168 0.442836 0.015460 0.026049
0 0.519528 0.522431 0.013832 0.026049
0 0.800244 0.939942 0.023596 0.044863
0 0.595199 0.318379 0.026851 0.052098
