0 0.781937 0.329957 0.068348 0.130246
0 0.663548 0.101302 0.044752 0.078148
0 0.722539 0.117221 0.035801 0.057887
0 0.646867 0.041245 0.030919 0.056440
0 0.176973 0.146889 0.077299 0.134588
0 0.593979 0.618669 0.058584 0.111433
0 0.937347 0.626628 0.056957 0.101302
0 0.473149 0.282200 0.054516 0.089725
0 0.312449 0.652677 0.030919 0.057887
0 0.621237 0.962373 0.039870 0.069465
0 0.425549 0.752533 0.035801 0.060781
0 0.298617 0.264110 0.050448 0.091172
0 0.370220 0.632417 0.032547 0.066570
0 0.211961 0.778582 0.034988 0.060781
0 0.740033 0.749638 0.017087 0.031838
0 0.716843 0.731548 0.024410 0.047757
0 0.780716 0.047757 0.033360 0.060781
0 0.170871 0.888567 0.035801 0.066570
0 0.557364 0.787265 0.040683 0.078148
0 0.593572 0.865412 0.020342 0.037627
0 0.056550 0.556440 0.059398 0.102750
0 0.292514 0.770622 0.043124 0.082489
0 0.746949 0.789436 0.022783 0.041968
0 0.044345 0.126628 0.025224 0.047757
0 0.266477 0.029667 0.072417 0.059334
0 0.559398 0.840810 0.017087 0.034732
0 0.187144 0.565123 0.076485 0.154848
