0 0.564280 0.325615 0.101709 0.193922
0 0.317738 0.181621 0.059398 0.085384
0 0.676973 0.702605 0.060212 0.114327
0 0.731896 0.358900 0.061025 0.101302
0 0.396664 0.695369 0.082181 0.143271
0 0.458096 0.811143 0.052075 0.091172
0 0.788446 0.434877 0.048820 0.088278
0 0.890561 0.253980 0.046379 0.079595
0 0.377543 0.316208 0.037429 0.070912
0 0.613507 0.091172 0.047193 0.075253
0 0.194060 0.345152 0.065907 0.108538
0 0.263629 0.113603 0.035801 0.056440
0 0.743287 0.085384 0.044752 0.078148
0 0.544345 0.709841 0.019528 0.036179
0 0.391782 0.141823 0.025224 0.046310
0 0.223759 0.202605 0.027665 0.049204
0 0.527665 0.062952 0.072417 0.114327
0 0.219284 0.068017 0.033360 0.066570
0 0.966233 0.275687 0.025224 0.044863
0 0.906835 0.518813 0.048007 0.137482
0 0.980879 0.146889 0.038242 0.137482
