0 0.716029 0.460203 0.021155 0.037627
0 0.791701 0.526773 0.017901 0.034732
0 0.594793 0.630970 0.024410 0.043415
0 0.648495 0.609986 0.063466 0.154848
0 0.949146 0.944284 0.051261 0.105644
0 0.737185 0.777135 0.022783 0.046310
0 0.434093 0.718524 0.028478 0.056440
0 0.385273 0.691751 0.020342 0.040521
0 0.370627 0.547033 0.059398 0.098408
0 0.205045 0.663531 0.066721 0.094067
0 0.143613 0.792330 0.025224 0.050651
0 0.333605 0.764834 0.022783 0.041968
0 0.298210 0.935601 0.064280 0.070912
0 0.493491 0.928365 0.015460 0.027496
