0 0.463385 0.550651 0.072417 0.120116
0 0.859235 0.684515 0.056957 0.104197
0 0.088283 0.616498 0.051261 0.086831
0 0.768511 0.150507 0.044752 0.078148
0 0.303499 0.185962 0.125305 0.224313
0 0.593165 0.820550 0.053702 0.092619
0 0.076078 0.433430 0.052889 0.091172
0 0.816517 0.681621 0.033360 0.060781
0 0.229862 0.620839 0.067535 0.133140
0 0.664361 0.927641 0.036615 0.066570
0 0.665989 0.484081 0.038242 0.070912
0 0.686737 0.164978 0.039056 0.072359
0 0.569569 0.904486 0.068348 0.112880
0 0.595199 0.463821 0.020342 0.039074
0 0.617575 0.078148 0.048820 0.072359
0 0.790887 0.589725 0.034174 0.062229
0 0.016680 0.242402 0.033360 0.099855
0 0.694467 0.492041 0.018714 0.037627
0 0.068755 0.547033 0.021969 0.040521
0 0.084622 0.310420 0.061839 0.102750
0 0.635476 0.420405 0.043938 0.076700
0 0.149308 0.939942 0.026851 0.050651
0 0.613100 0.458755 0.017087 0.034732
0 0.659072 0.021708 0.045566 0.043415
0 0.633849 0.154124 0.021155 0.039074
0 0.963385 0.728654 0.043938 0.076700
0 0.594386 0.020260 0.038242 0.040521
0 0.095199 0.047757 0.130187 0.086831
0 0.979251 0.219247 0.049634 0.076700
