0 0.243287 0.318379 0.048820 0.083936
0 0.444670 0.720695 0.074044 0.138929
0 0.554923 0.762663 0.035801 0.060781
0 0.378763 0.457308 0.031733 0.060781
0 0.859642 0.606368 0.034988 0.066570
0 0.580960 0.457308 0.039056 0.069465
0 0.559805 0.305355 0.032547 0.075253
0 0.507323 0.345152 0.038242 0.079595
0 0.560618 0.552822 0.024410 0.046310
0 0.748576 0.463097 0.042311 0.086831
0 0.296583 0.447902 0.041497 0.079595
0 0.469894 0.547757 0.036615 0.065123
0 0.909276 0.391462 0.030106 0.047757
0 0.473963 0.226483 0.103336 0.111433
0 0.305940 0.672938 0.016273 0.031838
