0 0.612693 0.251809 0.048820 0.089725
0 0.275427 0.823444 0.021969 0.040521
0 0.443043 0.410999 0.048007 0.089725
0 0.665989 0.466715 0.044752 0.076700
0 0.631408 0.756151 0.053702 0.094067
0 0.442229 0.201881 0.048007 0.085384
0 0.209520 0.683792 0.018714 0.036179
0 0.376729 0.127352 0.026037 0.046310
0 0.792921 0.422576 0.028478 0.049204
0 0.200163 0.384949 0.069976 0.159190
0 0.251017 0.904486 0.018714 0.034732
0 0.529292 0.269175 0.036615 0.063676
0 0.445484 0.281476 0.023596 0.041968
0 0.062246 0.342981 0.030106 0.049204
0 0.679821 0.359624 0.096827 0.120116
0 0.010171 0.487699 0.020342 0.072359
0 0.830350 0.181621 0.067535 0.108538
0 0.785191 0.026773 0.030919 0.047757
0 0.343369 0.255427 0.022783 0.044863
0 0.439382 0.075253 0.022783 0.037627
0 0.630594 0.934153 0.017901 0.033285
0 0.223759 0.814038 0.027665 0.044863
0 0.814076 0.944284 0.021969 0.041968
0 0.811229 0.343705 0.021155 0.039074
0 0.158259 0.799566 0.018714 0.033285
0 0.475590 0.256874 0.021969 0.039074
0 0.847437 0.356729 0.031733 0.056440
0 0.370220 0.663531 0.027665 0.056440
0 0.160293 0.767728 0.019528 0.033285
0 0.106998 0.883502 0.026851 0.050651
0 0.117168 0.759045 0.039056 0.059334
0 0.075264 0.842981 0.023596 0.041968
0 0.210740 0.879884 0.052075 0.089725
0 0.795362 0.303907 0.036615 0.066570
0 0.005696 0.185239 0.011391 0.075253
0 0.711147 0.405210 0.014646 0.026049
0 0.292107 0.133140 0.030919 0.049204
0 0.159479 0.237337 0.024410 0.040521
0 0.134662 0.281476 0.017087 0.036179
0 0.943043 0.481910 0.076485 0.109986
0 0.860456 0.437048 0.061025 0.086831
0 0.950366 0.241679 0.032547 0.054993
0 0.681041 0.124457 0.055330 0.104197
0 0.766884 0.081042 0.049634 0.089725
0 0.892596 0.884226 0.078112 0.133140
0 0.124898 0.385673 0.072417 0.131693
