0 0.658259 0.064399 0.050448 0.082489
0 0.475183 0.201881 0.063466 0.108538
0 0.820993 0.408828 0.029292 0.050651
0 0.267697 0.604920 0.065094 0.118669
0 0.643613 0.683792 0.055330 0.105644
0 0.905207 0.311143 0.028478 0.046310
0 0.139138 0.806078 0.055330 0.101302
0 0.969081 0.486975 0.030919 0.050651
0 0.101302 0.960926 0.044752 0.069465
0 0.048413 0.578871 0.020342 0.040521
0 0.729455 0.630970 0.018714 0.037627
0 0.688771 0.382055 0.028478 0.060781
0 0.850692 0.034732 0.064280 0.069465
0 0.445077 0.028220 0.060212 0.056440
0 0.140358 0.429088 0.021969 0.039074
0 0.979658 0.230825 0.034174 0.053546
0 0.836859 0.107091 0.044752 0.066570
0 0.279496 0.937048 0.020342 0.039074
0 0.382832 0.926918 0.018714 0.036179
0 0.714809 0.907381 0.017087 0.034732
0 0.109439 0.611433 0.030106 0.044863
0 0.078519 0.579595 0.021969 0.044863
0 0.740846 0.834298 0.117982 0.146165
