0 0.275427 0.421129 0.062653 0.107091
0 0.654597 0.379884 0.057771 0.094067
0 0.398698 0.717800 0.052075 0.098408
0 0.206672 0.473227 0.056957 0.083936
0 0.099268 0.423300 0.105777 0.172214
0 0.571196 0.196093 0.045566 0.079595
0 0.702604 0.130246 0.044752 0.081042
0 0.452400 0.468162 0.060212 0.114327
0 0.264443 0.891462 0.053702 0.098408
0 0.101302 0.626628 0.039870 0.072359
0 0.667209 0.764834 0.035801 0.068017
0 0.750203 0.795948 0.043938 0.086831
0 0.597234 0.859624 0.055330 0.089725
0 0.950366 0.286541 0.035801 0.063676
0 0.907242 0.704052 0.055330 0.099855
0 0.831570 0.633864 0.037429 0.063676
0 0.931245 0.541968 0.043124 0.082489
0 0.188771 0.601302 0.029292 0.047757
0 0.473556 0.837192 0.063466 0.105644
0 0.821806 0.254703 0.042311 0.078148
0 0.565094 0.033285 0.070789 0.066570
0 0.314890 0.106368 0.045566 0.079595
0 0.481692 0.731548 0.022783 0.044863
0 0.718877 0.912446 0.018714 0.036179
0 0.724573 0.972504 0.041497 0.052098
0 0.505289 0.049928 0.081367 0.096961
0 0.956062 0.201881 0.069976 0.099855
0 0.292921 0.709841 0.040683 0.073806
0 0.332791 0.656295 0.065094 0.125904
0 0.207893 0.770622 0.052889 0.096961
0 0.597234 0.955861 0.052075 0.079595
0 0.449146 0.939942 0.027665 0.050651
0 0.839300 0.114327 0.033360 0.054993
0 0.213181 0.890738 0.017901 0.033285
0 0.009357 0.101302 0.018714 0.107091
0 0.451587 0.738061 0.021155 0.037627
0 0.263222 0.649783 0.018714 0.034732
0 0.402360 0.193922 0.069162 0.164978
0 0.467453 0.201881 0.049634 0.102750
0 0.478845 0.104197 0.072417 0.107091
0 0.168430 0.701881 0.055330 0.112880
