0 0.342962 0.473227 0.080553 0.133140
0 0.561025 0.721418 0.052889 0.094067
0 0.419040 0.302460 0.060212 0.101302
0 0.397884 0.774240 0.042311 0.083936
0 0.882425 0.510130 0.034988 0.062229
0 0.125712 0.068741 0.049634 0.079595
0 0.290480 0.653401 0.035801 0.059334
0 0.676566 0.305355 0.031733 0.060781
0 0.217250 0.649059 0.042311 0.056440
0 0.753051 0.295948 0.038242 0.062229
0 0.635883 0.298119 0.038242 0.075253
0 0.174939 0.578148 0.055330 0.102750
0 0.802278 0.041968 0.048820 0.069465
0 0.481692 0.775687 0.039056 0.072359
0 0.992677 0.533285 0.013019 0.041968
0 0.688365 0.230101 0.024410 0.043415
0 0.374288 0.028220 0.024410 0.044863
0 0.959317 0.450796 0.061839 0.099855
0 0.873881 0.769175 0.043938 0.073806
0 0.894630 0.378437 0.043124 0.073806
0 0.144020 0.863242 0.094386 0.111433
0 0.545566 0.158466 0.018714 0.033285
0 0.904801 0.450072 0.024410 0.046310
0 0.341334 0.610709 0.021969 0.040521
0 0.843775 0.264834 0.069976 0.124457
0 0.258747 0.795948 0.042311 0.167873
