0 0.570789 0.298842 0.077299 0.149059
0 0.446298 0.826339 0.065907 0.130246
0 0.415378 0.198263 0.051261 0.089725
0 0.712368 0.442113 0.046379 0.079595
0 0.281937 0.161360 0.051261 0.076700
0 0.660700 0.723589 0.065094 0.107091
0 0.572010 0.523155 0.048820 0.088278
0 0.257526 0.765557 0.064280 0.118669
0 0.185110 0.824168 0.061025 0.096961
0 0.028072 0.310420 0.056143 0.111433
0 0.683889 0.200434 0.031733 0.062229
0 0.836452 0.578871 0.043938 0.083936
0 0.973149 0.614327 0.037429 0.073806
0 0.164361 0.971780 0.034174 0.050651
0 0.299837 0.427641 0.051261 0.085384
0 0.855167 0.424747 0.035801 0.062229
0 0.957689 0.901592 0.052075 0.095514
0 0.247356 0.023155 0.053702 0.046310
0 0.066314 0.769175 0.095199 0.180897
0 0.969081 0.514472 0.060212 0.111433
0 0.019121 0.165702 0.026851 0.050651
0 0.309194 0.982634 0.040683 0.031838
0 0.133442 0.843705 0.022783 0.043415
0 0.017494 0.608538 0.034988 0.094067
0 0.397478 0.510854 0.070789 0.170767
0 0.467453 0.515919 0.049634 0.102750
0 0.472742 0.417511 0.076485 0.102750
0 0.498373 0.340810 0.082181 0.143271
0 0.769731 0.091896 0.074858 0.151954
0 0.831977 0.133864 0.059398 0.111433
0 0.911717 0.420405 0.051261 0.123010
