0 0.857201 0.453690 0.090317 0.154848
0 0.668836 0.134588 0.047193 0.081042
0 0.916192 0.599132 0.048820 0.086831
0 0.833198 0.879161 0.066721 0.114327
0 0.544345 0.022431 0.034174 0.044863
0 0.931245 0.732272 0.057771 0.089725
0 0.652563 0.644718 0.045566 0.079595
0 0.476810 0.772793 0.055330 0.104197
0 0.693247 0.932706 0.056957 0.108538
0 0.283157 0.548480 0.032547 0.057887
0 0.091538 0.619392 0.043124 0.072359
0 0.704638 0.614327 0.050448 0.079595
0 0.275020 0.194645 0.042311 0.082489
0 0.518308 0.222865 0.052075 0.092619
0 0.433279 0.379161 0.038242 0.063676
0 0.446705 0.034009 0.047193 0.065123
0 0.471115 0.365412 0.014646 0.027496
0 0.347844 0.599855 0.018714 0.036179
0 0.676159 0.579595 0.019528 0.039074
0 0.222945 0.359624 0.032547 0.056440
0 0.261188 0.680174 0.024410 0.046310
0 0.332791 0.193922 0.039056 0.081042
0 0.292107 0.272069 0.022783 0.037627
0 0.187958 0.664255 0.052075 0.092619
0 0.124898 0.459479 0.023596 0.044863
0 0.246949 0.791606 0.028478 0.052098
0 0.245321 0.542692 0.023596 0.043415
0 0.154190 0.534732 0.026851 0.047757
0 0.373881 0.361071 0.046379 0.079595
0 0.067535 0.048480 0.050448 0.059334
0 0.753051 0.125181 0.030106 0.050651
0 0.971522 0.381331 0.055330 0.117221
0 0.216436 0.618669 0.016273 0.030391
0 0.262002 0.356729 0.030919 0.059334
0 0.939788 0.973227 0.086249 0.053546
0 0.144426 0.489146 0.023596 0.037627
0 0.007730 0.734443 0.015460 0.102750
0 0.310415 0.950796 0.033360 0.057887
0 0.991456 0.931983 0.017087 0.081042
