0 0.617168 0.809696 0.074044 0.128799
0 0.596013 0.253256 0.064280 0.112880
0 0.134255 0.757598 0.069976 0.125904
0 0.648902 0.312590 0.080553 0.127352
0 0.332791 0.569465 0.058584 0.108538
0 0.423922 0.311143 0.066721 0.109986
0 0.141985 0.515919 0.080553 0.111433
0 0.460944 0.160637 0.064280 0.095514
0 0.831570 0.752533 0.040683 0.072359
0 0.301465 0.803907 0.036615 0.065123
0 0.921074 0.969609 0.053702 0.060781
0 0.722945 0.136758 0.072417 0.128799
0 0.764036 0.764110 0.045566 0.083936
0 0.973149 0.751085 0.021155 0.034732
0 0.023596 0.615774 0.047193 0.085384
0 0.913751 0.617221 0.026037 0.041968
0 0.271359 0.304631 0.059398 0.094067
0 0.811229 0.369030 0.052075 0.086831
0 0.244915 0.586107 0.065094 0.130246
0 0.874288 0.585384 0.018714 0.036179
0 0.158666 0.638929 0.021155 0.036179
0 0.235151 0.815485 0.055330 0.108538
0 0.879577 0.665702 0.026037 0.049204
0 0.872254 0.768452 0.016273 0.028944
0 0.976810 0.799566 0.020342 0.033285
0 0.802278 0.120116 0.029292 0.037627
0 0.986168 0.654848 0.024410 0.047757
0 0.966233 0.081042 0.051261 0.095514
0 0.991863 0.715630 0.014646 0.033285
0 0.982913 0.513025 0.034174 0.070912
0 0.560618 0.950796 0.039056 0.078148
0 0.362083 0.034732 0.047193 0.066570
0 0.205045 0.601302 0.035801 0.065123
0 0.845810 0.043415 0.036615 0.052098
0 0.206265 0.044863 0.056143 0.086831
0 0.832791 0.850941 0.033360 0.072359
0 0.301058 0.686686 0.047193 0.079595
0 0.520749 0.974674 0.040683 0.050651
0 0.801465 0.070912 0.050448 0.101302
