0 0.599268 0.168596 0.049634 0.085384
0 0.597640 0.509407 0.070789 0.124457
0 0.419040 0.576700 0.069976 0.125904
0 0.456062 0.405933 0.064280 0.102750
0 0.801465 0.093343 0.068348 0.099855
0 0.653784 0.567294 0.072417 0.127352
0 0.507730 0.125904 0.043938 0.075253
0 0.321400 0.852388 0.060212 0.107091
0 0.812042 0.356729 0.026037 0.041968
0 0.767290 0.351664 0.016273 0.028944
0 0.347844 0.256874 0.065907 0.102750
0 0.210740 0.130970 0.050448 0.102750
0 0.486574 0.059334 0.043938 0.081042
0 0.283157 0.967438 0.058584 0.062229
0 0.128560 0.806078 0.079740 0.124457
0 0.858015 0.278582 0.031733 0.056440
0 0.756713 0.227931 0.024410 0.044863
0 0.775427 0.311867 0.016273 0.030391
0 0.259561 0.568741 0.060212 0.107091
0 0.731489 0.374819 0.074858 0.144718
0 0.935720 0.912446 0.030919 0.050651
0 0.098047 0.233719 0.023596 0.044863
0 0.899919 0.963821 0.029292 0.054993
0 0.822213 0.630246 0.048007 0.085384
0 0.893816 0.876266 0.020342 0.041968
0 0.064280 0.217077 0.034174 0.063676
0 0.137917 0.940666 0.021969 0.040521
0 0.979658 0.319826 0.040683 0.112880
0 0.800244 0.418958 0.013832 0.024602
0 0.188365 0.894356 0.039870 0.075253
0 0.224166 0.897974 0.091945 0.204052
0 0.124085 0.180897 0.023596 0.040521
0 0.803499 0.297395 0.036615 0.068017
0 0.008950 0.910275 0.017901 0.086831
0 0.995525 0.790883 0.008950 0.073806
0 0.187144 0.227207 0.058584 0.170767
0 0.135069 0.273517 0.039056 0.060781
0 0.065907 0.050651 0.109032 0.101302
