0 0.213181 0.310420 0.058584 0.120116
0 0.472335 0.072359 0.051261 0.086831
0 0.910090 0.362518 0.054516 0.091172
0 0.587876 0.361795 0.052889 0.107091
0 0.767697 0.105644 0.059398 0.121563
0 0.613100 0.668596 0.039870 0.069465
0 0.323027 0.390738 0.027665 0.049204
0 0.192026 0.602026 0.029292 0.052098
0 0.231082 0.505065 0.035801 0.060781
0 0.428397 0.478292 0.033360 0.059334
0 0.569569 0.920405 0.045566 0.107091
0 0.312042 0.052098 0.039870 0.066570
0 0.010171 0.272069 0.020342 0.046310
0 0.377543 0.374096 0.032547 0.062229
0 0.587063 0.583213 0.021969 0.040521
0 0.703011 0.460926 0.024410 0.041968
0 0.105370 0.965991 0.036615 0.059334
0 0.093572 0.311867 0.034174 0.065123
0 0.378763 0.904486 0.020342 0.037627
0 0.681448 0.879884 0.083808 0.173661
0 0.731896 0.514472 0.018714 0.036179
0 0.596013 0.767004 0.020342 0.040521
0 0.553295 0.513748 0.034174 0.063676
0 0.107811 0.829233 0.021969 0.043415
0 0.556143 0.557164 0.018714 0.031838
0 0.494711 0.835022 0.017901 0.034732
0 0.307567 0.489870 0.053702 0.102750
0 0.032140 0.701158 0.028478 0.059334
