0 0.296583 0.145441 0.043124 0.070912
0 0.344996 0.850941 0.089504 0.144718
0 0.417819 0.137482 0.052889 0.083936
0 0.921074 0.455861 0.060212 0.101302
0 0.376729 0.412446 0.042311 0.072359
0 0.798617 0.942113 0.049634 0.086831
0 0.452400 0.945731 0.047193 0.082489
0 0.627339 0.718524 0.058584 0.111433
0 0.202604 0.812590 0.045566 0.094067
0 0.732710 0.898698 0.048007 0.098408
0 0.228234 0.301737 0.041497 0.070912
0 0.039463 0.214182 0.033360 0.057887
0 0.506916 0.746744 0.045566 0.086831
0 0.606998 0.117945 0.061839 0.102750
0 0.763222 0.810420 0.043938 0.081042
0 0.105370 0.543415 0.044752 0.073806
0 0.703824 0.653401 0.053702 0.102750
0 0.354353 0.510130 0.038242 0.070912
0 0.067128 0.702605 0.039870 0.068017
0 0.881611 0.339363 0.085435 0.146165
0 0.162327 0.753256 0.033360 0.059334
0 0.623678 0.930535 0.054516 0.089725
0 0.528478 0.534009 0.052889 0.107091
0 0.757933 0.127352 0.056143 0.098408
0 0.100488 0.662808 0.036615 0.069465
0 0.805533 0.507959 0.039056 0.072359
0 0.020749 0.298119 0.041497 0.089725
0 0.688365 0.340810 0.097640 0.128799
0 0.025224 0.361071 0.037429 0.053546
0 0.065907 0.047757 0.047193 0.060781
0 0.131814 0.845876 0.016273 0.030391
0 0.924329 0.981187 0.037429 0.037627
0 0.028478 0.885673 0.065094 0.193922
0 0.013832 0.410275 0.027665 0.044863
0 0.127339 0.151230 0.030106 0.053546
