0 0.504068 0.732996 0.078926 0.134588
0 0.217250 0.653401 0.045566 0.088278
0 0.276241 0.553546 0.051261 0.085384
0 0.720911 0.921852 0.065094 0.112880
0 0.819365 0.065123 0.074858 0.115774
0 0.526037 0.968162 0.033360 0.057887
0 0.696094 0.314761 0.080553 0.146165
0 0.982099 0.395080 0.034174 0.104197
0 0.243694 0.234443 0.041497 0.069465
0 0.080960 0.599132 0.054516 0.109986
0 0.684296 0.549928 0.096013 0.159190
0 0.268104 0.764110 0.018714 0.034732
0 0.390561 0.963097 0.027665 0.053546
0 0.045159 0.583213 0.026851 0.049204
0 0.978031 0.921129 0.042311 0.154848
0 0.901953 0.705499 0.025224 0.047757
0 0.037022 0.289436 0.074044 0.144718
0 0.903987 0.364689 0.019528 0.037627
0 0.277868 0.227207 0.030106 0.057887
0 0.643613 0.034732 0.060212 0.069465
0 0.917413 0.215630 0.025224 0.046310
0 0.885679 0.970333 0.100081 0.073806
