0 0.630187 0.643271 0.057771 0.105644
0 0.413751 0.094067 0.051261 0.089725
0 0.541904 0.855282 0.056957 0.101302
0 0.528072 0.646889 0.076485 0.118669
0 0.247762 0.818379 0.034988 0.068017
0 0.020749 0.638205 0.026851 0.046310
0 0.475183 0.234443 0.052075 0.092619
0 0.654597 0.500000 0.026851 0.050651
0 0.313263 0.700434 0.022783 0.043415
0 0.271359 0.558611 0.025224 0.052098
0 0.197315 0.755427 0.061025 0.112880
0 0.786412 0.910999 0.048007 0.082489
0 0.345810 0.959479 0.060212 0.072359
0 0.226607 0.463821 0.018714 0.033285
0 0.063466 0.909551 0.035801 0.068017
0 0.066721 0.696093 0.030919 0.049204
0 0.283157 0.410275 0.074858 0.137482
0 0.099675 0.754703 0.021969 0.039074
0 0.372661 0.225036 0.016273 0.030391
0 0.762408 0.980463 0.037429 0.036179
0 0.766477 0.696093 0.032547 0.078148
