0 0.310415 0.359624 0.095199 0.178003
0 0.578519 0.694645 0.065094 0.109986
0 0.880391 0.251085 0.068348 0.091172
0 0.534988 0.239508 0.043124 0.070912
0 0.165582 0.445731 0.046379 0.078148
0 0.371847 0.502894 0.027665 0.050651
0 0.605777 0.832127 0.054516 0.095514
0 0.980472 0.820550 0.039056 0.092619
0 0.304312 0.738061 0.027665 0.052098
0 0.467046 0.123734 0.082994 0.151954
0 0.641172 0.951520 0.034174 0.065123
0 0.214809 0.490593 0.037429 0.057887
0 0.419040 0.223589 0.019528 0.036179
0 0.641985 0.245297 0.030919 0.056440
0 0.034174 0.307525 0.034174 0.056440
0 0.091945 0.821997 0.060212 0.109986
0 0.855980 0.618669 0.048820 0.088278
0 0.515867 0.770622 0.017901 0.033285
0 0.713181 0.390014 0.023596 0.044863
0 0.942636 0.333575 0.056143 0.085384
0 0.611473 0.345152 0.048007 0.082489
0 0.274614 0.421129 0.020342 0.037627
0 0.288446 0.926918 0.091945 0.134588
0 0.669243 0.105644 0.018714 0.037627
0 0.853133 0.983357 0.041497 0.033285
0 0.645647 0.058611 0.017087 0.030391
0 0.775834 0.105644 0.026851 0.049204
0 0.018714 0.405210 0.030919 0.049204
0 0.143613 0.700434 0.017087 0.031838
0 0.753051 0.094790 0.026851 0.041968
0 0.009357 0.518813 0.018714 0.050651
0 0.649715 0.099855 0.020342 0.034732
0 0.297803 0.060058 0.021155 0.039074
0 0.592758 0.022431 0.020342 0.033285
0 0.657852 0.481910 0.049634 0.095514
0 0.711147 0.593343 0.087876 0.159190
0 0.895037 0.382779 0.089504 0.117221
0 0.987795 0.214906 0.024410 0.056440
0 0.099675 0.478292 0.043124 0.076700
0 0.104557 0.564399 0.034988 0.072359
0 0.028072 0.636758 0.043124 0.072359
0 0.060212 0.674385 0.035801 0.063676
0 0.078926 0.622287 0.032547 0.057887
0 0.093165 0.713459 0.064280 0.098408
