0 0.081367 0.894356 0.066721 0.121563
0 0.353133 0.521708 0.047193 0.091172
0 0.574451 0.566570 0.037429 0.068017
0 0.539463 0.135311 0.056957 0.108538
0 0.620830 0.440666 0.043938 0.079595
0 0.441823 0.089725 0.047193 0.066570
0 0.907242 0.502894 0.042311 0.068017
0 0.046379 0.478292 0.032547 0.056440
0 0.754679 0.522431 0.072417 0.124457
0 0.303499 0.599132 0.024410 0.043415
0 0.782750 0.376266 0.042311 0.069465
0 0.262408 0.154124 0.093572 0.149059
0 0.258747 0.607091 0.021155 0.039074
0 0.609845 0.295224 0.049634 0.078148
0 0.380391 0.663531 0.048007 0.088278
0 0.168430 0.403763 0.060212 0.095514
0 0.336046 0.814038 0.065094 0.160637
0 0.294955 0.562229 0.025224 0.044863
0 0.044345 0.099855 0.054516 0.086831
0 0.520342 0.232996 0.077299 0.109986
0 0.682262 0.528944 0.015460 0.030391
0 0.886900 0.352388 0.056957 0.140376
