0 0.816924 0.794501 0.065094 0.121563
0 0.786412 0.398698 0.069162 0.123010
0 0.109439 0.088278 0.085435 0.115774
0 0.077299 0.760492 0.071603 0.125904
0 0.578926 0.896527 0.082181 0.166425
0 0.217250 0.226483 0.074858 0.120116
0 0.815297 0.073806 0.084622 0.124457
0 0.307160 0.682344 0.025224 0.047757
0 0.578926 0.772069 0.018714 0.036179
0 0.114321 0.311143 0.049634 0.086831
0 0.537836 0.830680 0.026037 0.052098
0 0.409683 0.476122 0.054516 0.098408
0 0.977217 0.445731 0.043938 0.083936
0 0.018714 0.610709 0.037429 0.095514
0 0.458910 0.558611 0.024410 0.049204
0 0.523190 0.607091 0.019528 0.039074
0 0.770545 0.181621 0.068348 0.111433
0 0.705858 0.927641 0.020342 0.040521
0 0.731489 0.905933 0.035801 0.066570
0 0.470301 0.248191 0.050448 0.085384
0 0.748983 0.977569 0.018714 0.033285
0 0.346216 0.980463 0.020342 0.036179
0 0.289260 0.963097 0.017087 0.033285
0 0.893002 0.080318 0.034988 0.059334
0 0.546786 0.308249 0.060212 0.104197
0 0.299024 0.805355 0.070789 0.163531
0 0.244508 0.120116 0.065907 0.101302
0 0.325875 0.121563 0.031733 0.052098
0 0.802685 0.595514 0.031733 0.068017
