0 0.366151 0.825615 0.060212 0.099855
0 0.366558 0.400145 0.054516 0.123010
0 0.326282 0.285818 0.035801 0.062229
0 0.721318 0.198987 0.021969 0.041968
0 0.095606 0.429088 0.020342 0.036179
0 0.170464 0.556440 0.018714 0.033285
0 0.273800 0.154124 0.049634 0.082489
0 0.210740 0.582489 0.042311 0.085384
0 0.786005 0.428365 0.019528 0.034732
0 0.339300 0.206946 0.021155 0.034732
0 0.077705 0.517366 0.023596 0.044863
0 0.192840 0.170767 0.034174 0.054993
0 0.032140 0.229378 0.038242 0.065123
0 0.978845 0.664255 0.027665 0.052098
0 0.984133 0.727207 0.030106 0.053546
0 0.813670 0.481910 0.027665 0.043415
0 0.985761 0.469609 0.028478 0.082489
