0 0.655411 0.717800 0.093572 0.153401
0 0.461351 0.413893 0.060212 0.104197
0 0.106591 0.329233 0.043938 0.082489
0 0.794142 0.696816 0.082994 0.134588
0 0.320179 0.102026 0.041497 0.068017
0 0.138731 0.558611 0.069162 0.107091
0 0.593572 0.245297 0.021969 0.041968
0 0.232303 0.200434 0.048007 0.088278
0 0.262815 0.424023 0.091131 0.147612
0 0.648902 0.183068 0.067535 0.125904
0 0.439382 0.089725 0.060212 0.101302
0 0.556957 0.386397 0.034988 0.066570
0 0.814076 0.376990 0.046379 0.082489
0 0.934500 0.211288 0.034988 0.057887
0 0.716029 0.508683 0.063466 0.120116
0 0.568755 0.633140 0.019528 0.033285
0 0.029699 0.447178 0.059398 0.136035
0 0.581774 0.604920 0.029292 0.054993
0 0.197315 0.543415 0.030106 0.053546
0 0.619609 0.439219 0.044752 0.079595
0 0.778275 0.319103 0.048007 0.094067
0 0.035801 0.228654 0.056957 0.086831
