0 0.483727 0.861795 0.064280 0.117221
0 0.736778 0.151954 0.072417 0.109986
0 0.376729 0.388567 0.107404 0.172214
0 0.747762 0.801737 0.052075 0.095514
0 0.366151 0.143994 0.043938 0.079595
0 0.179007 0.549928 0.039056 0.069465
0 0.121644 0.454414 0.070789 0.121563
0 0.874695 0.136758 0.037429 0.062229
0 0.410903 0.685962 0.043938 0.089725
0 0.882425 0.897974 0.034988 0.065123
0 0.611066 0.083213 0.047193 0.079595
0 0.390968 0.263386 0.046379 0.083936
0 0.451180 0.683068 0.017087 0.034732
0 0.292107 0.804631 0.019528 0.037627
0 0.360862 0.644718 0.039870 0.073806
0 0.091538 0.813314 0.074044 0.109986
0 0.602929 0.619392 0.047193 0.083936
0 0.567941 0.178726 0.039056 0.068017
0 0.269325 0.815485 0.019528 0.036179
0 0.022376 0.271346 0.041497 0.070912
0 0.554109 0.566570 0.021155 0.041968
0 0.044752 0.942113 0.024410 0.049204
0 0.270952 0.853835 0.019528 0.034732
0 0.278275 0.206223 0.027665 0.053546
0 0.317738 0.184515 0.033360 0.068017
0 0.196501 0.041245 0.054516 0.065123
0 0.088690 0.094790 0.030919 0.059334
