0 0.493897 0.108538 0.100895 0.159190
0 0.277868 0.803184 0.056143 0.098408
0 0.554516 0.843705 0.021969 0.040521
0 0.695688 0.800289 0.052075 0.098408
0 0.532140 0.455861 0.050448 0.089725
0 0.592758 0.819103 0.051261 0.098408
0 0.864931 0.393632 0.055330 0.124457
0 0.552889 0.703329 0.020342 0.040521
0 0.280309 0.929088 0.021969 0.040521
0 0.577299 0.616498 0.025224 0.046310
0 0.797803 0.457308 0.062653 0.101302
0 0.553295 0.929812 0.065094 0.120116
0 0.669650 0.317656 0.021155 0.039074
0 0.101709 0.500724 0.019528 0.037627
0 0.528478 0.244573 0.020342 0.037627
0 0.546786 0.384949 0.027665 0.049204
0 0.614321 0.181621 0.019528 0.036179
0 0.939788 0.780753 0.026037 0.047757
0 0.510985 0.191027 0.021155 0.037627
0 0.025224 0.712735 0.022783 0.041968
0 0.596827 0.290159 0.018714 0.033285
0 0.123271 0.672938 0.059398 0.127352
0 0.658259 0.018090 0.043938 0.036179
0 0.484540 0.319103 0.093572 0.163531
0 0.961758 0.525326 0.053702 0.109986
0 0.576892 0.853835 0.019528 0.037627
