0 0.618796 0.768452 0.018714 0.043415
0 0.670057 0.756151 0.051261 0.099855
0 0.707893 0.643271 0.069976 0.151954
0 0.545566 0.611433 0.056143 0.096961
0 0.553295 0.329957 0.022783 0.054993
0 0.503662 0.096961 0.022783 0.049204
0 0.574858 0.199711 0.054516 0.107091
0 0.254679 0.109986 0.022783 0.034732
0 0.141985 0.329957 0.046379 0.086831
0 0.165989 0.443560 0.037429 0.050651
0 0.148902 0.674385 0.029292 0.049204
0 0.090317 0.913893 0.048820 0.114327
0 0.141985 0.970333 0.034988 0.050651
0 0.357201 0.861795 0.013019 0.027496
0 0.465826 0.929812 0.025224 0.041968
0 0.380391 0.971780 0.017087 0.030391
0 0.853946 0.463821 0.025224 0.053546
0 0.956469 0.641100 0.046379 0.063676
0 0.754272 0.463097 0.042311 0.066570
0 0.793735 0.070188 0.038242 0.047757
0 0.724573 0.044863 0.061025 0.072359
0 0.330757 0.078148 0.061025 0.095514
