0 0.420667 0.057887 0.053702 0.083936
0 0.138731 0.191027 0.049634 0.089725
0 0.264849 0.965991 0.036615 0.062229
0 0.731489 0.098408 0.055330 0.086831
0 0.679007 0.494211 0.052889 0.094067
0 0.518308 0.590449 0.055330 0.104197
0 0.259154 0.562952 0.048007 0.092619
0 0.360456 0.080318 0.061839 0.114327
0 0.427583 0.777135 0.041497 0.078148
0 0.884866 0.862518 0.096827 0.170767
0 0.549227 0.345152 0.048820 0.082489
0 0.442636 0.366136 0.050448 0.086831
0 0.770545 0.490593 0.030919 0.052098
0 0.200976 0.753980 0.037429 0.066570
0 0.094793 0.873372 0.025224 0.050651
0 0.468674 0.767004 0.016273 0.028944
0 0.115134 0.912446 0.026851 0.047757
0 0.041904 0.395803 0.049634 0.085384
0 0.276648 0.658466 0.027665 0.046310
0 0.363710 0.748915 0.048820 0.088278
0 0.356387 0.301013 0.024410 0.046310
0 0.320179 0.569465 0.043124 0.091172
0 0.124898 0.964544 0.031733 0.053546
0 0.223759 0.967438 0.027665 0.047757
0 0.137510 0.103473 0.042311 0.070912
0 0.393002 0.608538 0.017901 0.033285
0 0.243694 0.741679 0.034988 0.068017
0 0.229048 0.167149 0.083808 0.140376
0 0.987388 0.767004 0.025224 0.104197
0 0.926363 0.164978 0.054516 0.095514
0 0.812042 0.075977 0.024410 0.039074
