0 0.492677 0.060781 0.100081 0.121563
0 0.544752 0.847323 0.080553 0.143271
0 0.531326 0.374819 0.052075 0.086831
0 0.486168 0.243126 0.091945 0.162084
0 0.280716 0.714906 0.053702 0.092619
0 0.553295 0.752533 0.022783 0.040521
0 0.590724 0.728654 0.053702 0.102750
0 0.692840 0.711288 0.052889 0.094067
0 0.550854 0.615051 0.021155 0.037627
0 0.575264 0.531114 0.026037 0.046310
0 0.796583 0.378437 0.068348 0.105644
0 0.546379 0.308973 0.026851 0.044863
0 0.859235 0.319103 0.055330 0.117221
0 0.666395 0.239508 0.019528 0.036179
0 0.528072 0.170043 0.022783 0.039074
0 0.283971 0.835745 0.021155 0.039074
0 0.032954 0.624457 0.021969 0.039074
0 0.931652 0.691027 0.026037 0.047757
0 0.107404 0.418958 0.021155 0.041968
0 0.612286 0.109262 0.020342 0.036179
0 0.953214 0.442113 0.052889 0.105644
0 0.238405 0.976122 0.019528 0.039074
0 0.595199 0.212012 0.018714 0.033285
0 0.126119 0.602750 0.050448 0.088278
0 0.092758 0.667149 0.030919 0.054993
0 0.408462 0.962373 0.063466 0.072359
