0 0.279089 0.336469 0.112286 0.201158
0 0.548413 0.666425 0.052075 0.099855
0 0.788039 0.233719 0.041497 0.070912
0 0.167616 0.586107 0.074858 0.179450
0 0.638731 0.809696 0.069976 0.128799
0 0.228641 0.816208 0.043938 0.075253
0 0.089097 0.190304 0.043124 0.073806
0 0.792921 0.370478 0.062653 0.095514
0 0.094793 0.791606 0.052889 0.098408
0 0.687958 0.523878 0.069162 0.136035
0 0.555330 0.442113 0.039870 0.070912
0 0.144020 0.130970 0.069976 0.102750
0 0.364524 0.832851 0.058584 0.099855
0 0.672905 0.137482 0.037429 0.060781
0 0.501221 0.447178 0.022783 0.046310
0 0.776241 0.571635 0.027665 0.049204
0 0.323841 0.965268 0.043938 0.066570
0 0.607404 0.887844 0.052889 0.094067
0 0.727014 0.565847 0.020342 0.037627
0 0.338893 0.237337 0.025224 0.040521
0 0.972742 0.165702 0.033360 0.053546
0 0.965826 0.667149 0.034174 0.054993
0 0.731896 0.845152 0.017087 0.031838
0 0.638731 0.672938 0.021155 0.040521
0 0.393816 0.104197 0.065094 0.121563
0 0.790480 0.793777 0.033360 0.053546
0 0.004475 0.208394 0.008950 0.069465
0 0.501627 0.786541 0.020342 0.044863
0 0.121237 0.319826 0.050448 0.095514
0 0.201790 0.186686 0.078112 0.124457
0 0.674532 0.950796 0.060212 0.098408
0 0.820179 0.680174 0.039056 0.069465
0 0.942229 0.615051 0.074858 0.130246
