0 0.435313 0.636035 0.030919 0.053546
0 0.626953 0.077148 0.054688 0.087891
0 0.457031 0.098633 0.035156 0.060547
0 0.577148 0.167969 0.021484 0.058594
0 0.436523 0.219727 0.052734 0.056641
0 0.686523 0.258789 0.060547 0.076172
0 0.439453 0.382812 0.050781 0.125000
0 0.300781 0.360352 0.035156 0.044922
0 0.700195 0.427734 0.099609 0.105469
0 0.315430 0.453125 0.060547 0.085938
0 0.407227 0.499023 0.056641 0.048828
0 0.079102 0.511719 0.025391 0.062500
0 0.254883 0.671875 0.044922 0.027344
0 0.562500 0.932617 0.058594 0.072266
0 0.277344 0.943359 0.050781 0.050781
