0 0.747356 0.472504 0.041497 0.076700
0 0.405273 0.082031 0.052734 0.085938
0 0.013672 0.148438 0.027344 0.054688
0 0.860352 0.159180 0.025391 0.060547
0 0.467773 0.191406 0.060547 0.054688
0 0.798828 0.214844 0.023438 0.058594
0 0.360352 0.222656 0.025391 0.050781
0 0.128906 0.250977 0.050781 0.064453
0 0.118164 0.379883 0.068359 0.052734
0 0.922852 0.639648 0.029297 0.087891
0 0.456055 0.640625 0.025391 0.085938
0 0.906250 0.833984 0.054688 0.082031
0 0.319336 0.908203 0.056641 0.054688
0 0.766602 0.952401 0.033203 0.092303
0 0.434570 0.965097 0.048828 0.066912
