0 0.434500 0.528944 0.027665 0.047757
0 0.609375 0.077148 0.031250 0.033203
0 0.294922 0.098633 0.031250 0.068359
0 0.395508 0.134766 0.041016 0.031250
0 0.717773 0.196289 0.052734 0.060547
0 0.796875 0.196289 0.031250 0.052734
0 0.885742 0.278320 0.044922 0.064453
0 0.951172 0.496094 0.035156 0.058594
0 0.501953 0.499023 0.050781 0.044922
0 0.065430 0.545898 0.052734 0.025391
0 0.138672 0.563477 0.027344 0.044922
0 0.207031 0.626953 0.031250 0.050781
0 0.715820 0.658203 0.052734 0.058594
0 0.862305 0.663086 0.037109 0.048828
0 0.074219 0.734375 0.031250 0.082031
0 0.265625 0.729492 0.039062 0.044922
0 0.593750 0.765625 0.050781 0.027344
0 0.140625 0.863281 0.035156 0.089844
0 0.503906 0.877930 0.058594 0.060547
0 0.909180 0.909180 0.060547 0.064453
