0 0.652156 0.604197 0.051261 0.094067
0 0.530273 0.032227 0.044922 0.064453
0 0.613281 0.081055 0.035156 0.033203
0 0.674805 0.144531 0.033203 0.039062
0 0.408203 0.202148 0.054688 0.087891
0 0.315430 0.171875 0.044922 0.023438
0 0.186523 0.224609 0.048828 0.050781
0 0.347656 0.272461 0.046875 0.044922
0 0.545898 0.293945 0.033203 0.080078
0 0.298828 0.296875 0.066406 0.023438
0 0.265625 0.391602 0.031250 0.037109
0 0.514648 0.419922 0.033203 0.089844
0 0.309570 0.450195 0.052734 0.037109
0 0.924805 0.489258 0.025391 0.083984
0 0.257812 0.561523 0.050781 0.072266
0 0.422852 0.586914 0.080078 0.080078
0 0.822266 0.613281 0.042969 0.070312
0 0.719727 0.718750 0.048828 0.117188
0 0.811523 0.722656 0.048828 0.050781
0 0.166992 0.812500 0.033203 0.050781
0 0.390625 0.903320 0.035156 0.060547
0 0.233398 0.969003 0.025391 0.059100
0 0.451172 0.969980 0.027344 0.057147
