0 0.534581 0.596961 0.021155 0.036179
0 0.296875 0.065430 0.023438 0.044922
0 0.886719 0.105469 0.035156 0.031250
0 0.200195 0.116211 0.029297 0.044922
0 0.086914 0.222656 0.060547 0.050781
0 0.055664 0.328125 0.044922 0.023438
0 0.557617 0.486328 0.052734 0.078125
0 0.458984 0.621094 0.035156 0.121094
0 0.047852 0.606445 0.029297 0.037109
0 0.543945 0.756836 0.083984 0.197266
0 0.341797 0.702148 0.046875 0.083984
0 0.142578 0.705078 0.039062 0.027344
0 0.358398 0.854492 0.025391 0.037109
0 0.108398 0.921875 0.029297 0.035156
0 0.455078 0.948242 0.031250 0.033203
0 0.798828 0.951172 0.035156 0.031250
