0 0.531326 0.709841 0.022783 0.050651
0 0.829102 0.077148 0.013672 0.072266
0 0.105469 0.090820 0.027344 0.060547
0 0.327148 0.089844 0.017578 0.054688
0 0.195312 0.111328 0.058594 0.039062
0 0.027344 0.139648 0.054688 0.025391
0 0.536133 0.158203 0.056641 0.058594
0 0.797852 0.157227 0.029297 0.052734
0 0.830078 0.250977 0.019531 0.103516
0 0.206055 0.248047 0.025391 0.054688
0 0.733398 0.275391 0.025391 0.046875
0 0.202148 0.344727 0.025391 0.064453
0 0.421875 0.375977 0.019531 0.107422
0 0.217773 0.426758 0.041016 0.041016
0 0.358398 0.547852 0.068359 0.013672
0 0.425781 0.612305 0.035156 0.029297
0 0.292969 0.745117 0.031250 0.052734
0 0.406250 0.781250 0.042969 0.046875
0 0.734375 0.791016 0.023438 0.046875
0 0.234375 0.905273 0.023438 0.107422
0 0.513672 0.914062 0.019531 0.097656
0 0.341797 0.912109 0.046875 0.058594
0 0.671875 0.950195 0.031250 0.037109
