0 0.320993 0.355282 0.044752 0.073806
0 0.373047 0.060547 0.058594 0.121094
0 0.516602 0.017578 0.033203 0.035156
0 0.608398 0.096680 0.033203 0.064453
0 0.138672 0.107422 0.031250 0.035156
0 0.982992 0.109375 0.032389 0.031250
0 0.968343 0.224609 0.061686 0.101562
0 0.579102 0.228516 0.021484 0.085938
0 0.202148 0.462891 0.021484 0.050781
0 0.012695 0.497070 0.025391 0.048828
0 0.465820 0.625977 0.056641 0.068359
0 0.479492 0.766602 0.091797 0.103516
0 0.856445 0.765625 0.033203 0.031250
0 0.767578 0.817383 0.027344 0.048828
0 0.592773 0.907227 0.060547 0.072266
0 0.843750 0.889648 0.054688 0.029297
