0 0.733116 0.583936 0.029292 0.050651
0 0.139648 0.112305 0.037109 0.033203
0 0.433594 0.142578 0.042969 0.031250
0 0.389648 0.204102 0.025391 0.041016
0 0.172852 0.216797 0.025391 0.054688
0 0.455078 0.260742 0.027344 0.056641
0 0.717773 0.368164 0.048828 0.095703
0 0.181641 0.550781 0.070312 0.054688
0 0.327148 0.604492 0.033203 0.044922
0 0.215820 0.723633 0.068359 0.072266
0 0.058594 0.817383 0.062500 0.103516
0 0.672852 0.868164 0.037109 0.142578
0 0.325195 0.891602 0.048828 0.044922
0 0.390625 0.955078 0.035156 0.046875
0 0.809570 0.965097 0.064453 0.066912
