0 0.552075 0.392909 0.061025 0.166425
0 0.231445 0.072266 0.033203 0.046875
0 0.267578 0.166992 0.085938 0.091797
0 0.908203 0.185547 0.058594 0.113281
0 0.078125 0.206055 0.027344 0.083984
0 0.454102 0.280273 0.021484 0.103516
0 0.041992 0.413086 0.041016 0.091797
0 0.954102 0.453125 0.037109 0.031250
0 0.080078 0.487305 0.031250 0.033203
0 0.875000 0.545898 0.054688 0.087891
0 0.685547 0.615234 0.058594 0.101562
0 0.915039 0.606445 0.048828 0.037109
0 0.814453 0.658203 0.050781 0.054688
0 0.939453 0.749023 0.058594 0.126953
0 0.109375 0.896484 0.039062 0.054688
