0 0.625712 0.569465 0.063466 0.096961
0 0.297852 0.045898 0.033203 0.033203
0 0.420898 0.095703 0.083984 0.117188
0 0.800781 0.047852 0.074219 0.025391
0 0.986898 0.103516 0.024577 0.074219
0 0.483398 0.097656 0.029297 0.046875
0 0.650391 0.186523 0.093750 0.111328
0 0.238281 0.166992 0.031250 0.033203
0 0.203125 0.260742 0.031250 0.044922
0 0.377930 0.409180 0.044922 0.044922
0 0.275391 0.480469 0.054688 0.042969
0 0.625977 0.519531 0.048828 0.042969
0 0.224609 0.603516 0.046875 0.074219
0 0.200195 0.663086 0.017578 0.052734
0 0.532227 0.705078 0.056641 0.078125
0 0.778320 0.862305 0.044922 0.072266
0 0.484375 0.907227 0.023438 0.099609
0 0.578125 0.970956 0.019531 0.055193
