0 0.431652 0.495658 0.036615 0.062229
0 0.425781 0.031250 0.027344 0.062500
0 0.593750 0.021484 0.050781 0.042969
0 0.199219 0.097656 0.027344 0.050781
0 0.500000 0.135742 0.050781 0.076172
0 0.938477 0.154297 0.052734 0.089844
0 0.861328 0.160156 0.019531 0.050781
0 0.831055 0.207031 0.033203 0.031250
0 0.360352 0.221680 0.025391 0.048828
0 0.421875 0.277344 0.078125 0.046875
0 0.265625 0.453125 0.015625 0.074219
0 0.591797 0.455078 0.050781 0.035156
0 0.922852 0.498047 0.025391 0.058594
0 0.141602 0.541016 0.025391 0.046875
0 0.891602 0.563477 0.029297 0.064453
0 0.232422 0.589844 0.027344 0.042969
0 0.657227 0.610352 0.044922 0.076172
0 0.670898 0.754883 0.033203 0.052734
0 0.876953 0.784180 0.050781 0.111328
0 0.730469 0.818359 0.082031 0.066406
0 0.093750 0.880859 0.054688 0.058594
0 0.156250 0.906250 0.046875 0.054688
