0 0.486168 0.645441 0.021969 0.052098
0 0.703125 0.064453 0.023438 0.050781
0 0.892578 0.067383 0.046875 0.052734
0 0.154297 0.078125 0.050781 0.023438
0 0.307617 0.078125 0.107422 0.023438
0 0.642578 0.098633 0.023438 0.044922
0 0.285156 0.139648 0.058594 0.025391
0 0.636719 0.169922 0.046875 0.039062
0 0.140625 0.203125 0.035156 0.039062
0 0.576172 0.248047 0.031250 0.058594
0 0.296875 0.264648 0.039062 0.041016
0 0.655273 0.266602 0.056641 0.029297
0 0.876953 0.310547 0.058594 0.058594
0 0.114258 0.333008 0.029297 0.041016
0 0.987874 0.377930 0.022624 0.041016
0 0.798828 0.407227 0.031250 0.056641
0 0.389648 0.443359 0.041016 0.054688
0 0.046875 0.512695 0.035156 0.041016
0 0.435547 0.548828 0.046875 0.023438
0 0.547852 0.579102 0.029297 0.060547
0 0.921875 0.590820 0.023438 0.044922
0 0.829102 0.664062 0.033203 0.046875
0 0.703125 0.709961 0.035156 0.052734
0 0.608398 0.719727 0.033203 0.064453
0 0.839844 0.734375 0.050781 0.031250
0 0.480469 0.798828 0.027344 0.085938
0 0.171875 0.871094 0.039062 0.074219
0 0.517578 0.891602 0.031250 0.033203
0 0.939453 0.891602 0.046875 0.025391
0 0.375000 0.946289 0.046875 0.064453
0 0.450195 0.985605 0.033203 0.025897
