0 0.519935 0.633140 0.026037 0.044863
0 0.208008 0.122070 0.048828 0.064453
0 0.519531 0.125000 0.023438 0.054688
0 0.390625 0.219727 0.023438 0.072266
0 0.291016 0.367188 0.050781 0.042969
0 0.987874 0.409180 0.022624 0.107422
0 0.375000 0.560547 0.062500 0.066406
0 0.920898 0.653320 0.037109 0.076172
0 0.135742 0.686523 0.048828 0.111328
0 0.830078 0.722656 0.082031 0.113281
0 0.701172 0.812500 0.035156 0.062500
0 0.374023 0.877930 0.060547 0.087891
0 0.452148 0.967050 0.033203 0.063006
0 0.200195 0.983651 0.033203 0.029803
