0 0.544345 0.607815 0.024410 0.043415
0 0.788086 0.013672 0.041016 0.027344
0 0.715820 0.059570 0.044922 0.056641
0 0.551758 0.088867 0.041016 0.048828
0 0.275391 0.097656 0.046875 0.050781
0 0.439453 0.123047 0.058594 0.058594
0 0.953125 0.130859 0.031250 0.046875
0 0.172852 0.138672 0.037109 0.031250
0 0.202148 0.202148 0.025391 0.083984
0 0.310547 0.263672 0.046875 0.078125
0 0.813477 0.297852 0.052734 0.083984
0 0.074219 0.345703 0.031250 0.050781
0 0.769531 0.374023 0.035156 0.056641
0 0.292969 0.399414 0.042969 0.052734
0 0.158203 0.426758 0.066406 0.080078
0 0.739258 0.483398 0.037109 0.037109
0 0.344727 0.515625 0.048828 0.078125
0 0.903320 0.524414 0.048828 0.041016
0 0.107422 0.567383 0.035156 0.060547
0 0.891602 0.648438 0.029297 0.062500
0 0.125977 0.660156 0.048828 0.046875
0 0.313477 0.682617 0.048828 0.060547
0 0.935547 0.916992 0.054688 0.083984
0 0.703125 0.921875 0.031250 0.074219
