0 0.430431 0.189580 0.040683 0.072359
0 0.422852 0.047852 0.025391 0.095703
0 0.642578 0.025391 0.023438 0.050781
0 0.785156 0.057617 0.058594 0.064453
0 0.516602 0.356445 0.037109 0.037109
0 0.717773 0.448242 0.064453 0.095703
0 0.463867 0.423828 0.048828 0.031250
0 0.407227 0.487305 0.052734 0.033203
0 0.922852 0.503906 0.021484 0.042969
0 0.655273 0.552734 0.060547 0.089844
0 0.826172 0.559570 0.019531 0.048828
0 0.108398 0.644531 0.021484 0.093750
0 0.122070 0.747070 0.044922 0.048828
0 0.629883 0.795898 0.056641 0.076172
0 0.140625 0.858398 0.031250 0.033203
0 0.589844 0.918945 0.066406 0.099609
0 0.901367 0.946542 0.068359 0.104022
