0 0.738405 0.555716 0.031733 0.078148
0 0.626953 0.062500 0.050781 0.050781
0 0.124023 0.109375 0.056641 0.027344
0 0.192383 0.147461 0.056641 0.072266
0 0.421875 0.174805 0.027344 0.091797
0 0.101562 0.174805 0.054688 0.041016
0 0.325195 0.169922 0.037109 0.031250
0 0.454102 0.279297 0.021484 0.074219
0 0.871094 0.325195 0.066406 0.095703
0 0.046875 0.359375 0.039062 0.039062
0 0.081055 0.404297 0.029297 0.050781
0 0.952148 0.452148 0.033203 0.033203
0 0.559570 0.517578 0.048828 0.031250
0 0.797852 0.545898 0.037109 0.033203
0 0.324219 0.576172 0.031250 0.035156
0 0.504883 0.670898 0.060547 0.025391
0 0.348633 0.705078 0.056641 0.042969
0 0.733398 0.714844 0.025391 0.058594
0 0.483398 0.734375 0.033203 0.031250
0 0.779297 0.827148 0.058594 0.166016
