0 0.633849 0.290883 0.021155 0.040521
0 0.653320 0.011719 0.048828 0.023438
0 0.669922 0.127930 0.031250 0.048828
0 0.268555 0.158203 0.025391 0.046875
0 0.435547 0.194336 0.050781 0.060547
0 0.567383 0.231445 0.048828 0.025391
0 0.142578 0.253906 0.035156 0.058594
0 0.442383 0.281250 0.048828 0.054688
0 0.272461 0.266602 0.091797 0.017578
0 0.550781 0.300781 0.035156 0.046875
0 0.369141 0.328125 0.046875 0.027344
0 0.078125 0.588867 0.093750 0.123047
0 0.244141 0.716797 0.058594 0.050781
0 0.703125 0.819336 0.027344 0.041016
0 0.563477 0.879883 0.048828 0.056641
0 0.045898 0.921875 0.041016 0.031250
