0 0.496745 0.578148 0.056143 0.091172
0 0.068359 0.109375 0.046875 0.035156
0 0.837891 0.121094 0.050781 0.058594
0 0.099609 0.264648 0.046875 0.033203
0 0.568359 0.311523 0.074219 0.126953
0 0.389648 0.314453 0.037109 0.066406
0 0.200195 0.355469 0.033203 0.039062
0 0.926758 0.466797 0.033203 0.054688
0 0.563477 0.517578 0.052734 0.078125
0 0.116211 0.567383 0.037109 0.056641
0 0.389648 0.600586 0.033203 0.091797
0 0.046875 0.587891 0.027344 0.058594
0 0.828125 0.630859 0.031250 0.050781
0 0.297852 0.682617 0.029297 0.056641
0 0.357422 0.721680 0.027344 0.115234
0 0.765625 0.693359 0.027344 0.050781
0 0.879883 0.712891 0.041016 0.046875
0 0.199219 0.796875 0.035156 0.089844
0 0.044922 0.784180 0.031250 0.056641
0 0.777344 0.784180 0.046875 0.060547
0 0.414062 0.895508 0.046875 0.076172
0 0.545898 0.967050 0.021484 0.063006
