0 0.500000 0.299566 0.043124 0.075253
0 0.501953 0.056641 0.058594 0.058594
0 0.139648 0.096680 0.041016 0.068359
0 0.763672 0.157227 0.023438 0.107422
0 0.047852 0.146484 0.033203 0.050781
0 0.812500 0.194336 0.062500 0.126953
0 0.267578 0.222656 0.031250 0.050781
0 0.672852 0.297852 0.072266 0.017578
0 0.735352 0.382812 0.017578 0.078125
0 0.077148 0.423828 0.029297 0.042969
0 0.580078 0.476562 0.031250 0.074219
0 0.954102 0.483398 0.033203 0.033203
0 0.832031 0.706055 0.093750 0.158203
0 0.576172 0.684570 0.042969 0.068359
0 0.735352 0.726562 0.017578 0.144531
0 0.954102 0.750000 0.025391 0.050781
0 0.295898 0.807617 0.025391 0.064453
0 0.906250 0.847656 0.046875 0.050781
0 0.800781 0.923828 0.074219 0.101562
0 0.482422 0.914062 0.023438 0.050781
