0 0.442636 0.533285 0.053702 0.091172
0 0.608398 0.061523 0.021484 0.044922
0 0.659180 0.129883 0.044922 0.072266
0 0.354492 0.180664 0.083984 0.060547
0 0.218750 0.291992 0.050781 0.083984
0 0.898438 0.306641 0.050781 0.074219
0 0.031250 0.295898 0.062500 0.033203
0 0.638672 0.303711 0.035156 0.044922
0 0.747070 0.317383 0.056641 0.056641
0 0.496094 0.376953 0.054688 0.066406
0 0.875000 0.540039 0.058594 0.158203
0 0.042969 0.485352 0.039062 0.033203
0 0.013672 0.549805 0.027344 0.041016
0 0.674805 0.617188 0.048828 0.101562
0 0.861328 0.660156 0.078125 0.058594
0 0.827148 0.743164 0.033203 0.052734
0 0.472656 0.778320 0.062500 0.119141
0 0.953125 0.927734 0.027344 0.039062
