0 0.567941 0.354559 0.084622 0.127352
0 0.297852 0.028320 0.025391 0.056641
0 0.467773 0.044922 0.052734 0.089844
0 0.822266 0.060547 0.027344 0.042969
0 0.333008 0.095703 0.041016 0.078125
0 0.704102 0.142578 0.033203 0.035156
0 0.828125 0.160156 0.035156 0.062500
0 0.327148 0.220703 0.037109 0.066406
0 0.919922 0.222656 0.035156 0.054688
0 0.670898 0.302734 0.025391 0.050781
0 0.921875 0.475586 0.031250 0.064453
0 0.201172 0.571289 0.050781 0.083984
0 0.945312 0.621094 0.054688 0.121094
0 0.640625 0.691406 0.035156 0.058594
0 0.126953 0.765625 0.058594 0.089844
0 0.918945 0.758789 0.033203 0.076172
0 0.864258 0.762695 0.041016 0.033203
0 0.373047 0.812500 0.058594 0.113281
0 0.814453 0.813477 0.050781 0.056641
0 0.468750 0.942383 0.050781 0.056641
0 0.563477 0.967050 0.052734 0.063006
0 0.242188 0.968026 0.046875 0.061053
