0 0.363710 0.498553 0.048820 0.076700
0 0.266602 0.043945 0.033203 0.033203
0 0.236328 0.148438 0.019531 0.058594
0 0.557617 0.135742 0.044922 0.029297
0 0.171875 0.191406 0.027344 0.050781
0 0.625000 0.205078 0.050781 0.031250
0 0.393555 0.226562 0.033203 0.054688
0 0.832031 0.294922 0.035156 0.089844
0 0.452148 0.332031 0.033203 0.050781
0 0.673828 0.337891 0.035156 0.058594
0 0.289062 0.345703 0.062500 0.058594
0 0.626953 0.469727 0.054688 0.064453
0 0.533203 0.577148 0.054688 0.072266
0 0.171875 0.586914 0.031250 0.052734
0 0.300781 0.614258 0.035156 0.052734
0 0.234375 0.625000 0.023438 0.050781
0 0.612305 0.630859 0.029297 0.054688
0 0.359375 0.678711 0.031250 0.087891
0 0.262695 0.754883 0.033203 0.064453
0 0.203125 0.846680 0.031250 0.068359
0 0.125977 0.860352 0.044922 0.021484
0 0.638672 0.898438 0.031250 0.089844
0 0.106445 0.934570 0.029297 0.064453
0 0.422852 0.968026 0.029297 0.061053
