0 0.501627 0.191751 0.021969 0.041968
0 0.357422 0.014648 0.031250 0.029297
0 0.577148 0.064453 0.021484 0.066406
0 0.841797 0.142578 0.054688 0.132812
0 0.730469 0.123047 0.035156 0.062500
0 0.065430 0.173828 0.056641 0.082031
0 0.203125 0.277344 0.023438 0.050781
0 0.983968 0.265625 0.030436 0.031250
0 0.639648 0.301758 0.029297 0.083984
0 0.182617 0.355469 0.044922 0.105469
0 0.892578 0.358398 0.070312 0.095703
0 0.468750 0.509766 0.050781 0.035156
0 0.298828 0.535156 0.035156 0.050781
0 0.217773 0.867188 0.060547 0.109375
0 0.904297 0.874023 0.054688 0.056641
0 0.070312 0.879883 0.054688 0.064453
