0 0.506103 0.612156 0.060212 0.115774
0 0.170898 0.068359 0.064453 0.074219
0 0.276367 0.101562 0.056641 0.066406
0 0.796875 0.107422 0.039062 0.039062
0 0.911133 0.200195 0.064453 0.087891
0 0.293945 0.232422 0.076172 0.093750
0 0.672852 0.255859 0.044922 0.101562
0 0.103516 0.279297 0.035156 0.062500
0 0.206055 0.323242 0.083984 0.103516
0 0.871094 0.312500 0.058594 0.066406
0 0.482422 0.370117 0.023438 0.048828
0 0.062500 0.403320 0.054688 0.064453
0 0.172852 0.394531 0.041016 0.039062
0 0.327148 0.593750 0.033203 0.062500
0 0.265625 0.640625 0.031250 0.035156
0 0.485352 0.746094 0.033203 0.058594
0 0.344727 0.803711 0.048828 0.056641
0 0.645508 0.944336 0.041016 0.056641
0 0.735352 0.971933 0.025391 0.053240
