0 0.565094 0.366136 0.051261 0.086831
0 0.888672 0.028320 0.027344 0.056641
0 0.800781 0.084961 0.089844 0.068359
0 0.346680 0.121094 0.052734 0.066406
0 0.669922 0.107422 0.031250 0.039062
0 0.575195 0.174805 0.029297 0.033203
0 0.221680 0.221680 0.048828 0.052734
0 0.388672 0.242188 0.027344 0.050781
0 0.500000 0.473633 0.046875 0.056641
0 0.066406 0.601562 0.066406 0.082031
0 0.266602 0.720703 0.033203 0.062500
0 0.625000 0.737305 0.050781 0.083984
0 0.139648 0.837891 0.037109 0.066406
0 0.548828 0.838867 0.039062 0.060547
0 0.263672 0.910156 0.074219 0.117188
0 0.409180 0.971933 0.056641 0.053240
0 0.152344 0.986581 0.046875 0.023943
