0 0.450366 0.180897 0.025224 0.043415
0 0.407227 0.052734 0.052734 0.058594
0 0.232422 0.082031 0.035156 0.062500
0 0.907227 0.100586 0.056641 0.060547
0 0.671875 0.121094 0.039062 0.066406
0 0.833008 0.175781 0.037109 0.058594
0 0.260742 0.181641 0.037109 0.046875
0 0.877930 0.248047 0.052734 0.050781
0 0.828125 0.372070 0.027344 0.048828
0 0.429688 0.407227 0.042969 0.064453
0 0.954102 0.452148 0.029297 0.083984
0 0.608398 0.455078 0.033203 0.046875
0 0.046875 0.531250 0.023438 0.117188
0 0.968343 0.625000 0.061686 0.062500
0 0.078125 0.636719 0.035156 0.042969
0 0.280273 0.646484 0.041016 0.031250
0 0.172852 0.688477 0.037109 0.068359
0 0.482422 0.773438 0.019531 0.062500
0 0.389648 0.795898 0.017578 0.072266
0 0.248047 0.806641 0.058594 0.082031
0 0.689453 0.874023 0.058594 0.119141
0 0.860352 0.940430 0.029297 0.072266
