0 0.711554 0.281476 0.015460 0.041968
0 0.265625 0.079102 0.070312 0.021484
0 0.017578 0.173828 0.035156 0.027344
0 0.449219 0.252930 0.031250 0.048828
0 0.641602 0.499023 0.044922 0.068359
0 0.410156 0.530273 0.042969 0.048828
0 0.562500 0.575195 0.050781 0.025391
0 0.969320 0.639648 0.059733 0.029297
0 0.276367 0.669922 0.044922 0.027344
0 0.986898 0.737305 0.024577 0.041016
0 0.278320 0.827148 0.056641 0.099609
0 0.016602 0.798828 0.033203 0.031250
0 0.700195 0.843750 0.029297 0.062500
0 0.565430 0.853516 0.056641 0.039062
0 0.140625 0.859375 0.031250 0.039062
0 0.611328 0.938477 0.027344 0.060547
0 0.733398 0.980722 0.025391 0.035662
