0 0.509357 0.851664 0.047193 0.079595
0 0.527344 0.066406 0.050781 0.058594
0 0.287109 0.129883 0.058594 0.068359
0 0.614258 0.148438 0.052734 0.074219
0 0.200195 0.161133 0.044922 0.080078
0 0.738281 0.166992 0.039062 0.091797
0 0.400391 0.276367 0.058594 0.072266
0 0.079102 0.284180 0.033203 0.048828
0 0.767578 0.518555 0.035156 0.103516
0 0.222656 0.562500 0.046875 0.050781
0 0.778320 0.612305 0.060547 0.076172
0 0.860352 0.681641 0.017578 0.062500
0 0.484375 0.748047 0.027344 0.054688
0 0.403320 0.770508 0.056641 0.091797
0 0.167969 0.763672 0.035156 0.031250
0 0.352539 0.886719 0.048828 0.039062
0 0.422852 0.967050 0.068359 0.063006
