0 0.515460 0.261939 0.030106 0.049204
0 0.569336 0.016602 0.048828 0.033203
0 0.782227 0.109375 0.056641 0.093750
0 0.672852 0.140625 0.037109 0.035156
0 0.500000 0.187500 0.066406 0.066406
0 0.077148 0.204102 0.033203 0.033203
0 0.750000 0.376953 0.050781 0.058594
0 0.330078 0.397461 0.082031 0.080078
0 0.814453 0.408203 0.046875 0.046875
0 0.513672 0.436523 0.035156 0.068359
0 0.030273 0.468750 0.060547 0.050781
0 0.585938 0.540039 0.058594 0.080078
0 0.122070 0.688477 0.056641 0.123047
0 0.565430 0.676758 0.044922 0.076172
0 0.144531 0.823242 0.039062 0.068359
0 0.786133 0.865234 0.056641 0.066406
0 0.890625 0.862305 0.039062 0.048828
0 0.556641 0.940430 0.046875 0.048828
0 0.721680 0.972909 0.052734 0.051287
