0 0.272986 0.434153 0.041497 0.081042
0 0.672852 0.028320 0.029297 0.056641
0 0.574219 0.075195 0.039062 0.037109
0 0.485352 0.077148 0.041016 0.033203
0 0.362305 0.138672 0.052734 0.054688
0 0.216797 0.174805 0.093750 0.056641
0 0.417969 0.199219 0.027344 0.074219
0 0.625000 0.278320 0.066406 0.103516
0 0.359375 0.268555 0.039062 0.044922
0 0.470703 0.295898 0.050781 0.095703
0 0.533203 0.373047 0.050781 0.054688
0 0.624023 0.448242 0.064453 0.091797
0 0.187500 0.471680 0.058594 0.072266
0 0.736328 0.477539 0.027344 0.044922
0 0.389648 0.576172 0.037109 0.125000
0 0.781250 0.839844 0.062500 0.113281
0 0.202148 0.916992 0.037109 0.083984
0 0.783203 0.947519 0.050781 0.102068
