0 0.456876 0.450072 0.041497 0.069465
0 0.643555 0.026367 0.021484 0.052734
0 0.580078 0.099609 0.023438 0.046875
0 0.466797 0.129883 0.066406 0.068359
0 0.846680 0.158203 0.060547 0.058594
0 0.984945 0.299805 0.028483 0.044922
0 0.382812 0.438477 0.050781 0.068359
0 0.125000 0.516602 0.054688 0.091797
0 0.549805 0.531250 0.021484 0.046875
0 0.562500 0.646484 0.054688 0.042969
0 0.658203 0.686523 0.058594 0.119141
0 0.014648 0.669922 0.029297 0.031250
0 0.022461 0.752930 0.044922 0.056641
0 0.213867 0.767578 0.044922 0.027344
0 0.796875 0.796875 0.039062 0.050781
0 0.158203 0.937500 0.058594 0.062500
0 0.658203 0.955331 0.062500 0.086443
