0 0.427177 0.336469 0.026037 0.053546
0 0.359375 0.031250 0.039062 0.062500
0 0.852539 0.045898 0.041016 0.029297
0 0.203125 0.063477 0.027344 0.048828
0 0.802734 0.078125 0.031250 0.078125
0 0.957031 0.084961 0.031250 0.048828
0 0.716797 0.110352 0.046875 0.041016
0 0.458984 0.165039 0.050781 0.068359
0 0.595703 0.249023 0.050781 0.052734
0 0.264648 0.312500 0.033203 0.058594
0 0.810547 0.363281 0.054688 0.082031
0 0.984945 0.517578 0.028483 0.042969
0 0.332031 0.549805 0.031250 0.041016
0 0.012695 0.629883 0.025391 0.048828
0 0.296875 0.685547 0.019531 0.046875
0 0.902344 0.671875 0.050781 0.023438
0 0.124023 0.750977 0.052734 0.111328
0 0.767578 0.760742 0.035156 0.072266
0 0.624023 0.808594 0.056641 0.097656
0 0.984945 0.798828 0.028483 0.035156
0 0.296875 0.809570 0.023438 0.044922
0 0.232422 0.826172 0.019531 0.074219
0 0.831055 0.860352 0.029297 0.072266
0 0.921875 0.969003 0.027344 0.059100
