0 0.411310 0.473951 0.039870 0.068017
0 0.621094 0.012695 0.042969 0.025391
0 0.908203 0.050781 0.058594 0.042969
0 0.220703 0.081055 0.058594 0.072266
0 0.938477 0.146484 0.052734 0.035156
0 0.079102 0.305664 0.029297 0.048828
0 0.205078 0.327148 0.031250 0.091797
0 0.576172 0.329102 0.042969 0.041016
0 0.303711 0.408203 0.044922 0.070312
0 0.685547 0.406250 0.054688 0.070312
0 0.470703 0.498047 0.046875 0.050781
0 0.699219 0.529297 0.042969 0.062500
0 0.856445 0.595703 0.037109 0.058594
0 0.405273 0.627930 0.052734 0.056641
0 0.512695 0.649414 0.041016 0.056641
0 0.138672 0.705078 0.035156 0.050781
0 0.547852 0.749023 0.037109 0.072266
0 0.184570 0.769531 0.044922 0.066406
0 0.452148 0.769531 0.025391 0.054688
0 0.108398 0.816406 0.025391 0.046875
0 0.224609 0.847656 0.046875 0.062500
0 0.560547 0.881836 0.050781 0.123047
0 0.875977 0.903320 0.052734 0.115234
0 0.204102 0.972909 0.017578 0.051287
