0 0.589504 0.618669 0.052889 0.099855
0 0.639648 0.032227 0.025391 0.064453
0 0.783203 0.048828 0.054688 0.027344
0 0.672852 0.094727 0.025391 0.048828
0 0.184570 0.155273 0.056641 0.119141
0 0.729492 0.120117 0.033203 0.044922
0 0.295898 0.265625 0.041016 0.093750
0 0.186523 0.564453 0.056641 0.125000
0 0.062500 0.550781 0.054688 0.089844
0 0.937500 0.621094 0.058594 0.070312
0 0.361328 0.627930 0.035156 0.052734
0 0.284180 0.765625 0.052734 0.089844
0 0.420898 0.751953 0.037109 0.066406
0 0.202148 0.780273 0.025391 0.056641
0 0.551758 0.784180 0.037109 0.068359
0 0.889648 0.809570 0.025391 0.115234
0 0.170898 0.887695 0.037109 0.056641
0 0.622070 0.965097 0.056641 0.066912
