0 0.588283 0.384226 0.048820 0.076700
0 0.428711 0.060547 0.048828 0.066406
0 0.545898 0.069336 0.033203 0.048828
0 0.238281 0.151367 0.035156 0.048828
0 0.626953 0.160156 0.050781 0.054688
0 0.186523 0.219727 0.048828 0.052734
0 0.842773 0.281250 0.048828 0.050781
0 0.267578 0.346680 0.019531 0.048828
0 0.714844 0.370117 0.058594 0.052734
0 0.437500 0.391602 0.054688 0.064453
0 0.106445 0.385742 0.037109 0.044922
0 0.811523 0.482422 0.056641 0.089844
0 0.733398 0.517578 0.033203 0.042969
0 0.972249 0.547852 0.053874 0.080078
0 0.640625 0.590820 0.023438 0.052734
0 0.203125 0.643555 0.027344 0.037109
0 0.201172 0.706055 0.035156 0.044922
0 0.452148 0.894531 0.025391 0.062500
0 0.858398 0.941659 0.083984 0.113787
0 0.249023 0.919922 0.052734 0.023438
0 0.297852 0.975839 0.029297 0.045428
