0 0.618389 0.426918 0.022783 0.049204
0 0.703125 0.077148 0.031250 0.033203
0 0.294922 0.175781 0.031250 0.035156
0 0.356445 0.225586 0.029297 0.048828
0 0.754883 0.235352 0.044922 0.037109
0 0.831055 0.250000 0.029297 0.058594
0 0.703125 0.334961 0.023438 0.044922
0 0.734375 0.413086 0.031250 0.060547
0 0.423828 0.531250 0.031250 0.066406
0 0.549805 0.518555 0.033203 0.033203
0 0.879883 0.611328 0.056641 0.085938
0 0.073242 0.607422 0.037109 0.035156
0 0.730469 0.608398 0.031250 0.033203
0 0.327148 0.667969 0.029297 0.042969
0 0.764648 0.726562 0.029297 0.089844
0 0.422852 0.784180 0.025391 0.056641
0 0.921875 0.824219 0.039062 0.042969
0 0.238281 0.826172 0.039062 0.031250
0 0.580078 0.896484 0.078125 0.148438
0 0.203125 0.897461 0.027344 0.080078
0 0.120117 0.985605 0.052734 0.025897
