0 0.485354 0.264834 0.034988 0.049204
0 0.098633 0.150391 0.048828 0.050781
0 0.360352 0.161133 0.037109 0.060547
0 0.204102 0.235352 0.041016 0.029297
0 0.787109 0.266602 0.050781 0.037109
0 0.660156 0.301758 0.058594 0.083984
0 0.857422 0.333984 0.035156 0.097656
0 0.205078 0.340820 0.039062 0.068359
0 0.549805 0.364258 0.072266 0.091797
0 0.906250 0.423828 0.058594 0.042969
0 0.156250 0.470703 0.062500 0.062500
0 0.950195 0.521484 0.041016 0.050781
0 0.779297 0.578125 0.058594 0.039062
0 0.575195 0.656250 0.029297 0.066406
0 0.080078 0.669922 0.042969 0.085938
0 0.558594 0.895508 0.062500 0.146484
0 0.260742 0.905273 0.072266 0.115234
0 0.686523 0.875977 0.052734 0.056641
