0 0.600488 0.416787 0.043938 0.069465
0 0.141602 0.064453 0.037109 0.058594
0 0.483398 0.185547 0.033203 0.054688
0 0.077148 0.256836 0.029297 0.107422
0 0.485352 0.284180 0.037109 0.064453
0 0.815430 0.331055 0.052734 0.076172
0 0.196289 0.364258 0.041016 0.091797
0 0.507812 0.366211 0.042969 0.056641
0 0.343750 0.510742 0.062500 0.087891
0 0.188477 0.512695 0.048828 0.033203
0 0.736328 0.573242 0.031250 0.048828
0 0.829102 0.609375 0.025391 0.039062
0 0.762695 0.655273 0.025391 0.107422
0 0.445312 0.666016 0.058594 0.089844
0 0.597656 0.779297 0.058594 0.117188
0 0.411133 0.854492 0.060547 0.107422
0 0.237305 0.846680 0.033203 0.076172
0 0.840820 0.904297 0.048828 0.062500
