0 0.485761 0.471780 0.021155 0.037627
0 0.546875 0.109375 0.019531 0.082031
0 0.720703 0.278320 0.058594 0.060547
0 0.794922 0.310547 0.031250 0.054688
0 0.172852 0.332031 0.029297 0.078125
0 0.250000 0.437500 0.046875 0.046875
0 0.891602 0.482422 0.033203 0.031250
0 0.304688 0.501953 0.035156 0.050781
0 0.407227 0.511719 0.048828 0.062500
0 0.985921 0.518555 0.026530 0.037109
0 0.458008 0.600586 0.080078 0.087891
0 0.680664 0.588867 0.052734 0.056641
0 0.801758 0.672852 0.029297 0.083984
0 0.371094 0.802734 0.042969 0.031250
0 0.404297 0.847656 0.050781 0.046875
0 0.588867 0.982675 0.048828 0.031756
0 0.374023 0.986581 0.041016 0.023943
