0 0.327095 0.909551 0.027665 0.053546
0 0.394531 0.049805 0.046875 0.037109
0 0.341797 0.114258 0.054688 0.099609
0 0.453125 0.204102 0.031250 0.076172
0 0.378906 0.280273 0.074219 0.056641
0 0.453125 0.318359 0.023438 0.046875
0 0.671875 0.336914 0.023438 0.044922
0 0.175781 0.436523 0.039062 0.048828
0 0.985921 0.532227 0.026530 0.044922
0 0.063477 0.541016 0.048828 0.058594
0 0.564453 0.599609 0.042969 0.054688
0 0.986898 0.622070 0.024577 0.044922
0 0.765625 0.669922 0.031250 0.039062
0 0.462891 0.751953 0.050781 0.101562
0 0.795898 0.780273 0.025391 0.056641
0 0.708984 0.867188 0.035156 0.046875
0 0.953125 0.888672 0.035156 0.035156
0 0.842773 0.920898 0.052734 0.083984
0 0.668945 0.968026 0.021484 0.061053
0 0.122070 0.969980 0.048828 0.057147
0 0.250977 0.971933 0.044922 0.053240
