0 0.381204 0.484805 0.028478 0.069465
0 0.128906 0.066406 0.046875 0.050781
0 0.265625 0.068359 0.031250 0.046875
0 0.215820 0.173828 0.048828 0.082031
0 0.860352 0.202148 0.029297 0.033203
0 0.108398 0.218750 0.029297 0.062500
0 0.715820 0.234375 0.052734 0.085938
0 0.592773 0.325195 0.052734 0.142578
0 0.128906 0.375977 0.046875 0.115234
0 0.739258 0.470703 0.033203 0.058594
0 0.568359 0.543945 0.050781 0.080078
0 0.625977 0.659180 0.052734 0.107422
0 0.256836 0.657227 0.064453 0.056641
0 0.140625 0.690430 0.035156 0.072266
0 0.777344 0.733398 0.054688 0.099609
0 0.371094 0.727539 0.050781 0.076172
0 0.560547 0.746094 0.054688 0.066406
0 0.470703 0.806641 0.046875 0.039062
0 0.436523 0.840820 0.044922 0.052734
0 0.041992 0.912109 0.029297 0.070312
0 0.464844 0.908203 0.050781 0.054688
