0 0.380391 0.610709 0.031733 0.063676
0 0.550781 0.101562 0.050781 0.078125
0 0.765625 0.204102 0.042969 0.041016
0 0.349609 0.234375 0.078125 0.050781
0 0.418945 0.278320 0.025391 0.044922
0 0.982992 0.363281 0.032389 0.035156
0 0.199219 0.415039 0.089844 0.099609
0 0.610352 0.420898 0.037109 0.037109
0 0.528320 0.486328 0.072266 0.097656
0 0.203125 0.524414 0.027344 0.052734
0 0.955078 0.572266 0.031250 0.046875
0 0.685547 0.656250 0.050781 0.058594
0 0.684570 0.782227 0.068359 0.142578
0 0.797852 0.748047 0.041016 0.070312
0 0.247070 0.843750 0.044922 0.050781
