0 0.589504 0.512301 0.021969 0.040521
0 0.875000 0.076172 0.054688 0.027344
0 0.462891 0.117188 0.062500 0.070312
0 0.742188 0.112305 0.050781 0.029297
0 0.782227 0.190430 0.060547 0.056641
0 0.927734 0.264648 0.046875 0.037109
0 0.500000 0.271484 0.050781 0.031250
0 0.079102 0.301758 0.033203 0.087891
0 0.424805 0.298828 0.037109 0.039062
0 0.224609 0.388672 0.054688 0.042969
0 0.720703 0.423828 0.054688 0.082031
0 0.833984 0.419922 0.046875 0.027344
0 0.432617 0.486328 0.044922 0.078125
0 0.093750 0.491211 0.058594 0.076172
0 0.274414 0.480469 0.052734 0.042969
0 0.328125 0.517578 0.031250 0.031250
0 0.955078 0.550781 0.035156 0.062500
0 0.174805 0.549805 0.029297 0.041016
0 0.389648 0.547852 0.029297 0.033203
0 0.158203 0.605469 0.054688 0.039062
0 0.499023 0.625977 0.048828 0.052734
0 0.896484 0.642578 0.039062 0.089844
0 0.498047 0.737305 0.054688 0.033203
0 0.063477 0.781250 0.048828 0.054688
0 0.077148 0.899414 0.029297 0.068359
