0 0.471115 0.474674 0.021155 0.037627
0 0.799805 0.026367 0.021484 0.052734
0 0.688477 0.082031 0.056641 0.085938
0 0.487305 0.108398 0.029297 0.080078
0 0.388672 0.125000 0.031250 0.066406
0 0.577148 0.156250 0.021484 0.050781
0 0.422852 0.192383 0.017578 0.048828
0 0.857422 0.203125 0.027344 0.042969
0 0.639648 0.229492 0.025391 0.076172
0 0.764648 0.248047 0.029297 0.054688
0 0.701172 0.315430 0.019531 0.048828
0 0.043945 0.385742 0.033203 0.037109
0 0.546875 0.457031 0.031250 0.054688
0 0.247070 0.547852 0.056641 0.083984
0 0.120117 0.622070 0.044922 0.048828
0 0.203125 0.642578 0.027344 0.035156
0 0.547852 0.694336 0.029297 0.072266
0 0.481445 0.730469 0.033203 0.035156
0 0.988851 0.809570 0.020671 0.044922
0 0.125977 0.827148 0.052734 0.033203
0 0.569336 0.890625 0.037109 0.035156
0 0.823242 0.950448 0.033203 0.096209
0 0.921875 0.953125 0.031250 0.039062
