0 0.425142 0.612156 0.021969 0.037627
0 0.347656 0.029297 0.042969 0.058594
0 0.893555 0.013672 0.033203 0.027344
0 0.641602 0.241211 0.021484 0.048828
0 0.897461 0.250000 0.037109 0.050781
0 0.328125 0.278320 0.019531 0.056641
0 0.844727 0.301758 0.048828 0.033203
0 0.232422 0.361328 0.035156 0.031250
0 0.723633 0.390625 0.056641 0.023438
0 0.625000 0.435547 0.042969 0.039062
0 0.764648 0.495117 0.017578 0.068359
0 0.892578 0.488281 0.062500 0.023438
0 0.355469 0.543945 0.019531 0.076172
0 0.889648 0.568359 0.025391 0.062500
0 0.777344 0.575195 0.042969 0.033203
0 0.313477 0.625000 0.044922 0.046875
0 0.408203 0.699219 0.062500 0.031250
0 0.269531 0.736328 0.054688 0.019531
0 0.546875 0.811523 0.019531 0.048828
0 0.703125 0.965097 0.019531 0.066912
0 0.849609 0.986581 0.062500 0.023943
