0 0.409276 0.594067 0.027665 0.047757
0 0.610352 0.045898 0.087891 0.091797
0 0.823242 0.062500 0.037109 0.058594
0 0.455078 0.115234 0.042969 0.089844
0 0.836914 0.140625 0.044922 0.031250
0 0.230469 0.152344 0.031250 0.046875
0 0.140625 0.168945 0.031250 0.037109
0 0.366211 0.257812 0.048828 0.039062
0 0.463867 0.312500 0.064453 0.058594
0 0.407227 0.397461 0.044922 0.029297
0 0.738281 0.429688 0.035156 0.050781
0 0.891602 0.459961 0.029297 0.076172
0 0.623047 0.578125 0.050781 0.019531
0 0.873047 0.636719 0.050781 0.027344
0 0.529297 0.738281 0.050781 0.085938
0 0.012695 0.734375 0.025391 0.046875
0 0.190430 0.755859 0.048828 0.082031
0 0.389648 0.779297 0.025391 0.054688
0 0.220703 0.916992 0.050781 0.037109
