0 0.625712 0.718524 0.047193 0.085384
0 0.411133 0.139648 0.052734 0.080078
0 0.295898 0.151367 0.037109 0.060547
0 0.597656 0.138672 0.042969 0.031250
0 0.769531 0.141602 0.070312 0.029297
0 0.045898 0.210938 0.029297 0.042969
0 0.011719 0.314453 0.023438 0.109375
0 0.228516 0.297852 0.042969 0.044922
0 0.381836 0.420898 0.044922 0.033203
0 0.922852 0.457031 0.029297 0.089844
0 0.355469 0.506836 0.039062 0.052734
0 0.103516 0.539062 0.039062 0.054688
0 0.707031 0.631836 0.039062 0.107422
0 0.108398 0.657227 0.029297 0.044922
0 0.067383 0.704102 0.044922 0.037109
0 0.510742 0.748047 0.037109 0.058594
0 0.765625 0.807617 0.031250 0.060547
0 0.200195 0.809570 0.021484 0.056641
0 0.045898 0.833984 0.017578 0.066406
0 0.732422 0.894531 0.035156 0.078125
0 0.625977 0.923828 0.052734 0.074219
0 0.451172 0.940430 0.035156 0.064453
0 0.802734 0.941406 0.039062 0.066406
0 0.923828 0.982675 0.027344 0.031756
