0 0.358015 0.829233 0.029292 0.054993
0 0.670898 0.140625 0.037109 0.042969
0 0.083008 0.189453 0.033203 0.050781
0 0.791016 0.236328 0.042969 0.046875
0 0.253906 0.342773 0.062500 0.181641
0 0.109375 0.322266 0.031250 0.062500
0 0.327148 0.347656 0.025391 0.050781
0 0.792969 0.372070 0.046875 0.072266
0 0.554688 0.438477 0.054688 0.064453
0 0.683594 0.516602 0.050781 0.130859
0 0.159180 0.594727 0.056641 0.126953
0 0.923828 0.611328 0.023438 0.082031
0 0.549805 0.665039 0.037109 0.083984
0 0.640625 0.793945 0.035156 0.130859
0 0.805664 0.780273 0.048828 0.072266
0 0.094727 0.786133 0.052734 0.072266
0 0.232422 0.809570 0.035156 0.060547
0 0.606445 0.886719 0.029297 0.062500
0 0.326172 0.967050 0.031250 0.063006
0 0.671875 0.953125 0.035156 0.039062
