0 0.439382 0.484805 0.056957 0.081042
0 0.607422 0.015625 0.031250 0.031250
0 0.560547 0.077148 0.054688 0.095703
0 0.751953 0.059570 0.046875 0.052734
0 0.218750 0.076172 0.058594 0.082031
0 0.062500 0.156250 0.050781 0.050781
0 0.446289 0.189453 0.076172 0.066406
0 0.607422 0.222656 0.031250 0.050781
0 0.287109 0.280273 0.046875 0.064453
0 0.181641 0.295898 0.046875 0.080078
0 0.330078 0.375977 0.031250 0.060547
0 0.015625 0.390625 0.031250 0.035156
0 0.301758 0.496094 0.037109 0.058594
0 0.561523 0.512695 0.048828 0.083984
0 0.264648 0.577148 0.033203 0.060547
0 0.192383 0.578125 0.048828 0.027344
0 0.922852 0.586914 0.029297 0.048828
0 0.108398 0.668945 0.025391 0.076172
0 0.046875 0.716797 0.031250 0.066406
0 0.140625 0.732422 0.019531 0.062500
0 0.310547 0.832031 0.054688 0.078125
0 0.253906 0.878906 0.046875 0.042969
0 0.143555 0.917969 0.029297 0.093750
0 0.630859 0.952148 0.046875 0.033203
0 0.250977 0.985605 0.052734 0.025897
