0 0.580553 0.622287 0.028478 0.049204
0 0.717773 0.057617 0.064453 0.064453
0 0.413086 0.082031 0.041016 0.035156
0 0.064453 0.104492 0.050781 0.044922
0 0.548828 0.113281 0.031250 0.039062
0 0.637695 0.148438 0.037109 0.066406
0 0.293945 0.224609 0.033203 0.058594
0 0.159180 0.232422 0.044922 0.027344
0 0.779297 0.235352 0.046875 0.029297
0 0.400391 0.308594 0.042969 0.062500
0 0.717773 0.310547 0.052734 0.058594
0 0.922852 0.361328 0.029297 0.046875
0 0.343750 0.422852 0.054688 0.091797
0 0.937500 0.408203 0.042969 0.042969
0 0.496094 0.438477 0.046875 0.064453
0 0.420898 0.447266 0.033203 0.046875
0 0.637695 0.525391 0.033203 0.058594
0 0.434570 0.622070 0.052734 0.068359
0 0.110352 0.673828 0.021484 0.078125
0 0.283203 0.736328 0.050781 0.039062
0 0.079102 0.762695 0.021484 0.083984
0 0.639648 0.767578 0.037109 0.039062
0 0.454102 0.793945 0.021484 0.080078
0 0.749023 0.812500 0.041016 0.042969
0 0.517578 0.868164 0.015625 0.052734
0 0.829102 0.908203 0.033203 0.058594
0 0.888672 0.935547 0.023438 0.058594
