0 0.679414 0.357453 0.030919 0.052098
0 0.638672 0.027344 0.042969 0.054688
0 0.818359 0.075195 0.046875 0.099609
0 0.250977 0.236328 0.064453 0.082031
0 0.984945 0.390625 0.028483 0.089844
0 0.389648 0.471680 0.017578 0.052734
0 0.689453 0.500977 0.046875 0.052734
0 0.280273 0.560547 0.064453 0.062500
0 0.073242 0.605469 0.087891 0.101562
0 0.691406 0.596680 0.054688 0.052734
0 0.218750 0.646484 0.058594 0.082031
0 0.516602 0.708984 0.083984 0.097656
0 0.480469 0.770508 0.023438 0.064453
0 0.721680 0.921875 0.060547 0.089844
0 0.518555 0.969003 0.029297 0.059100
0 0.392578 0.958008 0.031250 0.033203
