0 0.385679 0.462373 0.042311 0.085384
0 0.424805 0.020508 0.029297 0.041016
0 0.286133 0.047852 0.052734 0.037109
0 0.123047 0.090820 0.058594 0.060547
0 0.909180 0.086914 0.048828 0.048828
0 0.376953 0.109375 0.058594 0.035156
0 0.306641 0.176758 0.058594 0.091797
0 0.975179 0.263672 0.048014 0.023438
0 0.074219 0.281250 0.035156 0.050781
0 0.609375 0.351562 0.042969 0.074219
0 0.962891 0.392578 0.042969 0.035156
0 0.473633 0.482422 0.052734 0.085938
0 0.902344 0.466797 0.046875 0.050781
0 0.867188 0.543945 0.046875 0.048828
0 0.038086 0.549805 0.037109 0.037109
0 0.411133 0.667969 0.052734 0.089844
0 0.637695 0.659180 0.072266 0.056641
0 0.923828 0.736328 0.039062 0.093750
0 0.482422 0.749023 0.035156 0.056641
0 0.287109 0.771484 0.058594 0.085938
0 0.717773 0.833984 0.052734 0.039062
0 0.355469 0.939453 0.023438 0.050781
