0 0.357608 0.496382 0.043124 0.075253
0 0.354492 0.028320 0.029297 0.056641
0 0.169922 0.062500 0.035156 0.062500
0 0.764648 0.078125 0.029297 0.035156
0 0.861328 0.092773 0.035156 0.056641
0 0.674805 0.157227 0.021484 0.052734
0 0.074219 0.197266 0.035156 0.046875
0 0.291016 0.215820 0.027344 0.044922
0 0.699219 0.259766 0.078125 0.042969
0 0.958984 0.291016 0.042969 0.039062
0 0.090820 0.342773 0.052734 0.119141
0 0.462891 0.433594 0.042969 0.105469
0 0.231445 0.528320 0.033203 0.064453
0 0.944336 0.546875 0.048828 0.089844
0 0.407227 0.607422 0.052734 0.082031
0 0.795898 0.888672 0.076172 0.101562
0 0.203125 0.887695 0.031250 0.037109
0 0.458984 0.888672 0.035156 0.031250
0 0.699219 0.968026 0.031250 0.061053
