0 0.506916 0.572359 0.021155 0.039074
0 0.906250 0.155273 0.058594 0.060547
0 0.142578 0.159180 0.035156 0.052734
0 0.702148 0.168945 0.029297 0.056641
0 0.288086 0.231445 0.044922 0.025391
0 0.644531 0.262695 0.035156 0.033203
0 0.139648 0.284180 0.033203 0.060547
0 0.293945 0.358398 0.037109 0.048828
0 0.659180 0.373047 0.052734 0.046875
0 0.890625 0.404297 0.042969 0.062500
0 0.112305 0.426758 0.025391 0.072266
0 0.444336 0.433594 0.044922 0.050781
0 0.387695 0.547852 0.044922 0.044922
0 0.110352 0.592773 0.033203 0.060547
0 0.047852 0.611328 0.037109 0.035156
0 0.800781 0.668945 0.039062 0.037109
0 0.923828 0.688477 0.027344 0.052734
0 0.556641 0.695312 0.039062 0.042969
0 0.717773 0.813477 0.060547 0.060547
0 0.610352 0.842773 0.029297 0.064453
0 0.434570 0.906250 0.048828 0.046875
0 0.922852 0.919922 0.029297 0.035156
0 0.466797 0.953125 0.042969 0.019531
0 0.168945 0.981698 0.037109 0.033709
