0 0.552889 0.368307 0.043124 0.082489
0 0.295898 0.073242 0.029297 0.095703
0 0.419922 0.054688 0.035156 0.054688
0 0.833008 0.060547 0.033203 0.054688
0 0.486328 0.068359 0.035156 0.062500
0 0.197266 0.125977 0.082031 0.056641
0 0.655273 0.267578 0.056641 0.089844
0 0.202148 0.264648 0.037109 0.044922
0 0.045898 0.432617 0.029297 0.048828
0 0.985921 0.466797 0.026530 0.062500
0 0.890625 0.470703 0.039062 0.066406
0 0.687500 0.599609 0.054688 0.042969
0 0.313477 0.685547 0.056641 0.117188
0 0.737305 0.643555 0.029297 0.037109
0 0.876953 0.669922 0.054688 0.031250
0 0.660156 0.693359 0.054688 0.070312
0 0.250000 0.797852 0.058594 0.076172
0 0.095703 0.802734 0.054688 0.039062
0 0.591797 0.843750 0.046875 0.058594
0 0.290039 0.874023 0.064453 0.064453
0 0.590820 0.917969 0.048828 0.035156
0 0.217773 0.984628 0.056641 0.027850
