0 0.506509 0.511577 0.057771 0.114327
0 0.427734 0.013672 0.035156 0.027344
0 0.344727 0.092773 0.048828 0.060547
0 0.092773 0.183594 0.060547 0.058594
0 0.764648 0.177734 0.029297 0.046875
0 0.509766 0.235352 0.031250 0.072266
0 0.610352 0.247070 0.037109 0.076172
0 0.810547 0.374023 0.054688 0.064453
0 0.215820 0.419922 0.044922 0.023438
0 0.404297 0.543945 0.042969 0.025391
0 0.141602 0.638672 0.033203 0.035156
0 0.735352 0.638672 0.029297 0.035156
0 0.263672 0.665039 0.023438 0.056641
0 0.748047 0.705078 0.058594 0.101562
0 0.906250 0.730469 0.058594 0.074219
0 0.281250 0.737305 0.042969 0.025391
0 0.142578 0.781250 0.039062 0.066406
0 0.920898 0.791992 0.033203 0.041016
0 0.686523 0.841797 0.052734 0.054688
0 0.208984 0.874023 0.078125 0.064453
0 0.862305 0.923828 0.029297 0.093750
0 0.485352 0.948242 0.033203 0.044922
0 0.287109 0.972909 0.050781 0.051287
