0 0.495932 0.463097 0.044752 0.078148
0 0.403320 0.012695 0.044922 0.025391
0 0.749023 0.055664 0.048828 0.060547
0 0.844727 0.060547 0.048828 0.054688
0 0.920898 0.166016 0.021484 0.074219
0 0.093750 0.188477 0.046875 0.048828
0 0.452148 0.191406 0.025391 0.042969
0 0.518555 0.236328 0.029297 0.046875
0 0.243164 0.241211 0.052734 0.052734
0 0.606445 0.303711 0.037109 0.087891
0 0.170898 0.387695 0.029297 0.041016
0 0.957031 0.460938 0.027344 0.054688
0 0.882812 0.492188 0.039062 0.058594
0 0.306641 0.494141 0.039062 0.050781
0 0.347656 0.545898 0.042969 0.025391
0 0.397461 0.617188 0.037109 0.085938
0 0.279297 0.772461 0.050781 0.033203
0 0.431641 0.862305 0.046875 0.076172
0 0.281250 0.871094 0.050781 0.062500
0 0.121094 0.918945 0.042969 0.029297
0 0.931641 0.933594 0.046875 0.062500
0 0.202148 0.948242 0.025391 0.041016
0 0.654297 0.983651 0.058594 0.029803
