0 0.407242 0.651954 0.025224 0.044863
0 0.746094 0.049805 0.058594 0.099609
0 0.260742 0.049805 0.033203 0.037109
0 0.593750 0.070312 0.054688 0.074219
0 0.015625 0.175781 0.031250 0.085938
0 0.663086 0.250000 0.072266 0.046875
0 0.984945 0.415039 0.028483 0.072266
0 0.310547 0.419922 0.054688 0.027344
0 0.872070 0.436523 0.060547 0.052734
0 0.140625 0.518555 0.019531 0.072266
0 0.670898 0.688477 0.013672 0.099609
0 0.782227 0.707031 0.044922 0.027344
0 0.026367 0.735352 0.052734 0.017578
0 0.083008 0.785156 0.033203 0.058594
0 0.344727 0.860352 0.052734 0.095703
0 0.986898 0.918945 0.024577 0.044922
0 0.807617 0.950195 0.048828 0.025391
