0 0.578519 0.561505 0.032547 0.066570
0 0.815430 0.108398 0.056641 0.126953
0 0.266602 0.126953 0.029297 0.050781
0 0.488281 0.202148 0.082031 0.083984
0 0.734375 0.264648 0.019531 0.060547
0 0.078125 0.316406 0.023438 0.046875
0 0.233398 0.354492 0.029297 0.041016
0 0.583984 0.370117 0.042969 0.072266
0 0.858398 0.442383 0.033203 0.048828
0 0.862305 0.610352 0.029297 0.130859
0 0.953125 0.626953 0.031250 0.058594
0 0.735352 0.658203 0.013672 0.062500
0 0.294922 0.685547 0.023438 0.058594
0 0.780273 0.771484 0.048828 0.035156
0 0.483398 0.787109 0.021484 0.046875
0 0.957031 0.858398 0.039062 0.095703
0 0.824219 0.856445 0.035156 0.041016
