0 0.443450 0.584660 0.021155 0.040521
0 0.574219 0.058594 0.031250 0.046875
0 0.330078 0.111328 0.035156 0.054688
0 0.436523 0.153320 0.056641 0.052734
0 0.170898 0.184570 0.029297 0.060547
0 0.953125 0.183594 0.023438 0.058594
0 0.635742 0.183594 0.037109 0.050781
0 0.866211 0.219727 0.087891 0.052734
0 0.374023 0.255859 0.056641 0.046875
0 0.714844 0.270508 0.042969 0.037109
0 0.298828 0.312500 0.035156 0.062500
0 0.317383 0.372070 0.044922 0.052734
0 0.422852 0.378906 0.021484 0.046875
0 0.754883 0.377930 0.044922 0.041016
0 0.108398 0.456055 0.029297 0.041016
0 0.333984 0.530273 0.035156 0.052734
0 0.675781 0.620117 0.035156 0.048828
0 0.265625 0.708984 0.023438 0.070312
0 0.135742 0.718750 0.033203 0.046875
0 0.202148 0.747070 0.017578 0.052734
0 0.141602 0.812500 0.029297 0.058594
0 0.522461 0.922852 0.048828 0.029297
0 0.108398 0.970956 0.021484 0.055193
0 0.857422 0.982675 0.035156 0.031756
