0 0.529699 0.327062 0.039056 0.078148
0 0.164062 0.050781 0.042969 0.046875
0 0.734375 0.084961 0.019531 0.068359
0 0.500000 0.080078 0.054688 0.050781
0 0.405273 0.091797 0.044922 0.054688
0 0.074219 0.092773 0.027344 0.048828
0 0.763672 0.155273 0.019531 0.048828
0 0.848633 0.166016 0.048828 0.035156
0 0.921875 0.259766 0.019531 0.066406
0 0.467773 0.269531 0.052734 0.078125
0 0.578125 0.284180 0.023438 0.048828
0 0.237305 0.337891 0.041016 0.046875
0 0.610352 0.396484 0.029297 0.089844
0 0.422852 0.447266 0.029297 0.050781
0 0.168945 0.499023 0.025391 0.056641
0 0.498047 0.564453 0.050781 0.070312
0 0.704102 0.565430 0.021484 0.056641
0 0.875000 0.581055 0.054688 0.087891
0 0.298828 0.597656 0.035156 0.058594
0 0.861328 0.642578 0.035156 0.031250
0 0.339844 0.661133 0.050781 0.048828
0 0.545898 0.705078 0.017578 0.085938
0 0.419922 0.738281 0.085938 0.093750
0 0.272461 0.892578 0.037109 0.031250
0 0.351562 0.892578 0.042969 0.027344
0 0.420898 0.972909 0.029297 0.051287
