0 0.369406 0.753256 0.027665 0.041968
0 0.125977 0.048828 0.044922 0.027344
0 0.064453 0.098633 0.058594 0.056641
0 0.438477 0.159180 0.056641 0.099609
0 0.609375 0.148438 0.078125 0.058594
0 0.841797 0.187500 0.054688 0.062500
0 0.939453 0.227539 0.058594 0.076172
0 0.717773 0.233398 0.056641 0.083984
0 0.357422 0.271484 0.027344 0.144531
0 0.013672 0.234375 0.027344 0.031250
0 0.896484 0.296875 0.031250 0.035156
0 0.041992 0.297852 0.041016 0.029297
0 0.985921 0.486328 0.026530 0.074219
0 0.757812 0.511719 0.046875 0.085938
0 0.216797 0.765625 0.054688 0.085938
0 0.079102 0.858398 0.033203 0.052734
0 0.565430 0.865234 0.052734 0.042969
0 0.049805 0.952148 0.037109 0.033203
