0 0.476810 0.469609 0.027665 0.050651
0 0.264648 0.098633 0.017578 0.095703
0 0.426758 0.083008 0.029297 0.056641
0 0.470703 0.125000 0.054688 0.070312
0 0.516602 0.212891 0.025391 0.046875
0 0.755859 0.224609 0.054688 0.066406
0 0.062500 0.352539 0.054688 0.041016
0 0.701172 0.404297 0.027344 0.050781
0 0.203125 0.457031 0.031250 0.078125
0 0.922852 0.487305 0.033203 0.041016
0 0.801758 0.594727 0.044922 0.060547
0 0.662109 0.670898 0.046875 0.091797
0 0.362305 0.685547 0.033203 0.050781
0 0.187500 0.721680 0.046875 0.052734
0 0.968343 0.735352 0.061686 0.033203
0 0.566406 0.805664 0.046875 0.048828
0 0.378906 0.858398 0.050781 0.072266
0 0.788086 0.876953 0.060547 0.109375
0 0.953125 0.870117 0.035156 0.068359
0 0.529297 0.897461 0.054688 0.087891
0 0.250000 0.953378 0.066406 0.090350
0 0.390625 0.957284 0.023438 0.082537
0 0.079102 0.970956 0.021484 0.055193
0 0.760742 0.985605 0.037109 0.025897
