0 0.631408 0.406657 0.048820 0.078148
0 0.647461 0.032227 0.041016 0.064453
0 0.282227 0.331055 0.052734 0.095703
0 0.796875 0.363281 0.027344 0.078125
0 0.705078 0.379883 0.027344 0.052734
0 0.938477 0.403320 0.044922 0.048828
0 0.113281 0.452148 0.050781 0.087891
0 0.333008 0.439453 0.037109 0.062500
0 0.669922 0.551758 0.035156 0.080078
0 0.420898 0.557617 0.029297 0.052734
0 0.359375 0.609375 0.031250 0.035156
0 0.297852 0.622070 0.029297 0.048828
0 0.094727 0.725586 0.052734 0.064453
0 0.203125 0.768555 0.027344 0.091797
0 0.657227 0.738281 0.044922 0.023438
0 0.567383 0.795898 0.048828 0.091797
0 0.012695 0.778320 0.025391 0.048828
0 0.466797 0.810547 0.054688 0.105469
0 0.860352 0.848633 0.033203 0.052734
0 0.768555 0.904297 0.080078 0.058594
0 0.231445 0.911133 0.025391 0.056641
0 0.836914 0.955078 0.044922 0.027344
