0 0.444670 0.412446 0.048007 0.078148
0 0.206055 0.029297 0.025391 0.058594
0 0.954102 0.060547 0.025391 0.050781
0 0.441406 0.079102 0.046875 0.021484
0 0.766602 0.101562 0.029297 0.039062
0 0.151367 0.108398 0.044922 0.025391
0 0.294922 0.133789 0.035156 0.044922
0 0.675781 0.144531 0.023438 0.050781
0 0.827148 0.177734 0.033203 0.070312
0 0.439453 0.197266 0.050781 0.062500
0 0.920898 0.196289 0.029297 0.041016
0 0.610352 0.249023 0.033203 0.076172
0 0.169922 0.231445 0.031250 0.033203
0 0.800781 0.297852 0.031250 0.080078
0 0.202148 0.334961 0.025391 0.041016
0 0.797852 0.420898 0.041016 0.029297
0 0.669922 0.469727 0.035156 0.064453
0 0.936523 0.489258 0.052734 0.076172
0 0.628906 0.755859 0.050781 0.070312
0 0.290039 0.821289 0.025391 0.056641
0 0.078125 0.847656 0.023438 0.042969
0 0.204102 0.889648 0.025391 0.083984
0 0.639648 0.942383 0.021484 0.080078
0 0.083008 0.984628 0.041016 0.027850
