0 0.539463 0.302460 0.027665 0.049204
0 0.418945 0.026367 0.021484 0.052734
0 0.045898 0.115234 0.029297 0.078125
0 0.793945 0.112305 0.037109 0.037109
0 0.327148 0.171875 0.033203 0.031250
0 0.013672 0.208008 0.027344 0.033203
0 0.124023 0.218750 0.048828 0.046875
0 0.832031 0.282227 0.023438 0.048828
0 0.330078 0.337891 0.023438 0.062500
0 0.611328 0.356445 0.023438 0.064453
0 0.544922 0.398438 0.023438 0.046875
0 0.359375 0.443359 0.027344 0.054688
0 0.278320 0.614258 0.052734 0.033203
0 0.308594 0.767578 0.042969 0.085938
0 0.795898 0.839844 0.029297 0.062500
0 0.890625 0.841797 0.023438 0.058594
0 0.090820 0.853516 0.041016 0.074219
0 0.526367 0.849609 0.041016 0.054688
0 0.843750 0.954355 0.054688 0.088397
0 0.921875 0.964120 0.027344 0.068865
0 0.174805 0.971933 0.021484 0.053240
