0 0.351505 0.328509 0.043938 0.078148
0 0.484375 0.015625 0.031250 0.031250
0 0.087891 0.111328 0.054688 0.078125
0 0.485352 0.117188 0.033203 0.058594
0 0.815430 0.130859 0.041016 0.046875
0 0.203125 0.172852 0.019531 0.083984
0 0.515625 0.181641 0.031250 0.054688
0 0.601562 0.225586 0.050781 0.076172
0 0.863281 0.326172 0.035156 0.066406
0 0.731445 0.379883 0.025391 0.044922
0 0.458008 0.460938 0.052734 0.089844
0 0.594727 0.573242 0.052734 0.083984
0 0.414062 0.640625 0.066406 0.113281
0 0.251953 0.625977 0.050781 0.064453
0 0.988851 0.625977 0.020671 0.048828
0 0.842773 0.681641 0.048828 0.093750
0 0.140625 0.882812 0.023438 0.085938
0 0.769531 0.894531 0.027344 0.082031
0 0.953125 0.876953 0.019531 0.046875
0 0.314453 0.939453 0.042969 0.042969
