0 0.442229 0.531114 0.052889 0.066570
0 0.608398 0.063477 0.025391 0.052734
0 0.254883 0.066406 0.052734 0.050781
0 0.104492 0.121094 0.037109 0.050781
0 0.436523 0.155273 0.056641 0.068359
0 0.557617 0.162109 0.052734 0.054688
0 0.108398 0.234375 0.025391 0.050781
0 0.640625 0.254883 0.035156 0.060547
0 0.237305 0.261719 0.033203 0.054688
0 0.171875 0.328125 0.023438 0.078125
0 0.444336 0.330078 0.048828 0.031250
0 0.874023 0.393555 0.052734 0.083984
0 0.159180 0.439453 0.048828 0.046875
0 0.708008 0.473633 0.033203 0.044922
0 0.591797 0.513672 0.046875 0.078125
0 0.078125 0.524414 0.031250 0.068359
0 0.828125 0.584961 0.027344 0.044922
0 0.923828 0.627930 0.023438 0.048828
0 0.844727 0.651367 0.041016 0.048828
0 0.206055 0.671875 0.029297 0.078125
0 0.755859 0.659180 0.042969 0.048828
0 0.668945 0.734375 0.029297 0.074219
0 0.738281 0.783203 0.023438 0.054688
