0 0.570789 0.520260 0.041497 0.082489
0 0.250977 0.013672 0.052734 0.027344
0 0.280273 0.161133 0.060547 0.060547
0 0.829102 0.168945 0.029297 0.037109
0 0.408203 0.203125 0.054688 0.085938
0 0.674805 0.196289 0.033203 0.052734
0 0.297852 0.412109 0.037109 0.109375
0 0.861328 0.417969 0.035156 0.046875
0 0.715820 0.436523 0.056641 0.064453
0 0.841797 0.590820 0.054688 0.052734
0 0.985921 0.625977 0.026530 0.044922
0 0.656250 0.724609 0.054688 0.074219
0 0.254883 0.753906 0.052734 0.066406
0 0.045898 0.754883 0.021484 0.064453
0 0.436523 0.827148 0.048828 0.091797
0 0.188477 0.830078 0.048828 0.070312
0 0.078125 0.825195 0.074219 0.021484
0 0.954102 0.891602 0.029297 0.083984
0 0.169922 0.979745 0.027344 0.037615
0 0.303711 0.985605 0.041016 0.025897
0 0.854492 0.985605 0.033203 0.025897
