0 0.524410 0.260492 0.030106 0.052098
0 0.218750 0.047852 0.050781 0.025391
0 0.519531 0.060547 0.031250 0.050781
0 0.982992 0.079102 0.032389 0.029297
0 0.306641 0.108398 0.058594 0.083984
0 0.870117 0.125000 0.044922 0.058594
0 0.406250 0.182617 0.062500 0.060547
0 0.932617 0.171875 0.060547 0.035156
0 0.734375 0.192383 0.031250 0.044922
0 0.231445 0.203125 0.041016 0.031250
0 0.299805 0.238281 0.037109 0.046875
0 0.845703 0.278320 0.058594 0.064453
0 0.247070 0.291016 0.048828 0.039062
0 0.483398 0.322266 0.021484 0.058594
0 0.982992 0.329102 0.032389 0.033203
0 0.827148 0.382812 0.029297 0.042969
0 0.246094 0.446289 0.058594 0.076172
0 0.451172 0.436523 0.031250 0.052734
0 0.325195 0.499023 0.072266 0.052734
0 0.518555 0.622070 0.025391 0.056641
0 0.440430 0.710938 0.048828 0.093750
0 0.045898 0.846680 0.029297 0.056641
0 0.680664 0.862305 0.052734 0.076172
0 0.614258 0.892578 0.037109 0.031250
0 0.838867 0.903320 0.048828 0.056641
0 0.084961 0.981698 0.044922 0.033709
