0 0.538242 0.245297 0.021969 0.033285
0 0.951172 0.375977 0.023438 0.060547
0 0.201172 0.444336 0.085938 0.044922
0 0.951172 0.461914 0.023438 0.052734
0 0.453125 0.491211 0.031250 0.044922
0 0.580078 0.529297 0.023438 0.058594
0 0.985921 0.515625 0.026530 0.031250
0 0.077148 0.535156 0.025391 0.046875
0 0.157227 0.547852 0.044922 0.025391
0 0.089844 0.611328 0.046875 0.023438
0 0.265625 0.705078 0.031250 0.039062
0 0.920898 0.701172 0.029297 0.035156
0 0.029297 0.728516 0.058594 0.074219
0 0.532227 0.718750 0.044922 0.050781
0 0.486328 0.758789 0.031250 0.041016
0 0.503906 0.842773 0.042969 0.044922
0 0.827148 0.856445 0.021484 0.052734
0 0.256836 0.887695 0.056641 0.091797
0 0.139648 0.983651 0.033203 0.029803
