0 0.780716 0.638205 0.039870 0.081042
0 0.177734 0.054688 0.039062 0.054688
0 0.922852 0.081055 0.037109 0.052734
0 0.245117 0.167969 0.048828 0.105469
0 0.988851 0.152344 0.020671 0.042969
0 0.906250 0.200195 0.050781 0.083984
0 0.151367 0.187500 0.048828 0.050781
0 0.886719 0.315430 0.027344 0.060547
0 0.456055 0.341797 0.029297 0.046875
0 0.011719 0.340820 0.023438 0.041016
0 0.576172 0.391602 0.015625 0.072266
0 0.890625 0.477539 0.074219 0.029297
0 0.988851 0.529297 0.020671 0.042969
0 0.827148 0.747070 0.025391 0.060547
0 0.331055 0.743164 0.029297 0.048828
0 0.827148 0.825195 0.021484 0.052734
0 0.065430 0.851562 0.056641 0.085938
0 0.282227 0.859375 0.056641 0.093750
0 0.669922 0.868164 0.042969 0.052734
0 0.356445 0.926758 0.068359 0.095703
