0 0.588283 0.640376 0.029292 0.065123
0 0.578125 0.147461 0.031250 0.193359
0 0.058594 0.124023 0.054688 0.056641
0 0.359375 0.250977 0.019531 0.044922
0 0.753906 0.300781 0.046875 0.078125
0 0.893555 0.328125 0.033203 0.035156
0 0.422852 0.346680 0.029297 0.056641
0 0.808594 0.369141 0.050781 0.046875
0 0.734375 0.456055 0.023438 0.123047
0 0.919922 0.534180 0.031250 0.150391
0 0.501953 0.716797 0.054688 0.062500
0 0.674805 0.797852 0.029297 0.091797
0 0.538086 0.833008 0.056641 0.119141
0 0.750977 0.834961 0.041016 0.060547
0 0.233398 0.846680 0.025391 0.056641
0 0.703125 0.898438 0.023438 0.082031
0 0.516602 0.923828 0.033203 0.101562
0 0.781250 0.907227 0.058594 0.060547
