0 0.328723 0.691751 0.027665 0.037627
0 0.502930 0.012695 0.044922 0.025391
0 0.515625 0.093750 0.019531 0.058594
0 0.642578 0.197266 0.031250 0.058594
0 0.265625 0.284180 0.031250 0.072266
0 0.430664 0.261719 0.052734 0.031250
0 0.573242 0.340820 0.041016 0.060547
0 0.327148 0.400391 0.033203 0.070312
0 0.163086 0.390625 0.048828 0.031250
0 0.607422 0.433594 0.023438 0.050781
0 0.387695 0.453125 0.037109 0.035156
0 0.391602 0.516602 0.033203 0.037109
0 0.470703 0.547852 0.050781 0.021484
0 0.579102 0.810547 0.021484 0.046875
0 0.637695 0.940430 0.025391 0.056641
0 0.764648 0.952148 0.033203 0.033203
