0 0.729862 0.493488 0.027665 0.052098
0 0.262695 0.053711 0.033203 0.041016
0 0.798828 0.122070 0.019531 0.048828
0 0.859375 0.144531 0.035156 0.039062
0 0.933594 0.189453 0.046875 0.050781
0 0.395508 0.219727 0.029297 0.044922
0 0.137695 0.228516 0.033203 0.039062
0 0.280273 0.272461 0.041016 0.029297
0 0.809570 0.368164 0.056641 0.064453
0 0.250000 0.376953 0.046875 0.062500
0 0.140625 0.382812 0.035156 0.039062
0 0.250977 0.518555 0.048828 0.083984
0 0.938477 0.512695 0.044922 0.021484
0 0.887695 0.610352 0.037109 0.095703
0 0.202148 0.657227 0.029297 0.064453
0 0.028320 0.721680 0.056641 0.052734
0 0.330078 0.730469 0.039062 0.042969
0 0.266602 0.796875 0.037109 0.031250
0 0.761719 0.891602 0.078125 0.021484
0 0.500977 0.904297 0.044922 0.042969
0 0.317383 0.940430 0.044922 0.056641
0 0.259766 0.983651 0.035156 0.029803
