0 0.552482 0.338640 0.024410 0.049204
0 0.803711 0.035156 0.041016 0.070312
0 0.331055 0.091797 0.072266 0.062500
0 0.796875 0.266602 0.019531 0.083984
0 0.022461 0.264648 0.044922 0.025391
0 0.666992 0.294922 0.033203 0.082031
0 0.903320 0.346680 0.048828 0.048828
0 0.164062 0.382812 0.046875 0.085938
0 0.757812 0.386719 0.035156 0.062500
0 0.955078 0.412109 0.031250 0.058594
0 0.806641 0.469727 0.050781 0.068359
0 0.437500 0.513672 0.050781 0.078125
0 0.908203 0.527344 0.054688 0.070312
0 0.633789 0.531250 0.041016 0.066406
0 0.357422 0.715820 0.031250 0.060547
0 0.234375 0.731445 0.023438 0.076172
0 0.857422 0.766602 0.031250 0.087891
0 0.125000 0.773438 0.050781 0.042969
0 0.987874 0.776367 0.022624 0.041016
0 0.684570 0.814453 0.048828 0.054688
0 0.109375 0.854492 0.031250 0.060547
0 0.903320 0.895508 0.056641 0.083984
0 0.920898 0.983651 0.029297 0.029803
