0 0.605777 0.569465 0.023596 0.044863
0 0.298828 0.020508 0.027344 0.041016
0 0.435547 0.028320 0.054688 0.056641
0 0.810547 0.061523 0.050781 0.056641
0 0.609375 0.126953 0.074219 0.058594
0 0.937500 0.186523 0.054688 0.056641
0 0.591797 0.232422 0.050781 0.085938
0 0.761719 0.280273 0.039062 0.060547
0 0.077148 0.318359 0.033203 0.058594
0 0.422852 0.331055 0.033203 0.044922
0 0.671875 0.355469 0.019531 0.062500
0 0.359375 0.396484 0.031250 0.054688
0 0.960938 0.408203 0.042969 0.050781
0 0.754883 0.483398 0.052734 0.033203
0 0.756836 0.576172 0.044922 0.027344
0 0.047852 0.624023 0.025391 0.048828
0 0.919922 0.665039 0.027344 0.056641
0 0.576172 0.822266 0.031250 0.058594
0 0.047852 0.843750 0.025391 0.050781
0 0.123047 0.936523 0.054688 0.064453
0 0.859375 0.944336 0.019531 0.060547
