0 0.371440 0.470333 0.020342 0.037627
0 0.593750 0.012695 0.042969 0.025391
0 0.715820 0.054688 0.060547 0.074219
0 0.860352 0.042969 0.033203 0.039062
0 0.294922 0.090820 0.039062 0.060547
0 0.138672 0.122070 0.031250 0.068359
0 0.611328 0.125000 0.082031 0.058594
0 0.082031 0.323242 0.066406 0.150391
0 0.808594 0.268555 0.054688 0.029297
0 0.874023 0.349609 0.044922 0.058594
0 0.418945 0.408203 0.025391 0.046875
0 0.868164 0.416992 0.048828 0.037109
0 0.141602 0.428711 0.029297 0.037109
0 0.746094 0.480469 0.070312 0.093750
0 0.454102 0.500000 0.025391 0.113281
0 0.360352 0.486328 0.033203 0.031250
0 0.985921 0.501953 0.026530 0.050781
0 0.892578 0.539062 0.035156 0.078125
0 0.140625 0.548828 0.031250 0.035156
0 0.185547 0.611328 0.050781 0.031250
0 0.809570 0.631836 0.052734 0.052734
0 0.281250 0.833008 0.062500 0.076172
0 0.968343 0.872070 0.061686 0.068359
0 0.846680 0.950195 0.048828 0.033203
