0 0.481692 0.633140 0.032547 0.068017
0 0.984945 0.147461 0.028483 0.044922
0 0.244141 0.280273 0.046875 0.119141
0 0.422852 0.295898 0.021484 0.076172
0 0.097656 0.308594 0.050781 0.066406
0 0.703125 0.320312 0.023438 0.042969
0 0.752930 0.375000 0.056641 0.058594
0 0.861328 0.384766 0.039062 0.050781
0 0.921875 0.536133 0.031250 0.056641
0 0.192383 0.579102 0.056641 0.091797
0 0.572266 0.600586 0.046875 0.056641
0 0.010742 0.611328 0.021484 0.074219
0 0.921875 0.639648 0.039062 0.076172
0 0.349609 0.631836 0.046875 0.048828
0 0.182617 0.707031 0.076172 0.089844
0 0.439453 0.765625 0.050781 0.085938
0 0.582031 0.816406 0.070312 0.070312
0 0.747070 0.857422 0.056641 0.089844
0 0.988851 0.970956 0.020671 0.055193
0 0.453125 0.983651 0.039062 0.029803
