0 0.462978 0.452243 0.021155 0.036179
0 0.392578 0.142578 0.039062 0.035156
0 0.172852 0.216797 0.037109 0.070312
0 0.126953 0.384766 0.054688 0.039062
0 0.136719 0.532227 0.085938 0.044922
0 0.814453 0.546875 0.054688 0.035156
0 0.107422 0.611328 0.039062 0.035156
0 0.984945 0.698242 0.028483 0.033203
0 0.763672 0.764648 0.027344 0.041016
0 0.531250 0.777344 0.046875 0.054688
0 0.780273 0.839844 0.056641 0.062500
0 0.161133 0.871094 0.056641 0.074219
0 0.602539 0.874023 0.052734 0.064453
0 0.420898 0.962167 0.041016 0.072772
