0 0.557771 0.693198 0.041497 0.069465
0 0.264648 0.093750 0.025391 0.050781
0 0.858398 0.162109 0.029297 0.050781
0 0.951172 0.332031 0.039062 0.128906
0 0.830078 0.328125 0.035156 0.046875
0 0.110352 0.376953 0.021484 0.046875
0 0.345703 0.409180 0.046875 0.044922
0 0.584961 0.511719 0.048828 0.085938
0 0.015625 0.669922 0.031250 0.039062
0 0.243164 0.703125 0.056641 0.085938
0 0.175781 0.737305 0.042969 0.099609
0 0.091797 0.812500 0.058594 0.070312
0 0.169922 0.867188 0.039062 0.058594
0 0.582031 0.921875 0.082031 0.085938
0 0.780273 0.978769 0.052734 0.039568
