0 0.462164 0.363242 0.050448 0.086831
0 0.435547 0.042969 0.058594 0.085938
0 0.325195 0.058594 0.037109 0.058594
0 0.656250 0.094727 0.054688 0.060547
0 0.235352 0.146484 0.033203 0.085938
0 0.044922 0.180664 0.031250 0.052734
0 0.656250 0.168945 0.058594 0.033203
0 0.792969 0.284180 0.074219 0.119141
0 0.109375 0.278320 0.031250 0.060547
0 0.576172 0.310547 0.023438 0.046875
0 0.232422 0.357422 0.019531 0.070312
0 0.612305 0.384766 0.037109 0.093750
0 0.039062 0.421875 0.039062 0.039062
0 0.718750 0.470703 0.054688 0.117188
0 0.424805 0.443359 0.021484 0.050781
0 0.129883 0.501953 0.060547 0.070312
0 0.200195 0.487305 0.033203 0.037109
0 0.578125 0.551758 0.027344 0.041016
0 0.656250 0.655273 0.054688 0.119141
0 0.793945 0.640625 0.080078 0.093750
0 0.150391 0.985605 0.046875 0.025897
