0 0.497559 0.439219 0.085435 0.108538
0 0.341797 0.043945 0.050781 0.048828
0 0.516602 0.173828 0.029297 0.078125
0 0.161133 0.204102 0.052734 0.076172
0 0.681641 0.246094 0.042969 0.054688
0 0.592773 0.299805 0.052734 0.087891
0 0.166016 0.375977 0.039062 0.072266
0 0.258789 0.502930 0.044922 0.064453
0 0.168945 0.580078 0.041016 0.058594
0 0.493164 0.627930 0.044922 0.099609
0 0.674805 0.617188 0.029297 0.070312
0 0.575195 0.617188 0.029297 0.046875
0 0.830078 0.618164 0.035156 0.048828
0 0.366211 0.696289 0.060547 0.064453
0 0.672852 0.711914 0.029297 0.056641
0 0.875000 0.716797 0.054688 0.058594
0 0.570312 0.719727 0.046875 0.052734
0 0.202148 0.810547 0.037109 0.062500
0 0.772461 0.820312 0.044922 0.066406
0 0.669922 0.875000 0.042969 0.070312
0 0.869141 0.871094 0.066406 0.050781
0 0.943359 0.942383 0.039062 0.044922
