0 0.478438 0.746020 0.040683 0.073806
0 0.236328 0.023438 0.027344 0.046875
0 0.703125 0.017578 0.027344 0.035156
0 0.579102 0.061523 0.033203 0.056641
0 0.250000 0.121094 0.050781 0.058594
0 0.512695 0.124023 0.025391 0.056641
0 0.954102 0.140625 0.037109 0.046875
0 0.112305 0.140625 0.041016 0.035156
0 0.294922 0.180664 0.031250 0.037109
0 0.656250 0.203125 0.121094 0.085938
0 0.828125 0.200195 0.019531 0.076172
0 0.735352 0.279297 0.037109 0.070312
0 0.795898 0.265625 0.033203 0.031250
0 0.146484 0.309570 0.031250 0.060547
0 0.983968 0.358398 0.030436 0.029297
0 0.805664 0.373047 0.052734 0.050781
0 0.884766 0.447266 0.031250 0.039062
0 0.736328 0.456055 0.039062 0.044922
0 0.659180 0.528320 0.044922 0.044922
0 0.953125 0.530273 0.023438 0.048828
0 0.825195 0.585938 0.033203 0.046875
0 0.245117 0.671875 0.052734 0.082031
0 0.660156 0.641602 0.058594 0.021484
0 0.863281 0.651367 0.031250 0.044922
0 0.045898 0.660156 0.029297 0.054688
0 0.734375 0.720703 0.031250 0.066406
0 0.545898 0.735352 0.033203 0.033203
0 0.915039 0.750000 0.087891 0.050781
0 0.659180 0.771484 0.048828 0.078125
0 0.553711 0.801758 0.041016 0.044922
