0 0.677787 0.504342 0.022783 0.036179
0 0.236328 0.015625 0.035156 0.031250
0 0.077148 0.112305 0.021484 0.056641
0 0.541016 0.122070 0.062500 0.056641
0 0.846680 0.130859 0.052734 0.058594
0 0.235352 0.192383 0.033203 0.056641
0 0.166992 0.226562 0.041016 0.054688
0 0.860352 0.262695 0.033203 0.037109
0 0.059570 0.371094 0.052734 0.062500
0 0.750977 0.466797 0.048828 0.062500
0 0.359375 0.479492 0.023438 0.076172
0 0.065430 0.530273 0.052734 0.056641
0 0.878906 0.533203 0.046875 0.058594
0 0.141602 0.750000 0.033203 0.058594
0 0.748047 0.784180 0.050781 0.060547
