0 0.695281 0.715630 0.046379 0.070912
0 0.453125 0.041016 0.027344 0.082031
0 0.500977 0.089844 0.052734 0.054688
0 0.453125 0.229492 0.031250 0.091797
0 0.515625 0.237305 0.015625 0.072266
0 0.673828 0.235352 0.035156 0.033203
0 0.797852 0.375977 0.083984 0.076172
0 0.531250 0.374023 0.054688 0.068359
0 0.952148 0.439453 0.033203 0.074219
0 0.109375 0.432617 0.027344 0.048828
0 0.590820 0.547852 0.044922 0.076172
0 0.124023 0.583984 0.060547 0.109375
0 0.279297 0.709961 0.058594 0.083984
0 0.592773 0.715820 0.048828 0.060547
0 0.529297 0.807617 0.042969 0.044922
0 0.578125 0.839844 0.023438 0.054688
0 0.842773 0.875000 0.048828 0.046875
0 0.402344 0.969003 0.054688 0.059100
0 0.234375 0.981698 0.035156 0.033709
