0 0.356387 0.627352 0.022783 0.044863
0 0.134766 0.046875 0.042969 0.031250
0 0.800781 0.134766 0.046875 0.039062
0 0.973226 0.138672 0.051921 0.027344
0 0.326172 0.201172 0.035156 0.031250
0 0.417969 0.203125 0.035156 0.027344
0 0.796875 0.284180 0.035156 0.060547
0 0.047852 0.287109 0.033203 0.046875
0 0.011719 0.430664 0.023438 0.052734
0 0.579102 0.425781 0.029297 0.035156
0 0.797852 0.422852 0.044922 0.029297
0 0.094727 0.452148 0.044922 0.021484
0 0.333984 0.524414 0.027344 0.056641
0 0.703125 0.549805 0.023438 0.083984
0 0.421875 0.611328 0.027344 0.039062
0 0.609375 0.736328 0.023438 0.046875
0 0.420898 0.757812 0.021484 0.050781
0 0.269531 0.815430 0.035156 0.041016
0 0.207031 0.890625 0.031250 0.039062
0 0.402344 0.957284 0.046875 0.082537
0 0.517578 0.951172 0.039062 0.035156
