0 0.644426 0.782200 0.032547 0.073806
0 0.672852 0.072266 0.037109 0.050781
0 0.728516 0.256836 0.093750 0.115234
0 0.407227 0.304688 0.052734 0.054688
0 0.233398 0.325195 0.021484 0.076172
0 0.046875 0.334961 0.031250 0.060547
0 0.641602 0.373047 0.033203 0.066406
0 0.295898 0.436523 0.080078 0.123047
0 0.126953 0.458984 0.042969 0.058594
0 0.797852 0.467773 0.033203 0.056641
0 0.731445 0.543945 0.033203 0.091797
0 0.395508 0.548828 0.037109 0.085938
0 0.342773 0.653320 0.048828 0.056641
0 0.496094 0.699219 0.042969 0.078125
0 0.418945 0.708984 0.037109 0.035156
0 0.592773 0.876953 0.052734 0.093750
0 0.434570 0.891602 0.052734 0.080078
0 0.091797 0.941406 0.050781 0.058594
