0 0.400732 0.462373 0.044752 0.059334
0 0.782227 0.032227 0.052734 0.064453
0 0.320312 0.088867 0.050781 0.076172
0 0.890625 0.090820 0.019531 0.052734
0 0.041992 0.157227 0.029297 0.044922
0 0.676758 0.172852 0.072266 0.080078
0 0.358398 0.176758 0.021484 0.076172
0 0.796875 0.204102 0.085938 0.087891
0 0.012695 0.204102 0.025391 0.044922
0 0.125000 0.234375 0.058594 0.089844
0 0.248047 0.230469 0.058594 0.085938
0 0.545898 0.281250 0.033203 0.078125
0 0.276367 0.295898 0.052734 0.025391
0 0.859375 0.340820 0.023438 0.048828
0 0.028320 0.547852 0.056641 0.044922
0 0.496094 0.563477 0.046875 0.044922
0 0.348633 0.597656 0.048828 0.062500
0 0.248047 0.749023 0.062500 0.060547
0 0.343750 0.893555 0.058594 0.091797
