0 0.517901 0.816932 0.036615 0.076700
0 0.389648 0.133789 0.091797 0.087891
0 0.330078 0.328125 0.035156 0.035156
0 0.450195 0.360352 0.037109 0.041016
0 0.548828 0.386719 0.085938 0.093750
0 0.766602 0.488281 0.041016 0.050781
0 0.343750 0.529297 0.082031 0.066406
0 0.160156 0.730469 0.113281 0.101562
0 0.983968 0.701172 0.030436 0.031250
0 0.598633 0.735352 0.044922 0.025391
0 0.173828 0.836914 0.039062 0.064453
0 0.550781 0.894531 0.031250 0.035156
0 0.358398 0.935547 0.048828 0.074219
0 0.699219 0.985605 0.035156 0.025897
