0 0.552075 0.581042 0.025224 0.047757
0 0.452148 0.080078 0.025391 0.078125
0 0.361328 0.143555 0.019531 0.080078
0 0.530273 0.189453 0.068359 0.132812
0 0.264648 0.214844 0.021484 0.062500
0 0.767578 0.213867 0.023438 0.056641
0 0.951172 0.292969 0.023438 0.046875
0 0.590820 0.387695 0.052734 0.087891
0 0.144531 0.410156 0.066406 0.113281
0 0.044922 0.453125 0.035156 0.039062
0 0.544922 0.452148 0.031250 0.033203
0 0.673828 0.493164 0.023438 0.044922
0 0.920898 0.515625 0.029297 0.035156
0 0.288086 0.545898 0.044922 0.083984
0 0.697266 0.551758 0.035156 0.068359
0 0.568359 0.679688 0.046875 0.062500
0 0.401367 0.771484 0.048828 0.042969
0 0.236328 0.794922 0.042969 0.046875
0 0.452148 0.826172 0.029297 0.035156
0 0.047852 0.833008 0.025391 0.041016
0 0.658203 0.841797 0.046875 0.050781
0 0.340820 0.861328 0.044922 0.023438
