0 0.698942 0.698263 0.030919 0.073806
0 0.064453 0.090820 0.050781 0.052734
0 0.415039 0.175781 0.048828 0.085938
0 0.606445 0.171875 0.033203 0.042969
0 0.296875 0.187500 0.035156 0.062500
0 0.779297 0.173828 0.050781 0.027344
0 0.013672 0.358398 0.027344 0.095703
0 0.230469 0.342773 0.035156 0.056641
0 0.376953 0.458008 0.054688 0.037109
0 0.932617 0.498047 0.044922 0.078125
0 0.356445 0.556641 0.033203 0.054688
0 0.105469 0.588867 0.039062 0.056641
0 0.063477 0.748047 0.048828 0.050781
0 0.625977 0.769531 0.052734 0.085938
0 0.511719 0.796875 0.039062 0.078125
0 0.200195 0.856445 0.025391 0.076172
0 0.766602 0.852539 0.033203 0.060547
0 0.346680 0.852539 0.048828 0.037109
0 0.045898 0.872070 0.021484 0.048828
0 0.733398 0.940430 0.033203 0.068359
0 0.622070 0.966073 0.052734 0.064959
0 0.450195 0.982675 0.033203 0.031756
