0 0.436941 0.331404 0.039056 0.089725
0 0.406250 0.056641 0.050781 0.058594
0 0.231445 0.062500 0.029297 0.054688
0 0.770508 0.078125 0.037109 0.035156
0 0.875000 0.123047 0.050781 0.113281
0 0.249023 0.125977 0.052734 0.052734
0 0.531250 0.141602 0.054688 0.087891
0 0.169922 0.126953 0.023438 0.046875
0 0.360352 0.157227 0.076172 0.064453
0 0.715820 0.198242 0.044922 0.076172
0 0.219727 0.219727 0.044922 0.048828
0 0.013672 0.254883 0.027344 0.044922
0 0.185547 0.297852 0.046875 0.025391
0 0.940430 0.495117 0.044922 0.048828
0 0.682617 0.541016 0.041016 0.046875
0 0.139648 0.566406 0.033203 0.066406
0 0.932617 0.584961 0.048828 0.056641
0 0.780273 0.635742 0.048828 0.076172
0 0.327148 0.628906 0.037109 0.050781
0 0.629883 0.646484 0.041016 0.035156
0 0.894531 0.753906 0.097656 0.117188
