0 0.449552 0.596961 0.039870 0.062229
0 0.453125 0.055664 0.027344 0.044922
0 0.407227 0.122070 0.048828 0.052734
0 0.188477 0.124023 0.044922 0.044922
0 0.859375 0.184570 0.031250 0.048828
0 0.123047 0.218750 0.050781 0.054688
0 0.465820 0.221680 0.052734 0.060547
0 0.296875 0.295898 0.027344 0.076172
0 0.576172 0.285156 0.031250 0.046875
0 0.755859 0.290039 0.042969 0.056641
0 0.402344 0.315430 0.042969 0.056641
0 0.626953 0.325195 0.046875 0.033203
0 0.012695 0.411133 0.025391 0.048828
0 0.518555 0.438477 0.037109 0.064453
0 0.202148 0.449219 0.033203 0.066406
0 0.233398 0.607422 0.033203 0.050781
0 0.394531 0.629883 0.035156 0.056641
0 0.234375 0.745117 0.035156 0.064453
0 0.483398 0.815430 0.037109 0.064453
0 0.375000 0.819336 0.050781 0.064453
0 0.771484 0.843750 0.039062 0.054688
0 0.285156 0.873047 0.062500 0.054688
0 0.828125 0.860352 0.050781 0.025391
0 0.201172 0.904297 0.031250 0.062500
0 0.453125 0.954355 0.035156 0.088397
0 0.797852 0.968026 0.029297 0.061053
