0 0.665989 0.413893 0.021969 0.034732
0 0.110352 0.050781 0.025391 0.039062
0 0.703125 0.048828 0.074219 0.019531
0 0.548828 0.128906 0.019531 0.054688
0 0.467773 0.167969 0.056641 0.035156
0 0.223633 0.221680 0.056641 0.052734
0 0.327148 0.285156 0.025391 0.046875
0 0.641602 0.290039 0.033203 0.056641
0 0.467773 0.300781 0.048828 0.070312
0 0.370117 0.358398 0.044922 0.033203
0 0.434570 0.480469 0.052734 0.023438
0 0.184570 0.516602 0.056641 0.025391
0 0.389648 0.606445 0.033203 0.080078
0 0.542969 0.593750 0.035156 0.050781
0 0.471680 0.676758 0.052734 0.080078
0 0.266602 0.793945 0.037109 0.041016
0 0.187500 0.916016 0.054688 0.082031
0 0.797852 0.910156 0.021484 0.046875
0 0.139648 0.983651 0.029297 0.029803
