0 0.542718 0.304631 0.027665 0.056440
0 0.392578 0.015625 0.031250 0.031250
0 0.310547 0.073242 0.062500 0.044922
0 0.419922 0.156250 0.035156 0.058594
0 0.308594 0.185547 0.066406 0.062500
0 0.486328 0.183594 0.027344 0.054688
0 0.375000 0.268555 0.050781 0.083984
0 0.229492 0.268555 0.037109 0.041016
0 0.483398 0.296875 0.033203 0.035156
0 0.664062 0.341797 0.046875 0.109375
0 0.234375 0.339844 0.027344 0.066406
0 0.331055 0.343750 0.033203 0.054688
0 0.396484 0.411133 0.082031 0.056641
0 0.011719 0.423828 0.023438 0.074219
0 0.172852 0.418945 0.033203 0.044922
0 0.701172 0.438477 0.035156 0.060547
0 0.938477 0.671875 0.052734 0.144531
0 0.245117 0.685547 0.056641 0.066406
0 0.025391 0.720703 0.050781 0.046875
0 0.579102 0.895508 0.021484 0.080078
0 0.013672 0.953125 0.027344 0.035156
