0 0.221725 0.379161 0.048007 0.083936
0 0.514648 0.041992 0.029297 0.037109
0 0.861328 0.043945 0.031250 0.037109
0 0.766602 0.086914 0.025391 0.056641
0 0.077148 0.119141 0.021484 0.046875
0 0.277344 0.106445 0.046875 0.025391
0 0.181641 0.170898 0.046875 0.029297
0 0.837891 0.190430 0.050781 0.044922
0 0.922852 0.201172 0.033203 0.039062
0 0.578125 0.222656 0.019531 0.050781
0 0.870117 0.301758 0.056641 0.060547
0 0.630859 0.390625 0.050781 0.027344
0 0.390625 0.607422 0.031250 0.035156
0 0.075195 0.672852 0.037109 0.033203
0 0.640625 0.686523 0.023438 0.052734
0 0.315430 0.825195 0.044922 0.029297
0 0.411133 0.833984 0.052734 0.027344
0 0.531250 0.851562 0.050781 0.046875
0 0.471680 0.900391 0.056641 0.066406
0 0.296875 0.889648 0.031250 0.033203
0 0.914062 0.949219 0.054688 0.039062
0 0.538086 0.955078 0.048828 0.027344
