0 0.619203 0.569465 0.029292 0.053546
0 0.867188 0.065430 0.066406 0.072266
0 0.390625 0.095703 0.035156 0.058594
0 0.903320 0.157227 0.048828 0.060547
0 0.359375 0.187500 0.035156 0.058594
0 0.795898 0.199219 0.037109 0.046875
0 0.515625 0.206055 0.023438 0.048828
0 0.138672 0.215820 0.035156 0.056641
0 0.690430 0.322266 0.052734 0.085938
0 0.144531 0.325195 0.039062 0.033203
0 0.620117 0.374023 0.052734 0.076172
0 0.103516 0.362305 0.039062 0.037109
0 0.512695 0.401367 0.037109 0.064453
0 0.223633 0.453125 0.044922 0.066406
0 0.077148 0.472656 0.025391 0.066406
0 0.063477 0.574219 0.052734 0.089844
0 0.454102 0.581055 0.033203 0.048828
0 0.779297 0.580078 0.050781 0.027344
0 0.907227 0.636719 0.052734 0.101562
0 0.705078 0.647461 0.035156 0.087891
0 0.155273 0.659180 0.056641 0.060547
0 0.235352 0.687500 0.021484 0.046875
0 0.871094 0.774414 0.054688 0.056641
