0 0.698942 0.542692 0.022783 0.043415
0 0.316406 0.029297 0.046875 0.058594
0 0.536133 0.077148 0.048828 0.037109
0 0.397461 0.177734 0.060547 0.031250
0 0.264648 0.201172 0.033203 0.031250
0 0.216797 0.292969 0.050781 0.035156
0 0.906250 0.393555 0.054688 0.048828
0 0.391602 0.408203 0.021484 0.054688
0 0.766602 0.407227 0.029297 0.056641
0 0.610352 0.481445 0.025391 0.044922
0 0.153320 0.500977 0.044922 0.056641
0 0.261719 0.529297 0.042969 0.062500
0 0.764648 0.528320 0.017578 0.064453
0 0.950195 0.540039 0.033203 0.037109
0 0.046875 0.685547 0.031250 0.062500
0 0.796875 0.670898 0.031250 0.033203
0 0.252930 0.711914 0.044922 0.044922
0 0.716797 0.754883 0.042969 0.041016
0 0.641602 0.858398 0.025391 0.080078
0 0.264648 0.902344 0.029297 0.046875
0 0.579102 0.970956 0.021484 0.055193
