0 0.371033 0.473951 0.026037 0.041968
0 0.642578 0.073242 0.035156 0.041016
0 0.754883 0.074219 0.060547 0.035156
0 0.799805 0.147461 0.033203 0.041016
0 0.407227 0.166016 0.044922 0.050781
0 0.078125 0.247070 0.027344 0.072266
0 0.450195 0.253906 0.021484 0.058594
0 0.974203 0.234375 0.049968 0.023438
0 0.858398 0.301758 0.029297 0.041016
0 0.578125 0.363281 0.027344 0.039062
0 0.402344 0.403320 0.054688 0.064453
0 0.981038 0.548828 0.036296 0.031250
0 0.469727 0.558594 0.041016 0.042969
0 0.886719 0.578125 0.046875 0.035156
0 0.367188 0.666992 0.046875 0.037109
0 0.520508 0.942383 0.037109 0.041016
