0 0.414972 0.688857 0.016273 0.037627
0 0.200195 0.051758 0.029297 0.044922
0 0.925781 0.075195 0.039062 0.037109
0 0.076172 0.111328 0.027344 0.050781
0 0.203125 0.169922 0.035156 0.027344
0 0.016602 0.232422 0.033203 0.035156
0 0.282227 0.370117 0.052734 0.072266
0 0.419922 0.370117 0.019531 0.048828
0 0.874023 0.395508 0.056641 0.072266
0 0.608398 0.408203 0.025391 0.046875
0 0.614258 0.500000 0.025391 0.046875
0 0.015625 0.766602 0.031250 0.033203
0 0.360352 0.793945 0.021484 0.044922
0 0.908203 0.829102 0.050781 0.021484
0 0.421875 0.908203 0.023438 0.050781
0 0.485352 0.936523 0.029297 0.048828
0 0.545898 0.969003 0.017578 0.059100
