0 0.381204 0.285094 0.031733 0.049204
0 0.302734 0.029297 0.035156 0.058594
0 0.426758 0.041016 0.037109 0.039062
0 0.045898 0.097656 0.025391 0.058594
0 0.232422 0.181641 0.027344 0.046875
0 0.911133 0.333008 0.048828 0.087891
0 0.356445 0.376953 0.037109 0.058594
0 0.800781 0.377930 0.035156 0.060547
0 0.110352 0.408203 0.029297 0.054688
0 0.092773 0.545898 0.060547 0.095703
0 0.708984 0.536133 0.031250 0.048828
0 0.622070 0.578125 0.052734 0.093750
0 0.505859 0.599609 0.042969 0.066406
0 0.171875 0.609375 0.027344 0.039062
0 0.765625 0.662109 0.031250 0.054688
0 0.725586 0.741211 0.041016 0.052734
0 0.453125 0.797852 0.027344 0.091797
0 0.636719 0.781250 0.023438 0.046875
0 0.793945 0.798828 0.033203 0.082031
0 0.713867 0.868164 0.041016 0.087891
0 0.138672 0.865234 0.031250 0.035156
0 0.935547 0.878906 0.050781 0.054688
0 0.889648 0.979745 0.037109 0.037615
