0 0.458503 0.591896 0.036615 0.083936
0 0.885742 0.088867 0.041016 0.064453
0 0.735352 0.135742 0.033203 0.044922
0 0.545898 0.166016 0.029297 0.082031
0 0.675781 0.286133 0.039062 0.072266
0 0.577148 0.312500 0.037109 0.070312
0 0.732422 0.311523 0.027344 0.056641
0 0.828125 0.358398 0.082031 0.087891
0 0.125977 0.499023 0.056641 0.060547
0 0.375977 0.530273 0.052734 0.068359
0 0.252930 0.551758 0.048828 0.068359
0 0.706055 0.595703 0.025391 0.046875
0 0.265625 0.683594 0.019531 0.082031
0 0.889648 0.818359 0.033203 0.058594
0 0.133789 0.819336 0.033203 0.037109
0 0.613281 0.839844 0.031250 0.058594
0 0.291992 0.874023 0.033203 0.119141
0 0.725586 0.864258 0.044922 0.041016
0 0.669922 0.905273 0.023438 0.052734
0 0.735352 0.929688 0.021484 0.062500
0 0.513672 0.932617 0.019531 0.048828
0 0.610352 0.959237 0.025391 0.078631
0 0.150391 0.969980 0.050781 0.057147
0 0.400391 0.971933 0.046875 0.053240
