0 0.439788 0.564399 0.044752 0.075253
0 0.279297 0.021484 0.054688 0.042969
0 0.672852 0.043945 0.041016 0.041016
0 0.594727 0.202148 0.052734 0.103516
0 0.840820 0.191406 0.048828 0.046875
0 0.953125 0.230469 0.031250 0.050781
0 0.739258 0.430664 0.095703 0.107422
0 0.219727 0.590820 0.056641 0.056641
0 0.560547 0.613281 0.054688 0.093750
0 0.250977 0.667969 0.052734 0.035156
0 0.638672 0.830078 0.042969 0.125000
0 0.326172 0.896484 0.019531 0.089844
0 0.847656 0.962167 0.046875 0.072772
0 0.106445 0.970956 0.080078 0.055193
0 0.643555 0.979745 0.033203 0.037615
