0 0.386900 0.730101 0.038242 0.073806
0 0.672852 0.215820 0.025391 0.044922
0 0.827148 0.321289 0.033203 0.107422
0 0.455078 0.297852 0.046875 0.041016
0 0.065430 0.375000 0.056641 0.136719
0 0.580078 0.339844 0.019531 0.046875
0 0.236328 0.417969 0.031250 0.035156
0 0.684570 0.449219 0.048828 0.066406
0 0.372070 0.484375 0.052734 0.042969
0 0.833008 0.548828 0.083984 0.156250
0 0.161133 0.530273 0.052734 0.068359
0 0.363281 0.603516 0.035156 0.046875
0 0.166992 0.787109 0.091797 0.046875
0 0.986898 0.819336 0.024577 0.064453
0 0.157227 0.889648 0.060547 0.048828
0 0.284180 0.898438 0.060547 0.070312
