0 0.592758 0.243849 0.025224 0.036179
0 0.581055 0.017578 0.029297 0.035156
0 0.295898 0.098633 0.025391 0.041016
0 0.433594 0.141602 0.046875 0.021484
0 0.924805 0.207031 0.029297 0.035156
0 0.576172 0.347656 0.027344 0.062500
0 0.107422 0.356445 0.035156 0.033203
0 0.205078 0.381836 0.023438 0.068359
0 0.798828 0.387695 0.027344 0.041016
0 0.575195 0.421875 0.025391 0.046875
0 0.187500 0.578125 0.050781 0.023438
0 0.583008 0.641602 0.033203 0.033203
0 0.828125 0.714844 0.027344 0.078125
0 0.549805 0.700195 0.037109 0.033203
0 0.596680 0.734375 0.041016 0.054688
0 0.276367 0.793945 0.044922 0.025391
