0 0.316111 0.688133 0.039870 0.076700
0 0.607422 0.102539 0.035156 0.080078
0 0.455078 0.078125 0.082031 0.023438
0 0.078125 0.147461 0.027344 0.083984
0 0.197266 0.151367 0.035156 0.076172
0 0.310547 0.159180 0.046875 0.044922
0 0.335938 0.253906 0.046875 0.050781
0 0.043945 0.264648 0.037109 0.033203
0 0.170898 0.328125 0.037109 0.039062
0 0.440430 0.343750 0.048828 0.054688
0 0.324219 0.352539 0.039062 0.064453
0 0.204102 0.392578 0.033203 0.035156
0 0.563477 0.404297 0.044922 0.050781
0 0.269531 0.442383 0.046875 0.056641
0 0.920898 0.467773 0.029297 0.056641
0 0.135742 0.542969 0.037109 0.031250
0 0.065430 0.572266 0.052734 0.042969
0 0.160156 0.666992 0.058594 0.080078
0 0.015625 0.707031 0.031250 0.035156
0 0.264648 0.742188 0.025391 0.058594
0 0.888672 0.735352 0.039062 0.033203
0 0.636719 0.815430 0.031250 0.052734
0 0.261719 0.855469 0.031250 0.054688
0 0.516602 0.925781 0.029297 0.097656
0 0.250000 0.932617 0.046875 0.060547
