0 0.524003 0.490593 0.050448 0.095514
0 0.296875 0.032227 0.019531 0.064453
0 0.868164 0.044922 0.044922 0.035156
0 0.545898 0.064453 0.033203 0.066406
0 0.388672 0.061523 0.027344 0.052734
0 0.631836 0.091797 0.052734 0.109375
0 0.455078 0.104492 0.035156 0.048828
0 0.531250 0.138672 0.050781 0.027344
0 0.988851 0.188477 0.020671 0.052734
0 0.233398 0.213867 0.037109 0.060547
0 0.766602 0.315430 0.021484 0.052734
0 0.106445 0.410156 0.044922 0.058594
0 0.875000 0.494141 0.050781 0.054688
0 0.405273 0.494141 0.048828 0.050781
0 0.954102 0.501953 0.017578 0.046875
0 0.029297 0.598633 0.058594 0.052734
0 0.233398 0.646484 0.037109 0.089844
0 0.139648 0.718750 0.033203 0.058594
0 0.246094 0.743164 0.046875 0.052734
0 0.881836 0.810547 0.044922 0.058594
0 0.095703 0.814453 0.050781 0.054688
0 0.294922 0.829102 0.035156 0.041016
0 0.193359 0.916016 0.046875 0.031250
