0 0.878763 0.450796 0.032547 0.056440
0 0.298828 0.028320 0.019531 0.056641
0 0.137695 0.069336 0.029297 0.060547
0 0.516602 0.141602 0.037109 0.041016
0 0.106445 0.250000 0.033203 0.078125
0 0.873047 0.317383 0.062500 0.083984
0 0.160156 0.360352 0.054688 0.025391
0 0.757812 0.393555 0.070312 0.072266
0 0.446289 0.417969 0.033203 0.082031
0 0.981038 0.410156 0.036296 0.054688
0 0.354492 0.430664 0.037109 0.052734
0 0.167969 0.463867 0.035156 0.056641
0 0.203125 0.515625 0.031250 0.031250
0 0.235352 0.552734 0.029297 0.035156
0 0.730469 0.573242 0.031250 0.044922
0 0.139648 0.638672 0.029297 0.035156
0 0.291992 0.741211 0.037109 0.083984
0 0.972249 0.792969 0.053874 0.027344
0 0.845703 0.835938 0.050781 0.035156
0 0.545898 0.951172 0.037109 0.042969
0 0.954102 0.979745 0.025391 0.037615
