0 0.652156 0.680897 0.057771 0.091172
0 0.453125 0.014648 0.031250 0.029297
0 0.655273 0.059570 0.048828 0.052734
0 0.842773 0.104492 0.052734 0.041016
0 0.475586 0.193359 0.048828 0.066406
0 0.705078 0.381836 0.027344 0.048828
0 0.825195 0.404297 0.025391 0.050781
0 0.130859 0.429688 0.054688 0.050781
0 0.976156 0.482422 0.046061 0.023438
0 0.058594 0.572266 0.050781 0.027344
0 0.269531 0.606445 0.035156 0.087891
0 0.541016 0.746094 0.039062 0.050781
0 0.140625 0.798828 0.039062 0.082031
0 0.900391 0.949472 0.042969 0.098162
0 0.388672 0.928711 0.027344 0.052734
0 0.640625 0.942383 0.027344 0.048828
0 0.107422 0.952148 0.042969 0.048828
0 0.458008 0.953125 0.025391 0.039062
