0 0.500407 0.458755 0.037429 0.063676
0 0.846680 0.041016 0.044922 0.082031
0 0.756836 0.051758 0.033203 0.060547
0 0.514648 0.155273 0.017578 0.056641
0 0.451172 0.174805 0.027344 0.083984
0 0.575195 0.178711 0.021484 0.064453
0 0.652344 0.166992 0.039062 0.029297
0 0.248047 0.225586 0.058594 0.064453
0 0.528320 0.229492 0.037109 0.044922
0 0.609375 0.289062 0.023438 0.074219
0 0.168945 0.388672 0.037109 0.035156
0 0.202148 0.451172 0.021484 0.078125
0 0.703125 0.465820 0.035156 0.060547
0 0.329102 0.472656 0.083984 0.054688
0 0.734375 0.573242 0.019531 0.076172
0 0.552734 0.578125 0.031250 0.078125
0 0.409180 0.621094 0.056641 0.058594
0 0.374023 0.786133 0.056641 0.052734
0 0.424805 0.849609 0.021484 0.050781
0 0.769531 0.888672 0.027344 0.042969
0 0.934570 0.930664 0.041016 0.056641
0 0.656250 0.985605 0.042969 0.025897
