0 0.578926 0.802460 0.041497 0.085384
0 0.617188 0.056641 0.039062 0.050781
0 0.462891 0.153320 0.046875 0.064453
0 0.983968 0.201172 0.030436 0.031250
0 0.563477 0.221680 0.041016 0.044922
0 0.040039 0.262695 0.041016 0.037109
0 0.871094 0.336914 0.050781 0.076172
0 0.357422 0.331055 0.042969 0.041016
0 0.515625 0.348633 0.023438 0.048828
0 0.169922 0.454102 0.031250 0.095703
0 0.017578 0.423828 0.035156 0.027344
0 0.374023 0.482422 0.052734 0.035156
0 0.795898 0.543945 0.037109 0.044922
0 0.355469 0.543945 0.035156 0.029297
0 0.390625 0.615234 0.042969 0.062500
0 0.265625 0.627930 0.031250 0.060547
0 0.081055 0.625977 0.025391 0.048828
0 0.655273 0.645508 0.041016 0.033203
0 0.673828 0.701172 0.027344 0.039062
0 0.369141 0.722656 0.050781 0.054688
0 0.418945 0.811523 0.041016 0.072266
0 0.174805 0.891602 0.033203 0.048828
0 0.796875 0.921875 0.039062 0.042969
0 0.168945 0.945312 0.033203 0.035156
0 0.368164 0.959961 0.056641 0.041016
0 0.204102 0.982675 0.029297 0.031756
