0 0.328316 0.208394 0.046379 0.081042
0 0.331055 0.029297 0.025391 0.058594
0 0.049805 0.144531 0.037109 0.058594
0 0.750000 0.156250 0.046875 0.050781
0 0.592773 0.250977 0.048828 0.052734
0 0.099609 0.329102 0.054688 0.017578
0 0.607422 0.374023 0.035156 0.068359
0 0.065430 0.469727 0.052734 0.115234
0 0.904297 0.450195 0.054688 0.048828
0 0.203125 0.487305 0.039062 0.076172
0 0.828125 0.505859 0.035156 0.062500
0 0.737305 0.812500 0.025391 0.050781
0 0.857422 0.815430 0.035156 0.060547
0 0.237305 0.835938 0.044922 0.082031
0 0.045898 0.844727 0.029297 0.052734
0 0.744141 0.890625 0.050781 0.031250
0 0.454102 0.922852 0.041016 0.041016
