0 0.360862 0.520984 0.056143 0.101302
0 0.888672 0.111328 0.035156 0.085938
0 0.652344 0.096680 0.050781 0.044922
0 0.171875 0.125977 0.027344 0.056641
0 0.485352 0.146484 0.041016 0.054688
0 0.738281 0.199219 0.035156 0.089844
0 0.400391 0.186523 0.058594 0.048828
0 0.620117 0.221680 0.048828 0.048828
0 0.832031 0.273438 0.031250 0.062500
0 0.095703 0.371094 0.050781 0.042969
0 0.955078 0.431641 0.027344 0.054688
0 0.912109 0.512695 0.042969 0.060547
0 0.862305 0.626953 0.033203 0.050781
0 0.093750 0.626953 0.042969 0.039062
0 0.656250 0.735352 0.050781 0.080078
0 0.327148 0.761719 0.025391 0.058594
0 0.828125 0.906250 0.042969 0.042969
