0 0.563466 0.645441 0.048007 0.083936
0 0.105469 0.145508 0.042969 0.048828
0 0.373047 0.155273 0.054688 0.056641
0 0.486328 0.245117 0.035156 0.076172
0 0.221680 0.247070 0.048828 0.056641
0 0.793945 0.263672 0.037109 0.039062
0 0.657227 0.308594 0.048828 0.062500
0 0.860352 0.337891 0.029297 0.066406
0 0.204102 0.340820 0.021484 0.060547
0 0.549805 0.373047 0.037109 0.070312
0 0.811523 0.420898 0.052734 0.029297
0 0.907227 0.421875 0.056641 0.031250
0 0.165039 0.466797 0.044922 0.062500
0 0.953125 0.518555 0.039062 0.052734
0 0.779297 0.574219 0.046875 0.031250
0 0.862305 0.590820 0.029297 0.048828
0 0.078125 0.672852 0.027344 0.056641
0 0.577148 0.844727 0.021484 0.056641
0 0.292969 0.921875 0.027344 0.039062
