0 0.692026 0.470333 0.023596 0.057887
0 0.108398 0.079102 0.037109 0.056641
0 0.734375 0.265625 0.035156 0.039062
0 0.293945 0.326172 0.033203 0.054688
0 0.522461 0.360352 0.037109 0.033203
0 0.822266 0.362305 0.035156 0.029297
0 0.570312 0.419922 0.039062 0.039062
0 0.386719 0.423828 0.035156 0.039062
0 0.508789 0.416016 0.064453 0.027344
0 0.955078 0.468750 0.023438 0.058594
0 0.248047 0.583984 0.046875 0.082031
0 0.048828 0.616211 0.035156 0.044922
0 0.108398 0.722656 0.033203 0.113281
0 0.449219 0.811523 0.035156 0.048828
0 0.187500 0.877930 0.046875 0.052734
0 0.452148 0.920898 0.033203 0.041016
