0 0.383645 0.212012 0.033360 0.068017
0 0.295898 0.029297 0.021484 0.058594
0 0.515625 0.033203 0.031250 0.066406
0 0.609375 0.083984 0.035156 0.042969
0 0.453125 0.182617 0.031250 0.056641
0 0.638672 0.181641 0.039062 0.058594
0 0.874023 0.227539 0.052734 0.048828
0 0.170898 0.314453 0.021484 0.046875
0 0.246094 0.405273 0.046875 0.044922
0 0.409180 0.446289 0.041016 0.037109
0 0.234375 0.498047 0.035156 0.062500
0 0.078125 0.540039 0.035156 0.052734
0 0.658203 0.583984 0.050781 0.062500
0 0.791992 0.596680 0.037109 0.060547
0 0.231445 0.671875 0.033203 0.078125
0 0.833984 0.706055 0.039062 0.041016
0 0.706055 0.706055 0.033203 0.037109
0 0.125977 0.751953 0.041016 0.042969
0 0.705078 0.813477 0.031250 0.060547
0 0.044922 0.823242 0.027344 0.041016
0 0.891602 0.881836 0.037109 0.068359
0 0.124023 0.911133 0.052734 0.060547
0 0.481445 0.940430 0.025391 0.068359
0 0.561523 0.969980 0.048828 0.057147
