0 0.337266 0.702605 0.025224 0.044863
0 0.831055 0.047852 0.037109 0.033203
0 0.238281 0.054688 0.031250 0.035156
0 0.487305 0.071289 0.037109 0.037109
0 0.467773 0.202148 0.048828 0.025391
0 0.540039 0.276367 0.033203 0.052734
0 0.578125 0.407227 0.023438 0.048828
0 0.052734 0.510742 0.042969 0.080078
0 0.564453 0.498047 0.054688 0.050781
0 0.659180 0.500000 0.041016 0.046875
0 0.525391 0.620117 0.050781 0.060547
0 0.423828 0.652344 0.031250 0.066406
0 0.607422 0.693359 0.019531 0.050781
0 0.405273 0.765625 0.048828 0.066406
0 0.047852 0.792969 0.033203 0.042969
0 0.308594 0.866211 0.046875 0.033203
0 0.082031 0.889648 0.035156 0.072266
0 0.265625 0.912109 0.023438 0.050781
0 0.340820 0.956055 0.044922 0.025391
