0 0.425142 0.748191 0.028478 0.046310
0 0.042969 0.111328 0.027344 0.035156
0 0.296875 0.225586 0.027344 0.060547
0 0.467773 0.264648 0.044922 0.076172
0 0.787109 0.293945 0.042969 0.029297
0 0.060547 0.391602 0.039062 0.029297
0 0.295898 0.387695 0.068359 0.021484
0 0.588867 0.392578 0.048828 0.031250
0 0.041992 0.454102 0.033203 0.033203
0 0.044922 0.514648 0.046875 0.029297
0 0.594727 0.605469 0.052734 0.085938
0 0.928711 0.600586 0.037109 0.056641
0 0.362305 0.619141 0.033203 0.054688
0 0.301758 0.638672 0.029297 0.042969
0 0.299805 0.735352 0.044922 0.029297
0 0.201172 0.758789 0.027344 0.056641
0 0.550781 0.773438 0.027344 0.058594
0 0.166016 0.867188 0.046875 0.046875
0 0.622070 0.914062 0.048828 0.117188
0 0.829102 0.949219 0.037109 0.035156
