0 0.566314 0.756874 0.017901 0.037627
0 0.361328 0.025391 0.019531 0.050781
0 0.498047 0.126953 0.046875 0.042969
0 0.338867 0.221680 0.048828 0.044922
0 0.047852 0.235352 0.033203 0.033203
0 0.897461 0.377930 0.029297 0.044922
0 0.385742 0.402344 0.037109 0.062500
0 0.750000 0.427734 0.039062 0.062500
0 0.943359 0.545898 0.031250 0.060547
0 0.875977 0.632812 0.044922 0.058594
0 0.225586 0.679688 0.052734 0.058594
0 0.969320 0.667969 0.059733 0.031250
0 0.455078 0.817383 0.031250 0.087891
0 0.526367 0.862305 0.048828 0.087891
0 0.704102 0.872070 0.021484 0.052734
0 0.363281 0.911133 0.031250 0.048828
0 0.109375 0.933594 0.023438 0.058594
