0 0.521155 0.773517 0.021969 0.041968
0 0.799805 0.084961 0.033203 0.076172
0 0.185547 0.171875 0.054688 0.023438
0 0.385742 0.276367 0.029297 0.056641
0 0.642578 0.277344 0.035156 0.062500
0 0.607422 0.365234 0.027344 0.046875
0 0.738281 0.394531 0.019531 0.074219
0 0.358398 0.443359 0.029297 0.054688
0 0.499023 0.448242 0.056641 0.037109
0 0.752930 0.510742 0.056641 0.044922
0 0.693359 0.550781 0.046875 0.023438
0 0.610352 0.602539 0.025391 0.044922
0 0.736328 0.660156 0.031250 0.062500
0 0.266602 0.745117 0.037109 0.064453
0 0.833984 0.766602 0.035156 0.037109
0 0.487305 0.849609 0.037109 0.058594
0 0.367188 0.863281 0.050781 0.058594
0 0.705078 0.891602 0.035156 0.083984
0 0.067383 0.875977 0.052734 0.048828
0 0.173828 0.934570 0.019531 0.056641
0 0.390625 0.939453 0.019531 0.050781
