0 0.466640 0.391462 0.062653 0.108538
0 0.258789 0.026367 0.029297 0.052734
0 0.360352 0.029297 0.021484 0.058594
0 0.526367 0.044922 0.048828 0.089844
0 0.781250 0.104492 0.058594 0.076172
0 0.294922 0.101562 0.035156 0.050781
0 0.078125 0.117188 0.035156 0.058594
0 0.233398 0.228516 0.041016 0.050781
0 0.387695 0.250000 0.037109 0.085938
0 0.682617 0.315430 0.044922 0.060547
0 0.860352 0.324219 0.033203 0.042969
0 0.293945 0.374023 0.033203 0.056641
0 0.830078 0.408203 0.031250 0.058594
0 0.314453 0.458984 0.054688 0.082031
0 0.718750 0.512695 0.046875 0.033203
0 0.854492 0.532227 0.033203 0.048828
0 0.316406 0.593750 0.046875 0.050781
0 0.932617 0.607422 0.044922 0.023438
0 0.768555 0.631836 0.033203 0.052734
0 0.670898 0.684570 0.033203 0.060547
0 0.563477 0.706055 0.048828 0.025391
0 0.952148 0.873047 0.029297 0.066406
