0 0.436127 0.553546 0.042311 0.073806
0 0.528320 0.015625 0.037109 0.031250
0 0.952148 0.049805 0.041016 0.041016
0 0.124023 0.048828 0.052734 0.027344
0 0.483398 0.076172 0.029297 0.050781
0 0.405273 0.186523 0.041016 0.072266
0 0.281250 0.423828 0.058594 0.031250
0 0.129883 0.447266 0.052734 0.042969
0 0.596680 0.449219 0.103516 0.027344
0 0.863281 0.480469 0.035156 0.039062
0 0.791016 0.538086 0.023438 0.087891
0 0.640625 0.583008 0.019531 0.080078
0 0.301758 0.647461 0.025391 0.048828
0 0.601562 0.743164 0.058594 0.060547
0 0.951172 0.847656 0.027344 0.054688
0 0.764648 0.874023 0.037109 0.080078
0 0.865234 0.877930 0.035156 0.037109
0 0.208984 0.909180 0.078125 0.044922
0 0.521484 0.920898 0.031250 0.052734
0 0.401367 0.955078 0.037109 0.042969
0 0.886719 0.971933 0.023438 0.053240
