0 0.462978 0.678726 0.047193 0.083936
0 0.522461 0.057617 0.041016 0.060547
0 0.386719 0.251953 0.027344 0.046875
0 0.857422 0.241211 0.046875 0.029297
0 0.213867 0.355469 0.048828 0.039062
0 0.749023 0.355469 0.044922 0.023438
0 0.686523 0.404297 0.052734 0.054688
0 0.263672 0.440430 0.031250 0.060547
0 0.331055 0.454102 0.037109 0.052734
0 0.079102 0.451172 0.033203 0.035156
0 0.560547 0.504883 0.054688 0.064453
0 0.987874 0.500977 0.022624 0.044922
0 0.237305 0.607422 0.044922 0.039062
0 0.811523 0.628906 0.041016 0.042969
0 0.234375 0.730469 0.023438 0.074219
0 0.731445 0.722656 0.029297 0.050781
0 0.545898 0.768555 0.017578 0.068359
0 0.109375 0.778320 0.035156 0.060547
0 0.615234 0.842773 0.035156 0.048828
0 0.454102 0.845703 0.021484 0.050781
0 0.231445 0.872070 0.033203 0.064453
0 0.748047 0.891602 0.046875 0.025391
0 0.456055 0.952148 0.033203 0.037109
