0 0.286005 0.518813 0.043124 0.065123
0 0.859375 0.218750 0.039062 0.070312
0 0.136719 0.291016 0.042969 0.058594
0 0.826172 0.367188 0.035156 0.050781
0 0.376953 0.403320 0.046875 0.048828
0 0.261719 0.409180 0.035156 0.052734
0 0.794922 0.419922 0.035156 0.035156
0 0.829102 0.533203 0.021484 0.062500
0 0.205078 0.608398 0.035156 0.037109
0 0.044922 0.713867 0.023438 0.052734
0 0.516602 0.748047 0.029297 0.054688
0 0.590820 0.732422 0.064453 0.027344
0 0.129883 0.733398 0.056641 0.021484
0 0.483398 0.847656 0.025391 0.058594
0 0.230469 0.869141 0.019531 0.054688
0 0.842773 0.909180 0.041016 0.056641
0 0.955078 0.955078 0.027344 0.046875
0 0.251953 0.969003 0.046875 0.059100
