0 0.479251 0.482634 0.052075 0.091172
0 0.734375 0.128906 0.023438 0.070312
0 0.624023 0.128906 0.052734 0.046875
0 0.849609 0.156250 0.042969 0.062500
0 0.061523 0.156250 0.048828 0.050781
0 0.647461 0.285156 0.052734 0.105469
0 0.918945 0.370117 0.025391 0.048828
0 0.615234 0.399414 0.027344 0.064453
0 0.293945 0.515625 0.025391 0.058594
0 0.655273 0.529297 0.048828 0.062500
0 0.184570 0.610352 0.048828 0.080078
0 0.518555 0.601562 0.029297 0.050781
0 0.887695 0.627930 0.017578 0.052734
0 0.435547 0.638672 0.042969 0.027344
0 0.911133 0.860352 0.052734 0.029297
0 0.607422 0.896484 0.023438 0.046875
