0 0.554516 0.661360 0.023596 0.040521
0 0.612305 0.042969 0.044922 0.046875
0 0.510742 0.050781 0.041016 0.042969
0 0.827148 0.060547 0.025391 0.054688
0 0.517578 0.106445 0.039062 0.048828
0 0.651367 0.154297 0.064453 0.074219
0 0.171875 0.201172 0.035156 0.039062
0 0.545898 0.233398 0.037109 0.048828
0 0.767578 0.306641 0.031250 0.070312
0 0.114258 0.348633 0.041016 0.056641
0 0.576172 0.456055 0.035156 0.048828
0 0.014648 0.516602 0.029297 0.029297
0 0.559570 0.533203 0.056641 0.066406
0 0.794922 0.548828 0.035156 0.042969
0 0.095703 0.583984 0.042969 0.046875
0 0.920898 0.606445 0.041016 0.052734
0 0.676758 0.625977 0.037109 0.068359
0 0.279297 0.636719 0.046875 0.082031
0 0.289062 0.748047 0.039062 0.046875
0 0.224609 0.888672 0.054688 0.050781
0 0.047852 0.936523 0.029297 0.064453
0 0.547852 0.938477 0.033203 0.060547
0 0.655273 0.938477 0.041016 0.041016
