0 0.538649 0.481910 0.034174 0.057887
0 0.079102 0.070312 0.025391 0.058594
0 0.625977 0.125000 0.044922 0.050781
0 0.734375 0.205078 0.035156 0.035156
0 0.606445 0.242188 0.041016 0.058594
0 0.119141 0.380859 0.046875 0.078125
0 0.887695 0.397461 0.041016 0.083984
0 0.783203 0.413086 0.058594 0.068359
0 0.701172 0.448242 0.019531 0.060547
0 0.454102 0.462891 0.029297 0.039062
0 0.703125 0.565430 0.031250 0.056641
0 0.387695 0.581055 0.025391 0.041016
0 0.546875 0.625000 0.035156 0.066406
0 0.724609 0.630859 0.046875 0.046875
0 0.940430 0.634766 0.044922 0.042969
0 0.390625 0.671875 0.023438 0.109375
0 0.637695 0.706055 0.037109 0.037109
0 0.738281 0.724609 0.027344 0.050781
0 0.324219 0.805664 0.031250 0.056641
0 0.816406 0.937500 0.054688 0.062500
0 0.295898 0.942383 0.017578 0.060547
