0 0.486168 0.687410 0.025224 0.040521
0 0.413086 0.046875 0.048828 0.023438
0 0.392578 0.127930 0.027344 0.056641
0 0.050781 0.132812 0.031250 0.042969
0 0.720703 0.145508 0.054688 0.037109
0 0.046875 0.231445 0.035156 0.033203
0 0.494141 0.365234 0.066406 0.031250
0 0.894531 0.424805 0.039062 0.048828
0 0.734375 0.442383 0.085938 0.044922
0 0.826172 0.448242 0.031250 0.052734
0 0.139648 0.451172 0.037109 0.046875
0 0.500977 0.507812 0.115234 0.066406
0 0.139648 0.580078 0.048828 0.039062
0 0.234375 0.579102 0.035156 0.037109
0 0.596680 0.578125 0.072266 0.027344
0 0.701172 0.642578 0.027344 0.074219
0 0.594727 0.680664 0.068359 0.056641
0 0.340820 0.771484 0.056641 0.070312
0 0.639648 0.780273 0.025391 0.056641
0 0.419922 0.819336 0.019531 0.048828
0 0.215820 0.849609 0.052734 0.058594
0 0.419922 0.937500 0.144531 0.058594
0 0.640625 0.945312 0.031250 0.054688
