0 0.458910 0.354559 0.045566 0.089725
0 0.787109 0.041992 0.042969 0.048828
0 0.549805 0.099609 0.017578 0.058594
0 0.717773 0.131836 0.052734 0.060547
0 0.639648 0.263672 0.029297 0.085938
0 0.651367 0.341797 0.056641 0.050781
0 0.453125 0.609375 0.027344 0.035156
0 0.818359 0.655273 0.050781 0.060547
0 0.214844 0.681641 0.050781 0.097656
0 0.909180 0.670898 0.044922 0.025391
0 0.628906 0.769531 0.046875 0.039062
0 0.888672 0.802734 0.035156 0.050781
0 0.208984 0.874023 0.035156 0.056641
0 0.707031 0.906250 0.031250 0.062500
0 0.895508 0.923828 0.025391 0.054688
