0 0.433686 0.231548 0.037429 0.057887
0 0.217773 0.014648 0.044922 0.029297
0 0.891602 0.054688 0.029297 0.078125
0 0.422852 0.125977 0.025391 0.056641
0 0.902344 0.299805 0.054688 0.072266
0 0.128906 0.372070 0.046875 0.048828
0 0.717773 0.409180 0.052734 0.056641
0 0.389648 0.412109 0.033203 0.054688
0 0.499023 0.482422 0.048828 0.082031
0 0.064453 0.484375 0.046875 0.035156
0 0.388672 0.565430 0.027344 0.072266
0 0.077148 0.612305 0.033203 0.083984
0 0.498047 0.634766 0.050781 0.046875
0 0.763672 0.677734 0.031250 0.074219
0 0.359375 0.734375 0.031250 0.035156
0 0.575195 0.752930 0.037109 0.060547
0 0.859375 0.839844 0.027344 0.062500
0 0.648438 0.908203 0.054688 0.054688
0 0.235352 0.932617 0.025391 0.068359
0 0.827148 0.948242 0.033203 0.056641
