0 0.457282 0.688857 0.035801 0.069465
0 0.580078 0.030273 0.023438 0.060547
0 0.706055 0.078125 0.033203 0.031250
0 0.641602 0.111328 0.033203 0.031250
0 0.955078 0.259766 0.039062 0.046875
0 0.674805 0.358398 0.029297 0.037109
0 0.146484 0.374023 0.027344 0.044922
0 0.326172 0.414062 0.031250 0.046875
0 0.449219 0.458008 0.039062 0.087891
0 0.261719 0.534180 0.031250 0.052734
0 0.829102 0.537109 0.033203 0.050781
0 0.708984 0.563477 0.042969 0.083984
0 0.129883 0.686523 0.052734 0.076172
0 0.643555 0.764648 0.091797 0.083984
0 0.765625 0.782227 0.019531 0.056641
0 0.297852 0.802734 0.033203 0.050781
0 0.452148 0.862305 0.033203 0.037109
0 0.293945 0.922852 0.025391 0.052734
0 0.762695 0.934570 0.025391 0.056641
0 0.136719 0.956055 0.042969 0.025391
0 0.419922 0.957031 0.039062 0.031250
