0 0.502441 0.709117 0.026851 0.046310
0 0.205078 0.046875 0.035156 0.031250
0 0.328125 0.064453 0.019531 0.046875
0 0.572266 0.117188 0.035156 0.078125
0 0.291016 0.151367 0.031250 0.044922
0 0.440430 0.232422 0.052734 0.023438
0 0.157227 0.250977 0.041016 0.052734
0 0.096680 0.263672 0.044922 0.023438
0 0.201172 0.361328 0.035156 0.035156
0 0.344727 0.378906 0.041016 0.050781
0 0.048828 0.398438 0.039062 0.050781
0 0.294922 0.418945 0.027344 0.041016
0 0.291992 0.520508 0.029297 0.048828
0 0.628906 0.513672 0.066406 0.035156
0 0.526367 0.591797 0.041016 0.062500
0 0.797852 0.677734 0.029297 0.046875
0 0.385742 0.708984 0.029297 0.093750
0 0.142578 0.734375 0.031250 0.035156
0 0.750000 0.768555 0.046875 0.021484
0 0.597656 0.846680 0.054688 0.060547
0 0.044922 0.917969 0.027344 0.058594
0 0.230469 0.970956 0.023438 0.055193
