0 0.485761 0.508683 0.039056 0.073806
0 0.451172 0.029297 0.027344 0.058594
0 0.911133 0.064453 0.052734 0.058594
0 0.268555 0.118164 0.029297 0.048828
0 0.608398 0.158203 0.033203 0.054688
0 0.533203 0.157227 0.042969 0.041016
0 0.828125 0.259766 0.027344 0.078125
0 0.250000 0.253906 0.058594 0.058594
0 0.588867 0.364258 0.044922 0.115234
0 0.951172 0.370117 0.023438 0.048828
0 0.515625 0.408203 0.039062 0.058594
0 0.770508 0.410156 0.048828 0.062500
0 0.409180 0.514648 0.048828 0.072266
0 0.445312 0.756836 0.042969 0.087891
0 0.172852 0.776367 0.025391 0.052734
0 0.789062 0.878906 0.046875 0.062500
0 0.515625 0.902344 0.031250 0.066406
0 0.359375 0.897461 0.027344 0.044922
