0 0.401139 0.714906 0.045566 0.086831
0 0.704102 0.118164 0.029297 0.048828
0 0.564453 0.190430 0.046875 0.056641
0 0.951172 0.278320 0.023438 0.048828
0 0.642578 0.369141 0.031250 0.054688
0 0.281250 0.407227 0.054688 0.056641
0 0.455078 0.456055 0.031250 0.048828
0 0.834961 0.450195 0.044922 0.033203
0 0.205078 0.465820 0.027344 0.052734
0 0.922852 0.531250 0.025391 0.058594
0 0.104492 0.615234 0.029297 0.054688
0 0.830078 0.622070 0.031250 0.048828
0 0.897461 0.685547 0.029297 0.046875
0 0.671875 0.740234 0.019531 0.054688
0 0.207031 0.767578 0.027344 0.074219
0 0.750000 0.783203 0.042969 0.054688
0 0.466797 0.827148 0.046875 0.083984
0 0.592773 0.851562 0.048828 0.062500
0 0.255859 0.874023 0.046875 0.072266
0 0.720703 0.956055 0.050781 0.025391
