0 0.397071 0.782923 0.063466 0.109986
0 0.657227 0.060547 0.052734 0.050781
0 0.579102 0.068359 0.021484 0.050781
0 0.296875 0.080078 0.035156 0.050781
0 0.254883 0.266602 0.052734 0.041016
0 0.406250 0.282227 0.050781 0.072266
0 0.638672 0.314453 0.031250 0.046875
0 0.578125 0.360352 0.031250 0.037109
0 0.498047 0.363281 0.050781 0.027344
0 0.226562 0.595703 0.042969 0.070312
0 0.047852 0.589844 0.033203 0.046875
0 0.041016 0.698242 0.031250 0.056641
0 0.168945 0.730469 0.037109 0.070312
0 0.299805 0.845703 0.029297 0.066406
0 0.807617 0.884766 0.048828 0.031250
0 0.887695 0.938477 0.037109 0.076172
0 0.260742 0.952148 0.037109 0.037109
0 0.055664 0.954102 0.048828 0.025391
0 0.531250 0.972909 0.062500 0.051287
