0 0.478031 0.463097 0.026851 0.057887
0 0.889648 0.099609 0.017578 0.050781
0 0.515625 0.218750 0.035156 0.062500
0 0.761719 0.219727 0.035156 0.060547
0 0.378906 0.206055 0.054688 0.029297
0 0.046875 0.447266 0.027344 0.039062
0 0.628906 0.525391 0.054688 0.058594
0 0.614258 0.609375 0.064453 0.015625
0 0.500977 0.633789 0.044922 0.029297
0 0.671875 0.664062 0.019531 0.050781
0 0.379883 0.681641 0.044922 0.042969
0 0.954102 0.860352 0.029297 0.037109
0 0.764648 0.886719 0.021484 0.085938
0 0.245117 0.871094 0.064453 0.039062
