0 0.555736 0.392185 0.042311 0.057887
0 0.455078 0.041992 0.089844 0.083984
0 0.673828 0.071289 0.027344 0.041016
0 0.826172 0.125977 0.031250 0.056641
0 0.408203 0.168945 0.042969 0.044922
0 0.969320 0.170898 0.059733 0.037109
0 0.521484 0.170898 0.054688 0.029297
0 0.171875 0.217773 0.027344 0.048828
0 0.542969 0.252930 0.042969 0.060547
0 0.205078 0.280273 0.031250 0.060547
0 0.451172 0.291016 0.027344 0.042969
0 0.250977 0.351562 0.052734 0.050781
0 0.843750 0.382812 0.054688 0.082031
0 0.250000 0.435547 0.050781 0.062500
0 0.482422 0.471680 0.023438 0.044922
0 0.063477 0.551758 0.052734 0.080078
0 0.186523 0.735352 0.060547 0.080078
0 0.608398 0.772461 0.029297 0.060547
0 0.302734 0.789062 0.042969 0.062500
0 0.045898 0.858398 0.033203 0.091797
0 0.185547 0.881836 0.054688 0.095703
