0 0.725386 0.575253 0.026851 0.044863
0 0.126953 0.047852 0.050781 0.021484
0 0.783203 0.110352 0.050781 0.095703
0 0.422852 0.161133 0.033203 0.103516
0 0.974203 0.140625 0.049968 0.019531
0 0.046875 0.276367 0.027344 0.056641
0 0.800781 0.281250 0.031250 0.058594
0 0.331055 0.359375 0.033203 0.031250
0 0.814453 0.456055 0.054688 0.080078
0 0.326172 0.484375 0.019531 0.070312
0 0.228516 0.483398 0.023438 0.044922
0 0.608398 0.531250 0.021484 0.062500
0 0.359375 0.622070 0.031250 0.060547
0 0.481445 0.793945 0.021484 0.083984
0 0.223633 0.890625 0.041016 0.031250
0 0.523438 0.944336 0.039062 0.052734
0 0.314453 0.971933 0.050781 0.053240
