0 0.427177 0.623734 0.034174 0.049204
0 0.032227 0.082031 0.064453 0.039062
0 0.154297 0.204102 0.046875 0.068359
0 0.875000 0.340820 0.050781 0.060547
0 0.274414 0.376953 0.048828 0.070312
0 0.659180 0.454102 0.048828 0.033203
0 0.389648 0.482422 0.037109 0.082031
0 0.094727 0.492188 0.056641 0.046875
0 0.172852 0.505859 0.025391 0.046875
0 0.362305 0.541992 0.033203 0.037109
0 0.907227 0.589844 0.056641 0.054688
0 0.587891 0.629883 0.058594 0.091797
0 0.269531 0.710938 0.039062 0.058594
0 0.061523 0.730469 0.052734 0.089844
0 0.337891 0.778320 0.042969 0.064453
0 0.170898 0.789062 0.025391 0.066406
0 0.593750 0.797852 0.042969 0.072266
0 0.826172 0.846680 0.035156 0.072266
0 0.721680 0.931641 0.052734 0.066406
