0 0.475590 0.401592 0.021969 0.033285
0 0.265625 0.023438 0.023438 0.046875
0 0.375977 0.030273 0.048828 0.060547
0 0.424805 0.124023 0.041016 0.072266
0 0.048828 0.153320 0.035156 0.060547
0 0.333984 0.142578 0.039062 0.031250
0 0.859375 0.170898 0.039062 0.048828
0 0.258789 0.206055 0.048828 0.033203
0 0.454102 0.219727 0.025391 0.056641
0 0.485352 0.289062 0.033203 0.046875
0 0.011719 0.299805 0.023438 0.048828
0 0.763672 0.329102 0.042969 0.021484
0 0.950195 0.392578 0.037109 0.058594
0 0.700195 0.416016 0.021484 0.046875
0 0.156250 0.435547 0.050781 0.062500
0 0.511719 0.500977 0.031250 0.056641
0 0.338867 0.512695 0.056641 0.025391
0 0.735352 0.546875 0.060547 0.031250
0 0.628906 0.575195 0.046875 0.025391
0 0.883789 0.611328 0.029297 0.050781
0 0.273438 0.645508 0.058594 0.056641
0 0.921875 0.666992 0.031250 0.052734
0 0.139648 0.672852 0.029297 0.041016
0 0.468750 0.670898 0.054688 0.029297
0 0.545898 0.704102 0.033203 0.029297
0 0.639648 0.788086 0.021484 0.048828
