0 0.484540 0.753980 0.018714 0.037627
0 0.610352 0.080078 0.037109 0.039062
0 0.283203 0.147461 0.050781 0.076172
0 0.608398 0.165039 0.033203 0.064453
0 0.736328 0.183594 0.019531 0.062500
0 0.405273 0.274414 0.056641 0.060547
0 0.582031 0.289062 0.035156 0.050781
0 0.513672 0.360352 0.035156 0.037109
0 0.734375 0.362305 0.039062 0.044922
0 0.268555 0.518555 0.033203 0.033203
0 0.765625 0.545898 0.046875 0.041016
0 0.220703 0.581055 0.058594 0.033203
0 0.410156 0.608398 0.058594 0.033203
0 0.558594 0.713867 0.050781 0.056641
0 0.164062 0.764648 0.042969 0.029297
0 0.404297 0.815430 0.039062 0.041016
0 0.510742 0.857422 0.052734 0.039062
0 0.343750 0.898438 0.054688 0.070312
0 0.118164 0.920898 0.041016 0.025391
