0 0.458503 0.465268 0.041497 0.094067
0 0.639648 0.031250 0.025391 0.062500
0 0.828125 0.040039 0.039062 0.033203
0 0.468750 0.119141 0.058594 0.074219
0 0.844727 0.153320 0.056641 0.060547
0 0.389648 0.347656 0.025391 0.042969
0 0.387695 0.442383 0.029297 0.060547
0 0.649414 0.441406 0.044922 0.046875
0 0.918945 0.455078 0.025391 0.039062
0 0.126953 0.519531 0.050781 0.070312
0 0.238281 0.555664 0.027344 0.048828
0 0.558594 0.636719 0.046875 0.035156
0 0.657227 0.689453 0.052734 0.105469
0 0.833984 0.706055 0.042969 0.029297
0 0.014648 0.754883 0.029297 0.044922
0 0.213867 0.766602 0.044922 0.033203
0 0.795898 0.799805 0.029297 0.083984
0 0.161133 0.938477 0.048828 0.048828
0 0.657227 0.949219 0.052734 0.046875
