0 0.471928 0.730101 0.035801 0.056440
0 0.891602 0.036133 0.021484 0.072266
0 0.502930 0.059570 0.048828 0.060547
0 0.174805 0.091797 0.033203 0.058594
0 0.756836 0.175781 0.052734 0.035156
0 0.828125 0.257812 0.019531 0.054688
0 0.265625 0.263672 0.035156 0.031250
0 0.171875 0.281250 0.035156 0.062500
0 0.282227 0.356445 0.052734 0.037109
0 0.829102 0.380859 0.037109 0.054688
0 0.338867 0.439453 0.041016 0.050781
0 0.660156 0.483398 0.050781 0.029297
0 0.613281 0.666016 0.042969 0.062500
0 0.706055 0.674805 0.033203 0.041016
0 0.125977 0.683594 0.041016 0.042969
0 0.671875 0.757812 0.031250 0.050781
0 0.792969 0.762695 0.035156 0.037109
0 0.690430 0.865234 0.048828 0.042969
0 0.266602 0.877930 0.029297 0.060547
0 0.105469 0.922852 0.027344 0.044922
0 0.361328 0.938477 0.023438 0.052734
