0 0.454841 0.411722 0.056957 0.102750
0 0.580078 0.069336 0.031250 0.087891
0 0.923828 0.073242 0.035156 0.044922
0 0.754883 0.108398 0.048828 0.048828
0 0.517578 0.123047 0.035156 0.062500
0 0.416992 0.204102 0.037109 0.091797
0 0.486328 0.205078 0.035156 0.058594
0 0.047852 0.226562 0.041016 0.058594
0 0.733398 0.421875 0.041016 0.039062
0 0.194336 0.454102 0.048828 0.025391
0 0.170898 0.521484 0.037109 0.042969
0 0.515625 0.534180 0.031250 0.060547
0 0.778320 0.537109 0.064453 0.062500
0 0.017578 0.692383 0.035156 0.044922
0 0.703125 0.718750 0.035156 0.082031
0 0.636719 0.725586 0.039062 0.060547
0 0.473633 0.783203 0.052734 0.062500
0 0.170898 0.811523 0.037109 0.068359
0 0.950195 0.841797 0.029297 0.058594
0 0.811523 0.940430 0.052734 0.068359
