0 0.455248 0.753256 0.026851 0.047757
0 0.641602 0.070312 0.029297 0.050781
0 0.454102 0.073242 0.029297 0.041016
0 0.171875 0.077148 0.035156 0.041016
0 0.594727 0.183594 0.052734 0.058594
0 0.361328 0.199219 0.031250 0.058594
0 0.511719 0.279297 0.027344 0.062500
0 0.581055 0.316406 0.029297 0.054688
0 0.797852 0.336914 0.021484 0.064453
0 0.360352 0.349609 0.033203 0.054688
0 0.265625 0.410156 0.031250 0.054688
0 0.515625 0.422852 0.019531 0.064453
0 0.141602 0.517578 0.025391 0.093750
0 0.214844 0.495117 0.050781 0.048828
0 0.608398 0.535156 0.025391 0.046875
0 0.422852 0.590820 0.029297 0.060547
0 0.235352 0.625977 0.029297 0.115234
0 0.333008 0.630859 0.033203 0.046875
0 0.326172 0.709961 0.031250 0.041016
0 0.576172 0.744141 0.027344 0.046875
0 0.766602 0.784180 0.017578 0.056641
0 0.632812 0.794922 0.039062 0.046875
0 0.918945 0.845703 0.029297 0.062500
0 0.171875 0.851562 0.035156 0.070312
