0 0.407648 0.648336 0.042311 0.081042
0 0.436523 0.091797 0.044922 0.054688
0 0.359375 0.180664 0.031250 0.091797
0 0.513672 0.237305 0.035156 0.033203
0 0.105469 0.256836 0.031250 0.064453
0 0.764648 0.292969 0.021484 0.074219
0 0.630859 0.360352 0.046875 0.076172
0 0.291016 0.354492 0.058594 0.021484
0 0.700195 0.496094 0.037109 0.062500
0 0.607422 0.554688 0.023438 0.054688
0 0.515625 0.584961 0.023438 0.052734
0 0.763672 0.791016 0.031250 0.085938
0 0.280273 0.874023 0.044922 0.056641
0 0.738281 0.875977 0.031250 0.056641
0 0.823242 0.883789 0.033203 0.052734
0 0.141602 0.914062 0.025391 0.085938
0 0.409180 0.916992 0.044922 0.080078
0 0.509766 0.938477 0.078125 0.052734
0 0.850586 0.954102 0.044922 0.033203
