0 0.485354 0.707670 0.020342 0.046310
0 0.605469 0.084961 0.039062 0.115234
0 0.293945 0.083008 0.048828 0.041016
0 0.734375 0.129883 0.023438 0.060547
0 0.916016 0.142578 0.035156 0.050781
0 0.407227 0.230469 0.056641 0.062500
0 0.580078 0.225586 0.019531 0.048828
0 0.482422 0.246094 0.023438 0.050781
0 0.734375 0.315430 0.023438 0.048828
0 0.753906 0.458984 0.042969 0.085938
0 0.214844 0.515625 0.046875 0.023438
0 0.432617 0.546875 0.072266 0.023438
0 0.861328 0.626953 0.019531 0.054688
0 0.550781 0.640625 0.023438 0.074219
0 0.157227 0.702148 0.044922 0.025391
0 0.394531 0.720703 0.027344 0.054688
0 0.512695 0.800781 0.025391 0.046875
0 0.362305 0.836914 0.048828 0.056641
0 0.430664 0.916992 0.056641 0.052734
