0 0.617168 0.451520 0.067535 0.098408
0 0.112305 0.078125 0.041016 0.039062
0 0.639648 0.110352 0.017578 0.068359
0 0.815430 0.191406 0.044922 0.062500
0 0.655273 0.223633 0.052734 0.056641
0 0.891602 0.266602 0.033203 0.037109
0 0.168945 0.306641 0.037109 0.062500
0 0.761719 0.303711 0.031250 0.052734
0 0.451172 0.450195 0.035156 0.087891
0 0.613281 0.587891 0.027344 0.054688
0 0.958008 0.608398 0.021484 0.072266
0 0.274414 0.641602 0.044922 0.072266
0 0.126953 0.700195 0.050781 0.044922
0 0.831055 0.902344 0.021484 0.058594
0 0.884766 0.959237 0.027344 0.078631
