0 0.378763 0.556440 0.038242 0.068017
0 0.827148 0.083008 0.037109 0.044922
0 0.390625 0.089844 0.031250 0.050781
0 0.107422 0.085938 0.027344 0.039062
0 0.793945 0.246094 0.033203 0.054688
0 0.091797 0.327148 0.113281 0.033203
0 0.106445 0.406250 0.025391 0.054688
0 0.233398 0.462891 0.017578 0.050781
0 0.600586 0.460938 0.048828 0.027344
0 0.643555 0.619141 0.037109 0.070312
0 0.234375 0.626953 0.019531 0.046875
0 0.809570 0.703125 0.044922 0.027344
0 0.611328 0.722656 0.031250 0.058594
0 0.357422 0.770508 0.023438 0.087891
0 0.111328 0.891602 0.039062 0.033203
0 0.762695 0.922852 0.017578 0.072266
0 0.481445 0.934570 0.025391 0.048828
0 0.168945 0.939453 0.029297 0.042969
0 0.230469 0.966073 0.019531 0.064959
