0 0.452400 0.492041 0.019528 0.040521
0 0.798828 0.026367 0.023438 0.052734
0 0.689453 0.043945 0.046875 0.025391
0 0.078125 0.101562 0.031250 0.054688
0 0.740234 0.107422 0.031250 0.039062
0 0.669922 0.132812 0.027344 0.066406
0 0.278320 0.176758 0.048828 0.076172
0 0.639648 0.220703 0.021484 0.050781
0 0.720703 0.250977 0.050781 0.048828
0 0.092773 0.345703 0.048828 0.054688
0 0.204102 0.590820 0.025391 0.060547
0 0.452148 0.588867 0.021484 0.044922
0 0.888672 0.699219 0.031250 0.039062
0 0.437500 0.702148 0.042969 0.021484
0 0.652344 0.740234 0.058594 0.042969
0 0.389648 0.749023 0.037109 0.048828
0 0.110352 0.762695 0.021484 0.072266
0 0.893555 0.794922 0.033203 0.039062
0 0.239258 0.823242 0.033203 0.087891
0 0.301758 0.868164 0.029297 0.068359
0 0.421875 0.951172 0.031250 0.035156
