0 0.711961 0.647612 0.034174 0.059334
0 0.808594 0.012695 0.042969 0.025391
0 0.583008 0.051758 0.048828 0.048828
0 0.327148 0.072266 0.021484 0.082031
0 0.669922 0.133789 0.027344 0.041016
0 0.514648 0.139648 0.033203 0.033203
0 0.842773 0.200195 0.060547 0.064453
0 0.486328 0.216797 0.039062 0.074219
0 0.736328 0.200195 0.039062 0.033203
0 0.578125 0.326172 0.039062 0.050781
0 0.822266 0.345703 0.050781 0.070312
0 0.674805 0.390625 0.029297 0.035156
0 0.746094 0.452148 0.042969 0.029297
0 0.668945 0.506836 0.037109 0.072266
0 0.807617 0.610352 0.056641 0.044922
0 0.127930 0.713867 0.052734 0.052734
0 0.671875 0.722656 0.035156 0.058594
0 0.332031 0.775391 0.042969 0.058594
0 0.580078 0.796875 0.050781 0.042969
0 0.733398 0.860352 0.087891 0.072266
0 0.046875 0.859375 0.039062 0.050781
0 0.307617 0.903320 0.048828 0.060547
0 0.377930 0.951172 0.052734 0.035156
0 0.761719 0.977792 0.023438 0.041522
0 0.890625 0.981698 0.042969 0.033709
