0 0.573230 0.252533 0.028478 0.053546
0 0.672852 0.074219 0.033203 0.039062
0 0.842773 0.136719 0.048828 0.035156
0 0.495117 0.158203 0.048828 0.054688
0 0.820312 0.268555 0.046875 0.044922
0 0.516602 0.370117 0.025391 0.041016
0 0.079102 0.393555 0.033203 0.037109
0 0.683594 0.424805 0.046875 0.083984
0 0.808594 0.511719 0.042969 0.039062
0 0.706055 0.563477 0.033203 0.060547
0 0.233398 0.564453 0.025391 0.054688
0 0.140625 0.639648 0.035156 0.072266
0 0.669922 0.642578 0.031250 0.046875
0 0.356445 0.691406 0.041016 0.062500
0 0.576172 0.722656 0.042969 0.062500
0 0.076172 0.764648 0.042969 0.041016
0 0.705078 0.765625 0.031250 0.039062
0 0.322266 0.818359 0.039062 0.058594
0 0.751953 0.853516 0.054688 0.078125
0 0.400391 0.872070 0.046875 0.060547
0 0.879883 0.880859 0.056641 0.062500
0 0.420898 0.972909 0.029297 0.051287
