0 0.644426 0.662808 0.027665 0.046310
0 0.310547 0.041016 0.042969 0.027344
0 0.856445 0.100586 0.044922 0.056641
0 0.233398 0.126953 0.033203 0.058594
0 0.296875 0.232422 0.035156 0.042969
0 0.011719 0.312500 0.023438 0.050781
0 0.329102 0.340820 0.021484 0.048828
0 0.507812 0.375977 0.046875 0.060547
0 0.361328 0.413086 0.023438 0.072266
0 0.285156 0.395508 0.042969 0.033203
0 0.736328 0.454102 0.039062 0.041016
0 0.077148 0.481445 0.029297 0.044922
0 0.357422 0.480469 0.023438 0.042969
0 0.486328 0.483398 0.046875 0.041016
0 0.158203 0.517578 0.046875 0.023438
0 0.545898 0.546875 0.033203 0.039062
0 0.390625 0.576172 0.031250 0.035156
0 0.732422 0.690430 0.031250 0.056641
0 0.478516 0.785156 0.039062 0.062500
0 0.047852 0.798828 0.033203 0.039062
0 0.752930 0.868164 0.044922 0.048828
0 0.829102 0.891602 0.017578 0.072266
0 0.638672 0.934570 0.027344 0.060547
0 0.906250 0.924805 0.050781 0.025391
