0 0.386493 0.390014 0.027665 0.047757
0 0.010742 0.125977 0.021484 0.044922
0 0.830078 0.145508 0.031250 0.060547
0 0.264648 0.143555 0.033203 0.037109
0 0.254883 0.207031 0.044922 0.042969
0 0.417969 0.241211 0.027344 0.041016
0 0.733398 0.277344 0.033203 0.054688
0 0.859375 0.314453 0.031250 0.066406
0 0.956055 0.375977 0.029297 0.048828
0 0.550781 0.390625 0.039062 0.027344
0 0.145508 0.530273 0.037109 0.056641
0 0.251953 0.577148 0.050781 0.091797
0 0.801758 0.546875 0.037109 0.031250
0 0.517578 0.607422 0.039062 0.042969
0 0.948242 0.655273 0.033203 0.060547
0 0.735352 0.687500 0.048828 0.058594
0 0.281250 0.734375 0.046875 0.078125
0 0.076172 0.795898 0.023438 0.072266
0 0.907227 0.793945 0.048828 0.064453
0 0.168945 0.811523 0.033203 0.068359
0 0.200195 0.877930 0.029297 0.048828
0 0.011719 0.924805 0.023438 0.072266
0 0.139648 0.927734 0.033203 0.062500
