0 0.474369 0.482634 0.026037 0.044863
0 0.894531 0.047852 0.039062 0.033203
0 0.829102 0.098633 0.025391 0.052734
0 0.234375 0.133789 0.042969 0.056641
0 0.919922 0.187500 0.035156 0.070312
0 0.627930 0.222656 0.044922 0.050781
0 0.500000 0.238281 0.042969 0.027344
0 0.166016 0.286133 0.042969 0.076172
0 0.889648 0.287109 0.017578 0.054688
0 0.392578 0.339844 0.035156 0.058594
0 0.014648 0.358398 0.029297 0.033203
0 0.940430 0.394531 0.048828 0.031250
0 0.262695 0.461914 0.041016 0.087891
0 0.549805 0.466797 0.021484 0.050781
0 0.944336 0.491211 0.048828 0.068359
0 0.544922 0.545898 0.031250 0.052734
0 0.260742 0.705078 0.037109 0.101562
0 0.651367 0.712891 0.052734 0.070312
0 0.029297 0.703125 0.058594 0.019531
0 0.840820 0.752930 0.044922 0.052734
0 0.330078 0.816406 0.035156 0.058594
0 0.855469 0.848633 0.035156 0.052734
0 0.362305 0.939453 0.029297 0.062500
0 0.810547 0.950195 0.054688 0.037109
0 0.045898 0.969980 0.021484 0.057147
