0 0.558584 0.713459 0.036615 0.066570
0 0.391602 0.202148 0.025391 0.076172
0 0.235352 0.278320 0.021484 0.052734
0 0.094727 0.312500 0.052734 0.050781
0 0.649414 0.371094 0.048828 0.062500
0 0.051758 0.406250 0.029297 0.058594
0 0.234375 0.437500 0.031250 0.058594
0 0.298828 0.467773 0.031250 0.060547
0 0.826172 0.471680 0.027344 0.052734
0 0.578125 0.473633 0.023438 0.044922
0 0.704102 0.479492 0.029297 0.048828
0 0.142578 0.514648 0.035156 0.041016
0 0.046875 0.566406 0.027344 0.070312
0 0.141602 0.578125 0.033203 0.039062
0 0.694336 0.575195 0.048828 0.029297
0 0.867188 0.629883 0.035156 0.060547
0 0.138672 0.655273 0.027344 0.056641
0 0.432617 0.751953 0.044922 0.046875
0 0.902344 0.765625 0.042969 0.027344
0 0.356445 0.818359 0.037109 0.117188
0 0.546875 0.827148 0.027344 0.083984
0 0.465820 0.904297 0.052734 0.078125
0 0.202148 0.912109 0.033203 0.062500
0 0.799805 0.952148 0.029297 0.041016
0 0.899414 0.951172 0.048828 0.039062
