0 0.626932 0.787265 0.028478 0.060781
0 0.830078 0.028320 0.027344 0.056641
0 0.479492 0.043945 0.041016 0.025391
0 0.378906 0.220703 0.054688 0.117188
0 0.792969 0.201172 0.039062 0.046875
0 0.108398 0.252930 0.029297 0.052734
0 0.733398 0.273438 0.029297 0.042969
0 0.859375 0.330078 0.035156 0.046875
0 0.141602 0.330078 0.029297 0.035156
0 0.645508 0.388672 0.076172 0.097656
0 0.517578 0.381836 0.027344 0.052734
0 0.861328 0.433594 0.023438 0.070312
0 0.859375 0.526367 0.031250 0.068359
0 0.515625 0.714844 0.019531 0.058594
0 0.765625 0.831055 0.019531 0.056641
0 0.499023 0.887695 0.052734 0.080078
0 0.203125 0.889648 0.031250 0.033203
0 0.856445 0.887695 0.037109 0.033203
0 0.669922 0.927734 0.031250 0.082031
