0 0.427583 0.628075 0.062653 0.083936
0 0.392578 0.036133 0.019531 0.072266
0 0.548828 0.051758 0.027344 0.048828
0 0.480469 0.065430 0.027344 0.056641
0 0.890625 0.121094 0.015625 0.105469
0 0.402344 0.186523 0.046875 0.056641
0 0.762695 0.212891 0.029297 0.058594
0 0.128906 0.410156 0.046875 0.070312
0 0.670898 0.439453 0.025391 0.128906
0 0.419922 0.433594 0.019531 0.085938
0 0.790039 0.507812 0.033203 0.062500
0 0.407227 0.521484 0.060547 0.062500
0 0.546875 0.592773 0.023438 0.048828
0 0.679688 0.719727 0.031250 0.060547
0 0.823242 0.796875 0.072266 0.031250
0 0.538086 0.816406 0.056641 0.046875
0 0.164062 0.892578 0.031250 0.039062
0 0.751953 0.903320 0.039062 0.052734
