0 0.442636 0.824891 0.048820 0.095514
0 0.433594 0.046875 0.050781 0.027344
0 0.577148 0.114258 0.033203 0.041016
0 0.287109 0.167969 0.050781 0.042969
0 0.419922 0.216797 0.035156 0.070312
0 0.582031 0.279297 0.035156 0.062500
0 0.860352 0.434570 0.033203 0.056641
0 0.300781 0.440430 0.031250 0.056641
0 0.719727 0.461914 0.052734 0.064453
0 0.583984 0.536133 0.042969 0.068359
0 0.840820 0.585938 0.048828 0.066406
0 0.657227 0.727539 0.060547 0.060547
0 0.265625 0.768555 0.035156 0.076172
0 0.075195 0.818359 0.025391 0.050781
0 0.191406 0.846680 0.050781 0.064453
0 0.955078 0.912109 0.027344 0.074219
