0 0.396664 0.395803 0.023596 0.041968
0 0.421875 0.034180 0.035156 0.068359
0 0.286133 0.044922 0.064453 0.031250
0 0.720703 0.123047 0.042969 0.046875
0 0.647461 0.173828 0.044922 0.042969
0 0.484375 0.219727 0.023438 0.060547
0 0.922852 0.212891 0.029297 0.050781
0 0.409180 0.204102 0.044922 0.025391
0 0.769531 0.232422 0.035156 0.039062
0 0.736328 0.284180 0.031250 0.052734
0 0.232422 0.295898 0.035156 0.044922
0 0.295898 0.293945 0.029297 0.037109
0 0.294922 0.360352 0.031250 0.033203
0 0.708984 0.411133 0.042969 0.068359
0 0.982015 0.405273 0.034343 0.048828
0 0.360352 0.512695 0.033203 0.052734
0 0.381836 0.599609 0.044922 0.050781
0 0.122070 0.640625 0.052734 0.039062
0 0.643555 0.716797 0.029297 0.058594
0 0.499023 0.714844 0.048828 0.042969
0 0.704102 0.798828 0.033203 0.035156
0 0.215820 0.885742 0.052734 0.095703
0 0.798828 0.924805 0.031250 0.095703
