0 0.676159 0.507959 0.034174 0.060781
0 0.261719 0.048828 0.035156 0.031250
0 0.486328 0.097656 0.035156 0.062500
0 0.298828 0.117188 0.027344 0.042969
0 0.206055 0.162109 0.033203 0.058594
0 0.496094 0.249023 0.046875 0.060547
0 0.080078 0.267578 0.031250 0.082031
0 0.578125 0.312500 0.019531 0.050781
0 0.265625 0.398438 0.031250 0.074219
0 0.388672 0.412109 0.019531 0.050781
0 0.781250 0.420898 0.054688 0.029297
0 0.046875 0.518555 0.023438 0.072266
0 0.956055 0.558594 0.041016 0.054688
0 0.045898 0.606445 0.029297 0.041016
0 0.354492 0.608398 0.037109 0.033203
0 0.768555 0.637695 0.037109 0.080078
0 0.218750 0.672852 0.046875 0.076172
0 0.737305 0.759766 0.033203 0.062500
0 0.387695 0.777344 0.025391 0.050781
0 0.252930 0.778320 0.048828 0.048828
0 0.485352 0.917969 0.017578 0.070312
0 0.162109 0.949219 0.046875 0.046875
