0 0.610659 0.503618 0.038242 0.069465
0 0.675781 0.057617 0.031250 0.044922
0 0.230469 0.091797 0.031250 0.054688
0 0.736328 0.133789 0.046875 0.060547
0 0.293945 0.138672 0.033203 0.031250
0 0.627930 0.157227 0.044922 0.052734
0 0.186523 0.326172 0.048828 0.078125
0 0.765625 0.327148 0.042969 0.041016
0 0.437500 0.368164 0.058594 0.068359
0 0.608398 0.360352 0.029297 0.041016
0 0.512695 0.404297 0.037109 0.070312
0 0.112305 0.430664 0.029297 0.072266
0 0.387695 0.423828 0.033203 0.031250
0 0.734375 0.442383 0.089844 0.056641
0 0.408203 0.497070 0.050781 0.052734
0 0.516602 0.614258 0.033203 0.080078
0 0.454102 0.617188 0.033203 0.046875
0 0.798828 0.751953 0.031250 0.050781
0 0.235352 0.843750 0.021484 0.050781
0 0.389648 0.907227 0.033203 0.068359
0 0.235352 0.967050 0.029297 0.063006
