0 0.480472 0.667873 0.031733 0.050651
0 0.703125 0.042969 0.039062 0.039062
0 0.112305 0.049805 0.037109 0.041016
0 0.549805 0.128906 0.025391 0.046875
0 0.471680 0.168945 0.048828 0.037109
0 0.233398 0.220703 0.037109 0.062500
0 0.952148 0.254883 0.041016 0.076172
0 0.859375 0.265625 0.031250 0.050781
0 0.329102 0.282227 0.029297 0.056641
0 0.642578 0.286133 0.039062 0.052734
0 0.480469 0.301758 0.042969 0.052734
0 0.578125 0.295898 0.035156 0.033203
0 0.378906 0.362305 0.050781 0.037109
0 0.669922 0.416992 0.039062 0.048828
0 0.769531 0.451172 0.042969 0.035156
0 0.420898 0.482422 0.041016 0.027344
0 0.735352 0.498047 0.025391 0.058594
0 0.547852 0.594727 0.037109 0.064453
0 0.392578 0.599609 0.042969 0.066406
0 0.988851 0.655273 0.020671 0.041016
0 0.266602 0.793945 0.041016 0.048828
0 0.198242 0.904297 0.048828 0.066406
0 0.802734 0.939453 0.054688 0.054688
