0 0.666802 0.835745 0.043124 0.065123
0 0.561523 0.123047 0.041016 0.039062
0 0.298828 0.175781 0.027344 0.089844
0 0.417969 0.158203 0.035156 0.058594
0 0.487305 0.177734 0.033203 0.058594
0 0.842773 0.167969 0.048828 0.023438
0 0.859375 0.360352 0.031250 0.037109
0 0.203125 0.379883 0.031250 0.056641
0 0.660156 0.390625 0.050781 0.078125
0 0.562500 0.475586 0.058594 0.080078
0 0.889648 0.592773 0.033203 0.064453
0 0.986898 0.584961 0.024577 0.044922
0 0.694336 0.729492 0.056641 0.041016
0 0.297852 0.750000 0.017578 0.054688
0 0.742188 0.784180 0.031250 0.044922
0 0.315430 0.822266 0.044922 0.089844
0 0.893555 0.797852 0.037109 0.029297
0 0.421875 0.893555 0.019531 0.080078
0 0.252930 0.935547 0.052734 0.058594
0 0.080078 0.954102 0.035156 0.037109
0 0.169922 0.953125 0.031250 0.035156
0 0.784180 0.961914 0.041016 0.033203
