0 0.516680 0.461650 0.029292 0.049204
0 0.204102 0.035156 0.021484 0.070312
0 0.357422 0.067383 0.023438 0.056641
0 0.576172 0.125977 0.031250 0.056641
0 0.923828 0.188477 0.023438 0.044922
0 0.313477 0.209961 0.044922 0.037109
0 0.502930 0.248047 0.048828 0.054688
0 0.575195 0.296875 0.037109 0.039062
0 0.234375 0.342773 0.027344 0.052734
0 0.955078 0.370117 0.019531 0.068359
0 0.611328 0.387695 0.031250 0.076172
0 0.140625 0.391602 0.031250 0.033203
0 0.450195 0.434570 0.033203 0.080078
0 0.172852 0.721680 0.037109 0.064453
0 0.051758 0.714844 0.025391 0.046875
0 0.640625 0.741211 0.031250 0.083984
0 0.887695 0.823242 0.033203 0.037109
0 0.947266 0.875000 0.031250 0.054688
0 0.875977 0.969980 0.048828 0.057147
