0 0.510171 0.539074 0.027665 0.047757
0 0.173828 0.085938 0.031250 0.066406
0 0.311523 0.093750 0.052734 0.054688
0 0.675781 0.103516 0.031250 0.058594
0 0.890625 0.144531 0.031250 0.035156
0 0.411133 0.191406 0.041016 0.058594
0 0.699219 0.270508 0.042969 0.087891
0 0.273438 0.323242 0.050781 0.033203
0 0.785156 0.330078 0.050781 0.046875
0 0.873047 0.356445 0.046875 0.072266
0 0.513672 0.471680 0.027344 0.064453
0 0.973226 0.656250 0.051921 0.042969
0 0.322266 0.673828 0.042969 0.023438
0 0.506836 0.736328 0.041016 0.054688
0 0.586914 0.780273 0.041016 0.060547
0 0.206055 0.849609 0.048828 0.074219
0 0.907227 0.871094 0.052734 0.058594
0 0.122070 0.902344 0.056641 0.054688
0 0.640625 0.903320 0.070312 0.048828
