0 0.458503 0.472504 0.052889 0.082489
0 0.483398 0.016602 0.029297 0.033203
0 0.498047 0.153320 0.054688 0.119141
0 0.808594 0.156250 0.050781 0.054688
0 0.207031 0.177734 0.035156 0.089844
0 0.594727 0.235352 0.052734 0.048828
0 0.046875 0.258789 0.027344 0.072266
0 0.762695 0.284180 0.029297 0.048828
0 0.350586 0.316406 0.048828 0.062500
0 0.858398 0.335938 0.029297 0.062500
0 0.798828 0.359375 0.035156 0.035156
0 0.591797 0.578125 0.050781 0.070312
0 0.257812 0.630859 0.039062 0.066406
0 0.418945 0.649414 0.037109 0.068359
0 0.824219 0.696289 0.035156 0.068359
0 0.642578 0.767578 0.031250 0.035156
0 0.139648 0.886719 0.021484 0.074219
0 0.314453 0.935547 0.050781 0.058594
0 0.886719 0.952148 0.035156 0.037109
