0 0.657852 0.496382 0.039870 0.066570
0 0.656250 0.097656 0.050781 0.125000
0 0.559570 0.166016 0.052734 0.089844
0 0.047852 0.239258 0.017578 0.076172
0 0.875000 0.281250 0.050781 0.062500
0 0.599609 0.330078 0.070312 0.015625
0 0.686523 0.392578 0.044922 0.035156
0 0.737305 0.437500 0.041016 0.050781
0 0.861328 0.444336 0.031250 0.052734
0 0.341797 0.469727 0.054688 0.056641
0 0.263672 0.582031 0.031250 0.046875
0 0.596680 0.654297 0.048828 0.117188
0 0.313477 0.650391 0.052734 0.058594
0 0.986898 0.746094 0.024577 0.042969
0 0.236328 0.774414 0.042969 0.052734
0 0.358398 0.920898 0.029297 0.083984
