0 0.554923 0.447902 0.032547 0.059334
0 0.670898 0.136719 0.037109 0.046875
0 0.390625 0.139648 0.035156 0.041016
0 0.083008 0.193359 0.041016 0.054688
0 0.218750 0.200195 0.042969 0.021484
0 0.784180 0.237305 0.052734 0.044922
0 0.108398 0.326172 0.037109 0.074219
0 0.787109 0.376953 0.054688 0.062500
0 0.674805 0.536133 0.037109 0.076172
0 0.160156 0.598633 0.058594 0.111328
0 0.763672 0.579102 0.042969 0.037109
0 0.924805 0.619141 0.033203 0.074219
0 0.544922 0.671875 0.035156 0.089844
0 0.793945 0.782227 0.048828 0.060547
0 0.095703 0.790039 0.050781 0.072266
0 0.223633 0.810547 0.048828 0.062500
0 0.636719 0.830078 0.039062 0.054688
0 0.362305 0.831055 0.048828 0.044922
0 0.606445 0.894531 0.025391 0.042969
0 0.670898 0.967050 0.025391 0.063006
0 0.325195 0.970956 0.025391 0.055193
