0 0.179821 0.615774 0.029292 0.050651
0 0.255859 0.045898 0.046875 0.044922
0 0.859375 0.143555 0.031250 0.041016
0 0.940430 0.188477 0.044922 0.060547
0 0.149414 0.339844 0.048828 0.082031
0 0.045898 0.344727 0.033203 0.041016
0 0.252930 0.383789 0.048828 0.080078
0 0.797852 0.372070 0.037109 0.052734
0 0.516602 0.420898 0.037109 0.029297
0 0.934570 0.470703 0.041016 0.046875
0 0.734375 0.478516 0.031250 0.042969
0 0.066406 0.579102 0.039062 0.080078
0 0.885742 0.593750 0.041016 0.070312
0 0.203125 0.658203 0.023438 0.042969
0 0.140625 0.712891 0.039062 0.054688
0 0.794922 0.768555 0.035156 0.076172
0 0.268555 0.799805 0.029297 0.044922
0 0.749023 0.905273 0.044922 0.052734
