0 0.417413 0.703329 0.043938 0.072359
0 0.325195 0.046875 0.033203 0.042969
0 0.970296 0.078125 0.057780 0.031250
0 0.482422 0.079102 0.082031 0.025391
0 0.236328 0.108398 0.039062 0.033203
0 0.389648 0.143555 0.037109 0.029297
0 0.753906 0.205078 0.046875 0.085938
0 0.591797 0.223633 0.050781 0.052734
0 0.767578 0.294922 0.035156 0.031250
0 0.286133 0.361328 0.052734 0.050781
0 0.874023 0.414062 0.052734 0.085938
0 0.265625 0.423828 0.035156 0.031250
0 0.138672 0.465820 0.031250 0.056641
0 0.748047 0.455078 0.042969 0.031250
0 0.614258 0.478516 0.033203 0.046875
0 0.983968 0.481445 0.030436 0.033203
0 0.386719 0.583008 0.031250 0.056641
0 0.620117 0.576172 0.048828 0.035156
0 0.079102 0.629883 0.029297 0.056641
0 0.669922 0.655273 0.023438 0.056641
0 0.895508 0.690430 0.037109 0.060547
0 0.986898 0.686523 0.024577 0.048828
0 0.293945 0.705078 0.041016 0.058594
0 0.580078 0.732422 0.035156 0.035156
0 0.145508 0.761719 0.041016 0.050781
0 0.984945 0.840820 0.028483 0.044922
0 0.545898 0.951172 0.033203 0.031250
