0 0.453214 0.300289 0.027665 0.050651
0 0.089844 0.089844 0.042969 0.046875
0 0.293945 0.129883 0.033203 0.060547
0 0.202148 0.154297 0.029297 0.062500
0 0.863281 0.142578 0.042969 0.031250
0 0.378906 0.143555 0.042969 0.029297
0 0.625000 0.341797 0.046875 0.046875
0 0.829102 0.350586 0.021484 0.060547
0 0.233398 0.422852 0.044922 0.029297
0 0.792969 0.421875 0.035156 0.031250
0 0.310547 0.467773 0.050781 0.052734
0 0.894531 0.545898 0.039062 0.044922
0 0.345703 0.545898 0.058594 0.029297
0 0.891602 0.649414 0.025391 0.041016
0 0.480469 0.669922 0.031250 0.039062
0 0.769531 0.711914 0.019531 0.060547
0 0.533203 0.731445 0.050781 0.033203
0 0.919922 0.733398 0.035156 0.037109
0 0.234375 0.774414 0.031250 0.083984
0 0.982015 0.765625 0.034343 0.027344
0 0.578125 0.782227 0.023438 0.052734
0 0.703125 0.833008 0.039062 0.044922
0 0.206055 0.903320 0.029297 0.060547
0 0.889648 0.967050 0.037109 0.063006
