0 0.483320 0.734443 0.022783 0.041968
0 0.703125 0.067383 0.027344 0.052734
0 0.891602 0.065430 0.033203 0.052734
0 0.294922 0.080078 0.050781 0.031250
0 0.636719 0.168945 0.046875 0.029297
0 0.293945 0.261719 0.033203 0.042969
0 0.877930 0.308594 0.048828 0.050781
0 0.795898 0.407227 0.029297 0.052734
0 0.388672 0.440430 0.031250 0.048828
0 0.111328 0.472656 0.023438 0.058594
0 0.481445 0.453125 0.076172 0.019531
0 0.045898 0.505859 0.033203 0.054688
0 0.546875 0.579102 0.035156 0.048828
0 0.454102 0.609375 0.091797 0.093750
0 0.918945 0.589844 0.029297 0.046875
0 0.609375 0.717773 0.031250 0.064453
0 0.699219 0.701172 0.031250 0.035156
0 0.486328 0.798828 0.035156 0.039062
0 0.173828 0.871094 0.039062 0.062500
0 0.524414 0.886719 0.048828 0.031250
0 0.936523 0.895508 0.048828 0.033203
0 0.389648 0.974862 0.025391 0.047381
