0 0.607404 0.416064 0.048007 0.073806
0 0.767578 0.030273 0.031250 0.060547
0 0.139648 0.062500 0.033203 0.058594
0 0.592773 0.141602 0.044922 0.029297
0 0.484375 0.184570 0.035156 0.064453
0 0.079102 0.265625 0.029297 0.078125
0 0.485352 0.282227 0.037109 0.060547
0 0.817383 0.331055 0.044922 0.083984
0 0.202148 0.360352 0.029297 0.087891
0 0.515625 0.366211 0.035156 0.048828
0 0.112305 0.421875 0.029297 0.039062
0 0.064453 0.465820 0.058594 0.064453
0 0.773438 0.470703 0.046875 0.058594
0 0.347656 0.500977 0.054688 0.068359
0 0.186523 0.503906 0.044922 0.039062
0 0.734375 0.590820 0.027344 0.064453
0 0.827148 0.614258 0.029297 0.052734
0 0.456055 0.669922 0.037109 0.070312
0 0.762695 0.666016 0.025391 0.050781
0 0.605469 0.768555 0.035156 0.091797
0 0.925781 0.789062 0.027344 0.039062
0 0.250000 0.843750 0.050781 0.062500
0 0.417969 0.854492 0.039062 0.083984
0 0.841797 0.905273 0.050781 0.060547
