0 0.340928 0.455137 0.017901 0.033285
0 0.830078 0.056641 0.019531 0.066406
0 0.117188 0.078125 0.046875 0.031250
0 0.324219 0.173828 0.027344 0.039062
0 0.060547 0.288086 0.058594 0.119141
0 0.376953 0.328125 0.132812 0.031250
0 0.861328 0.371094 0.070312 0.117188
0 0.328125 0.392578 0.027344 0.046875
0 0.128906 0.421875 0.046875 0.023438
0 0.390625 0.451172 0.015625 0.070312
0 0.581055 0.452148 0.033203 0.037109
0 0.984945 0.475586 0.028483 0.080078
0 0.138672 0.531250 0.027344 0.054688
0 0.328125 0.749023 0.023438 0.064453
0 0.263672 0.840820 0.023438 0.060547
0 0.952148 0.879883 0.025391 0.064453
0 0.845703 0.933594 0.046875 0.042969
