0 0.481286 0.536179 0.031733 0.047757
0 0.830078 0.057617 0.019531 0.052734
0 0.652344 0.093750 0.058594 0.058594
0 0.422852 0.099609 0.033203 0.058594
0 0.885742 0.160156 0.033203 0.046875
0 0.349609 0.264648 0.046875 0.091797
0 0.925781 0.243164 0.074219 0.048828
0 0.868164 0.294922 0.048828 0.035156
0 0.186523 0.361328 0.052734 0.078125
0 0.297852 0.427734 0.033203 0.042969
0 0.549805 0.487305 0.029297 0.041016
0 0.859375 0.529297 0.035156 0.054688
0 0.403320 0.534180 0.041016 0.056641
0 0.266602 0.550781 0.025391 0.082031
0 0.666992 0.780273 0.037109 0.072266
0 0.170898 0.784180 0.033203 0.068359
0 0.550781 0.880859 0.046875 0.082031
