0 0.486981 0.750362 0.028478 0.056440
0 0.466797 0.046875 0.039062 0.027344
0 0.146484 0.153320 0.031250 0.052734
0 0.900391 0.159180 0.046875 0.056641
0 0.703125 0.171875 0.023438 0.070312
0 0.639648 0.189453 0.017578 0.054688
0 0.641602 0.262695 0.041016 0.033203
0 0.140625 0.284180 0.031250 0.064453
0 0.291992 0.357422 0.048828 0.039062
0 0.889648 0.406250 0.033203 0.058594
0 0.112305 0.418945 0.029297 0.060547
0 0.440430 0.435547 0.041016 0.046875
0 0.797852 0.500977 0.029297 0.060547
0 0.389648 0.544922 0.037109 0.050781
0 0.109375 0.586914 0.031250 0.076172
0 0.507812 0.576172 0.058594 0.035156
0 0.045898 0.615234 0.029297 0.042969
0 0.804688 0.670898 0.042969 0.037109
0 0.553711 0.693359 0.041016 0.062500
0 0.723633 0.807617 0.052734 0.068359
0 0.609375 0.842773 0.035156 0.068359
0 0.488281 0.856445 0.027344 0.037109
0 0.421875 0.906250 0.023438 0.046875
0 0.922852 0.917969 0.029297 0.039062
0 0.487305 0.932617 0.029297 0.048828
