0 0.533360 0.584660 0.048007 0.083936
0 0.563477 0.122070 0.044922 0.044922
0 0.461914 0.330078 0.037109 0.035156
0 0.291016 0.357422 0.035156 0.031250
0 0.627930 0.472656 0.048828 0.066406
0 0.371094 0.493164 0.046875 0.068359
0 0.611328 0.570312 0.019531 0.050781
0 0.308594 0.609375 0.050781 0.031250
0 0.235352 0.619141 0.029297 0.042969
0 0.107422 0.630859 0.031250 0.050781
0 0.616211 0.637695 0.037109 0.033203
0 0.364258 0.678711 0.033203 0.060547
0 0.261719 0.750977 0.039062 0.060547
0 0.536133 0.768555 0.048828 0.083984
0 0.124023 0.766602 0.044922 0.029297
0 0.296875 0.857422 0.023438 0.074219
0 0.134766 0.856445 0.035156 0.037109
0 0.639648 0.908203 0.021484 0.054688
0 0.111328 0.940430 0.031250 0.048828
0 0.434570 0.958984 0.044922 0.035156
