0 0.388527 0.596237 0.061025 0.092619
0 0.065430 0.100586 0.048828 0.044922
0 0.837891 0.112305 0.046875 0.037109
0 0.544922 0.279297 0.031250 0.058594
0 0.389648 0.313477 0.037109 0.064453
0 0.807617 0.326172 0.041016 0.027344
0 0.584961 0.344727 0.033203 0.052734
0 0.199219 0.356445 0.039062 0.033203
0 0.934570 0.458984 0.048828 0.054688
0 0.561523 0.502930 0.044922 0.056641
0 0.495117 0.572266 0.044922 0.058594
0 0.113281 0.576172 0.035156 0.039062
0 0.046875 0.587891 0.027344 0.058594
0 0.814453 0.608398 0.054688 0.087891
0 0.295898 0.685547 0.025391 0.058594
0 0.765625 0.694336 0.023438 0.044922
0 0.360352 0.725586 0.021484 0.087891
0 0.887695 0.717773 0.029297 0.056641
0 0.046875 0.782227 0.031250 0.064453
0 0.765625 0.782227 0.023438 0.048828
0 0.199219 0.805664 0.027344 0.064453
0 0.654297 0.841797 0.050781 0.046875
0 0.421875 0.903320 0.031250 0.064453
