0 0.462164 0.547757 0.039056 0.065123
0 0.366211 0.025391 0.037109 0.050781
0 0.611328 0.029297 0.027344 0.058594
0 0.955078 0.140625 0.035156 0.089844
0 0.347656 0.110352 0.046875 0.025391
0 0.314453 0.267578 0.050781 0.066406
0 0.463867 0.389648 0.056641 0.033203
0 0.143555 0.472656 0.037109 0.101562
0 0.494141 0.640625 0.046875 0.039062
0 0.140625 0.667969 0.027344 0.042969
0 0.859375 0.670898 0.035156 0.037109
0 0.453125 0.692383 0.031250 0.056641
0 0.587891 0.807617 0.046875 0.072266
0 0.454102 0.858398 0.033203 0.033203
0 0.919922 0.934570 0.031250 0.052734
0 0.641602 0.945312 0.041016 0.058594
0 0.736328 0.960938 0.023438 0.042969
0 0.858398 0.955078 0.044922 0.023438
