0 0.632628 0.831404 0.023596 0.039074
0 0.272461 0.015625 0.037109 0.031250
0 0.673828 0.069336 0.027344 0.083984
0 0.594727 0.191406 0.056641 0.125000
0 0.859375 0.183594 0.035156 0.054688
0 0.770508 0.226562 0.029297 0.058594
0 0.954102 0.230469 0.029297 0.046875
0 0.779297 0.391602 0.058594 0.025391
0 0.717773 0.426758 0.052734 0.076172
0 0.441406 0.562500 0.050781 0.074219
0 0.559570 0.616211 0.052734 0.091797
0 0.536133 0.754883 0.048828 0.072266
0 0.845703 0.959237 0.054688 0.078631
0 0.108398 0.973886 0.029297 0.049334
0 0.642578 0.982675 0.031250 0.031756
