0 0.276241 0.423300 0.025224 0.044863
0 0.626953 0.060547 0.042969 0.046875
0 0.982992 0.072266 0.032389 0.031250
0 0.873047 0.116211 0.050781 0.068359
0 0.547852 0.140625 0.033203 0.046875
0 0.405273 0.175781 0.056641 0.078125
0 0.936523 0.170898 0.056641 0.029297
0 0.720703 0.187500 0.042969 0.042969
0 0.224609 0.247070 0.050781 0.123047
0 0.670898 0.250000 0.029297 0.109375
0 0.300781 0.243164 0.035156 0.056641
0 0.525391 0.252930 0.046875 0.060547
0 0.845703 0.273438 0.050781 0.066406
0 0.982992 0.325195 0.032389 0.033203
0 0.829102 0.376953 0.029297 0.054688
0 0.447266 0.433594 0.039062 0.054688
0 0.767578 0.453125 0.035156 0.042969
0 0.080078 0.483398 0.035156 0.029297
0 0.452148 0.546875 0.033203 0.046875
0 0.517578 0.622070 0.031250 0.060547
0 0.449219 0.701172 0.031250 0.058594
0 0.235352 0.798828 0.037109 0.031250
0 0.044922 0.845703 0.027344 0.066406
0 0.614258 0.892578 0.041016 0.035156
0 0.092773 0.987558 0.041016 0.021990
