0 0.512205 0.394356 0.038242 0.059334
0 0.390625 0.092773 0.027344 0.056641
0 0.894531 0.149414 0.027344 0.048828
0 0.362305 0.185547 0.029297 0.050781
0 0.793945 0.190430 0.033203 0.060547
0 0.139648 0.213867 0.029297 0.056641
0 0.703125 0.346680 0.023438 0.111328
0 0.620117 0.374023 0.060547 0.064453
0 0.413086 0.389648 0.060547 0.025391
0 0.233398 0.448242 0.025391 0.072266
0 0.753906 0.456055 0.046875 0.037109
0 0.077148 0.469727 0.025391 0.052734
0 0.387695 0.491211 0.025391 0.052734
0 0.731445 0.527344 0.037109 0.054688
0 0.076172 0.557617 0.023438 0.052734
0 0.623047 0.567383 0.046875 0.068359
0 0.457031 0.575195 0.035156 0.052734
0 0.784180 0.582031 0.044922 0.027344
0 0.908203 0.631836 0.046875 0.080078
0 0.711914 0.643555 0.048828 0.060547
0 0.160156 0.649414 0.050781 0.052734
0 0.236328 0.682617 0.027344 0.064453
0 0.576172 0.749023 0.027344 0.052734
0 0.875977 0.770508 0.048828 0.044922
