0 0.408462 0.614327 0.021155 0.041968
0 0.361328 0.240234 0.027344 0.082031
0 0.451172 0.248047 0.023438 0.050781
0 0.643555 0.355469 0.029297 0.046875
0 0.056641 0.388672 0.035156 0.042969
0 0.713867 0.423828 0.044922 0.082031
0 0.917969 0.429688 0.031250 0.062500
0 0.829102 0.536133 0.021484 0.056641
0 0.265625 0.578125 0.023438 0.050781
0 0.582031 0.625000 0.031250 0.046875
0 0.328125 0.703125 0.031250 0.031250
0 0.871094 0.723633 0.054688 0.068359
0 0.852539 0.860352 0.029297 0.048828
0 0.935547 0.862305 0.039062 0.029297
0 0.545898 0.880859 0.029297 0.050781
0 0.676758 0.879883 0.021484 0.048828
0 0.771484 0.931641 0.027344 0.074219
0 0.828125 0.921875 0.019531 0.050781
