0 0.427583 0.724313 0.041497 0.070912
0 0.610352 0.075195 0.029297 0.037109
0 0.296875 0.090820 0.015625 0.056641
0 0.705078 0.190430 0.027344 0.048828
0 0.864258 0.281250 0.076172 0.054688
0 0.454102 0.321289 0.025391 0.076172
0 0.782227 0.407227 0.048828 0.056641
0 0.604492 0.485352 0.041016 0.037109
0 0.950195 0.497070 0.029297 0.048828
0 0.499023 0.507812 0.048828 0.035156
0 0.420898 0.530273 0.029297 0.064453
0 0.064453 0.533203 0.046875 0.042969
0 0.206055 0.624023 0.025391 0.048828
0 0.714844 0.659180 0.046875 0.056641
0 0.262695 0.728516 0.037109 0.042969
0 0.073242 0.737305 0.041016 0.048828
0 0.588867 0.757812 0.048828 0.054688
0 0.497070 0.788086 0.044922 0.048828
0 0.140625 0.868164 0.035156 0.064453
0 0.489258 0.873047 0.037109 0.062500
0 0.897461 0.906250 0.037109 0.062500
