0 0.579740 0.649783 0.020342 0.043415
0 0.733398 0.053711 0.041016 0.048828
0 0.422852 0.114258 0.033203 0.041016
0 0.348633 0.131836 0.052734 0.052734
0 0.916992 0.190430 0.025391 0.044922
0 0.045898 0.248047 0.029297 0.105469
0 0.396484 0.422852 0.050781 0.041016
0 0.893555 0.443359 0.041016 0.054688
0 0.171875 0.515625 0.035156 0.035156
0 0.220703 0.639648 0.066406 0.095703
0 0.609375 0.704102 0.042969 0.025391
0 0.827148 0.733398 0.083984 0.083984
0 0.954102 0.727539 0.029297 0.072266
0 0.452148 0.748047 0.033203 0.058594
0 0.611328 0.809570 0.042969 0.064453
0 0.044922 0.840820 0.031250 0.056641
0 0.524414 0.839844 0.048828 0.054688
0 0.421875 0.923828 0.042969 0.050781
0 0.903320 0.936523 0.052734 0.056641
