0 0.348657 0.435601 0.034988 0.069465
0 0.824219 0.045898 0.074219 0.025391
0 0.728516 0.070312 0.031250 0.042969
0 0.565430 0.141602 0.044922 0.025391
0 0.390625 0.214844 0.027344 0.058594
0 0.804688 0.230469 0.046875 0.035156
0 0.198242 0.367188 0.033203 0.042969
0 0.043945 0.421875 0.021484 0.042969
0 0.635742 0.423828 0.080078 0.042969
0 0.156250 0.433594 0.042969 0.042969
0 0.511719 0.473633 0.019531 0.052734
0 0.888672 0.534180 0.023438 0.048828
0 0.752930 0.547852 0.048828 0.068359
0 0.624023 0.567383 0.056641 0.087891
0 0.043945 0.610352 0.029297 0.052734
0 0.889648 0.625000 0.025391 0.062500
0 0.505859 0.655273 0.046875 0.052734
0 0.655273 0.746094 0.048828 0.070312
0 0.950195 0.810547 0.025391 0.050781
0 0.075195 0.842773 0.025391 0.052734
0 0.511719 0.922852 0.039062 0.029297
