0 0.409276 0.594067 0.027665 0.047757
0 0.612305 0.075195 0.080078 0.029297
0 0.465820 0.131836 0.052734 0.052734
0 0.377930 0.264648 0.048828 0.037109
0 0.650391 0.269531 0.066406 0.031250
0 0.535156 0.338867 0.050781 0.072266
0 0.412109 0.400391 0.050781 0.054688
0 0.891602 0.482422 0.029297 0.039062
0 0.485352 0.535156 0.021484 0.046875
0 0.297852 0.611328 0.029297 0.039062
0 0.784180 0.607422 0.044922 0.031250
0 0.647461 0.636719 0.037109 0.039062
0 0.886719 0.650391 0.023438 0.046875
0 0.530273 0.746094 0.064453 0.074219
0 0.387695 0.787109 0.033203 0.050781
0 0.810547 0.796875 0.054688 0.035156
0 0.482422 0.906250 0.023438 0.046875
0 0.223633 0.933594 0.048828 0.066406
0 0.413086 0.960938 0.052734 0.039062
