0 0.443857 0.583936 0.021969 0.041968
0 0.171875 0.180664 0.023438 0.048828
0 0.382812 0.239258 0.042969 0.056641
0 0.431641 0.377930 0.054688 0.072266
0 0.518555 0.388672 0.072266 0.078125
0 0.602539 0.379883 0.064453 0.052734
0 0.055664 0.390625 0.044922 0.035156
0 0.158203 0.400391 0.042969 0.046875
0 0.110352 0.442383 0.041016 0.052734
0 0.251953 0.475586 0.054688 0.052734
0 0.687500 0.521484 0.050781 0.070312
0 0.048828 0.707031 0.019531 0.074219
0 0.858398 0.863281 0.021484 0.062500
0 0.372070 0.861328 0.103516 0.027344
0 0.783203 0.885742 0.070312 0.021484
0 0.516602 0.911133 0.025391 0.044922
