0 0.690806 0.694645 0.037429 0.060781
0 0.421875 0.111328 0.031250 0.039062
0 0.263672 0.201172 0.035156 0.035156
0 0.419922 0.298828 0.031250 0.046875
0 0.169922 0.335938 0.031250 0.054688
0 0.603516 0.353516 0.027344 0.039062
0 0.485352 0.383789 0.025391 0.041016
0 0.764648 0.421875 0.044922 0.035156
0 0.298828 0.503906 0.027344 0.058594
0 0.535156 0.504883 0.058594 0.060547
0 0.953125 0.527344 0.023438 0.054688
0 0.702148 0.597656 0.033203 0.054688
0 0.083008 0.602539 0.041016 0.033203
0 0.770508 0.639648 0.033203 0.033203
0 0.291992 0.658203 0.037109 0.058594
0 0.454102 0.676758 0.029297 0.064453
0 0.582031 0.735352 0.031250 0.041016
0 0.859375 0.768555 0.035156 0.048828
0 0.796875 0.765625 0.035156 0.039062
0 0.522461 0.794922 0.037109 0.050781
0 0.392578 0.803711 0.035156 0.056641
0 0.326172 0.816406 0.031250 0.054688
0 0.717773 0.934570 0.048828 0.056641
0 0.901367 0.936523 0.052734 0.060547
