0 0.148902 0.675832 0.027665 0.046310
0 0.792969 0.063477 0.027344 0.056641
0 0.861328 0.067383 0.019531 0.052734
0 0.500000 0.105469 0.054688 0.031250
0 0.673828 0.111328 0.039062 0.035156
0 0.250000 0.112305 0.054688 0.029297
0 0.140625 0.319336 0.031250 0.068359
0 0.548828 0.327148 0.039062 0.056641
0 0.639648 0.326172 0.041016 0.031250
0 0.423828 0.389648 0.027344 0.041016
0 0.160156 0.439453 0.050781 0.054688
0 0.749023 0.463867 0.056641 0.064453
0 0.857422 0.459961 0.031250 0.052734
0 0.459961 0.526367 0.048828 0.048828
0 0.940430 0.639648 0.052734 0.041016
0 0.704102 0.668945 0.037109 0.044922
0 0.889648 0.695312 0.025391 0.054688
0 0.302734 0.753906 0.027344 0.046875
0 0.611328 0.765625 0.042969 0.046875
0 0.232422 0.795898 0.027344 0.037109
0 0.361328 0.861328 0.039062 0.035156
0 0.829102 0.870117 0.041016 0.044922
0 0.078125 0.890625 0.035156 0.066406
0 0.457031 0.929688 0.035156 0.062500
0 0.515625 0.932617 0.039062 0.052734
0 0.140625 0.958008 0.031250 0.041016
0 0.389648 0.970956 0.021484 0.055193
