0 0.506916 0.632417 0.029292 0.049204
0 0.183594 0.086914 0.054688 0.064453
0 0.797852 0.096680 0.021484 0.052734
0 0.278320 0.123047 0.048828 0.054688
0 0.918945 0.214844 0.041016 0.058594
0 0.313477 0.251953 0.052734 0.054688
0 0.108398 0.283203 0.025391 0.054688
0 0.218750 0.329102 0.058594 0.103516
0 0.875977 0.316406 0.048828 0.054688
0 0.521484 0.370117 0.039062 0.041016
0 0.528320 0.443359 0.048828 0.046875
0 0.795898 0.472656 0.025391 0.042969
0 0.329102 0.601562 0.029297 0.039062
0 0.500000 0.749023 0.054688 0.048828
0 0.545898 0.819336 0.021484 0.048828
0 0.703125 0.933594 0.023438 0.046875
0 0.392578 0.942383 0.027344 0.056641
0 0.641602 0.948242 0.033203 0.041016
