0 0.519121 0.245297 0.055330 0.082489
0 0.512695 0.041992 0.033203 0.083984
0 0.028320 0.065430 0.056641 0.048828
0 0.737305 0.092773 0.044922 0.064453
0 0.138672 0.093750 0.035156 0.062500
0 0.594727 0.134766 0.060547 0.085938
0 0.918945 0.138672 0.021484 0.074219
0 0.407227 0.140625 0.044922 0.023438
0 0.735352 0.189453 0.025391 0.062500
0 0.593750 0.486328 0.050781 0.031250
0 0.262695 0.514648 0.021484 0.048828
0 0.700195 0.609375 0.021484 0.066406
0 0.621094 0.704102 0.046875 0.021484
0 0.811523 0.752930 0.048828 0.044922
0 0.926758 0.763672 0.041016 0.042969
0 0.596680 0.861328 0.044922 0.023438
0 0.735352 0.964120 0.021484 0.068865
