0 0.455655 0.311143 0.022783 0.037627
0 0.436523 0.168945 0.052734 0.076172
0 0.299805 0.405273 0.021484 0.044922
0 0.357422 0.436523 0.039062 0.041016
0 0.518555 0.581055 0.037109 0.029297
0 0.160156 0.603516 0.050781 0.058594
0 0.889648 0.651367 0.025391 0.056641
0 0.268555 0.640625 0.083984 0.031250
0 0.776367 0.744141 0.048828 0.050781
0 0.327148 0.737305 0.037109 0.029297
0 0.626953 0.737305 0.058594 0.017578
0 0.699219 0.828125 0.019531 0.050781
0 0.949219 0.867188 0.042969 0.042969
0 0.316406 0.874023 0.046875 0.052734
0 0.122070 0.939453 0.048828 0.042969
0 0.250000 0.940430 0.054688 0.044922
