0 0.446298 0.822721 0.018714 0.033285
0 0.562500 0.088867 0.058594 0.052734
0 0.674805 0.121094 0.033203 0.058594
0 0.201172 0.153320 0.039062 0.068359
0 0.611328 0.136719 0.035156 0.039062
0 0.793945 0.172852 0.041016 0.052734
0 0.700195 0.216797 0.041016 0.058594
0 0.515625 0.244141 0.023438 0.062500
0 0.333008 0.260742 0.083984 0.037109
0 0.831055 0.267578 0.037109 0.039062
0 0.708984 0.300781 0.046875 0.031250
0 0.205078 0.356445 0.031250 0.037109
0 0.511719 0.358398 0.039062 0.044922
0 0.048828 0.373047 0.035156 0.062500
0 0.768555 0.381836 0.033203 0.060547
0 0.696289 0.410156 0.033203 0.066406
0 0.140625 0.467773 0.031250 0.060547
0 0.638672 0.509766 0.035156 0.039062
0 0.704102 0.508789 0.033203 0.041016
0 0.263672 0.512695 0.031250 0.041016
0 0.078125 0.548828 0.027344 0.035156
0 0.813477 0.546875 0.052734 0.027344
0 0.062500 0.654297 0.046875 0.050781
0 0.762695 0.773438 0.033203 0.113281
0 0.046875 0.756836 0.031250 0.048828
0 0.174805 0.829102 0.033203 0.033203
0 0.171875 0.939453 0.035156 0.062500
