0 0.432465 0.095514 0.051261 0.081042
0 0.715820 0.073242 0.052734 0.044922
0 0.941406 0.076172 0.058594 0.027344
0 0.850586 0.113281 0.041016 0.035156
0 0.776367 0.205078 0.048828 0.039062
0 0.235352 0.202148 0.033203 0.029297
0 0.614258 0.260742 0.044922 0.033203
0 0.843750 0.277344 0.050781 0.050781
0 0.984945 0.385742 0.028483 0.033203
0 0.916016 0.397461 0.039062 0.048828
0 0.319336 0.389648 0.044922 0.025391
0 0.706055 0.442383 0.025391 0.052734
0 0.545898 0.560547 0.025391 0.046875
0 0.045898 0.638672 0.017578 0.085938
0 0.246094 0.697266 0.054688 0.148438
0 0.055664 0.735352 0.052734 0.029297
0 0.083008 0.834961 0.037109 0.041016
0 0.235352 0.926758 0.029297 0.037109
0 0.083008 0.939453 0.037109 0.042969
0 0.839844 0.969003 0.050781 0.059100
