0 0.496338 0.906657 0.021155 0.041968
0 0.390625 0.026367 0.035156 0.052734
0 0.225586 0.070312 0.064453 0.054688
0 0.338867 0.076172 0.048828 0.027344
0 0.128906 0.355469 0.050781 0.023438
0 0.468750 0.370117 0.109375 0.052734
0 0.060547 0.408203 0.054688 0.058594
0 0.771484 0.609375 0.023438 0.066406
0 0.648438 0.657227 0.035156 0.037109
0 0.659180 0.723633 0.107422 0.068359
0 0.778320 0.734375 0.044922 0.078125
0 0.216797 0.801758 0.050781 0.068359
0 0.154297 0.858398 0.074219 0.076172
0 0.208008 0.919922 0.076172 0.031250
