0 0.391375 0.533285 0.045566 0.079595
0 0.281250 0.065430 0.042969 0.041016
0 0.889648 0.094727 0.029297 0.056641
0 0.734375 0.139648 0.035156 0.048828
0 0.546875 0.166016 0.031250 0.066406
0 0.672852 0.303711 0.021484 0.068359
0 0.734375 0.313477 0.023438 0.056641
0 0.579102 0.317383 0.037109 0.056641
0 0.821289 0.377930 0.041016 0.072266
0 0.392578 0.370117 0.031250 0.048828
0 0.703125 0.441406 0.023438 0.046875
0 0.128906 0.499023 0.050781 0.056641
0 0.261719 0.562500 0.031250 0.062500
0 0.456055 0.601562 0.029297 0.050781
0 0.716797 0.622070 0.046875 0.048828
0 0.887695 0.824219 0.041016 0.046875
0 0.135742 0.827148 0.037109 0.033203
0 0.610352 0.851562 0.037109 0.050781
0 0.292969 0.902344 0.035156 0.074219
0 0.609375 0.968026 0.027344 0.061053
0 0.145508 0.959961 0.052734 0.029297
