0 0.638324 0.492764 0.028478 0.053546
0 0.861328 0.018555 0.031250 0.037109
0 0.247070 0.043945 0.044922 0.029297
0 0.607422 0.060547 0.031250 0.054688
0 0.669922 0.060547 0.023438 0.050781
0 0.139648 0.090820 0.021484 0.052734
0 0.623047 0.140625 0.050781 0.035156
0 0.775391 0.215820 0.046875 0.064453
0 0.267578 0.251953 0.023438 0.062500
0 0.687500 0.232422 0.046875 0.023438
0 0.087891 0.375977 0.046875 0.068359
0 0.076172 0.501953 0.039062 0.062500
0 0.681641 0.547852 0.042969 0.037109
0 0.469727 0.616211 0.048828 0.083984
0 0.808594 0.644531 0.050781 0.078125
0 0.224609 0.643555 0.046875 0.033203
0 0.088867 0.690430 0.048828 0.056641
0 0.848633 0.750977 0.052734 0.056641
0 0.596680 0.890625 0.048828 0.046875
0 0.574219 0.966073 0.023438 0.064959
