0 0.600081 0.597685 0.025224 0.052098
0 0.158203 0.109375 0.050781 0.019531
0 0.295898 0.173828 0.041016 0.046875
0 0.880859 0.223633 0.050781 0.052734
0 0.448242 0.239258 0.041016 0.044922
0 0.797852 0.318359 0.029297 0.046875
0 0.389648 0.350586 0.037109 0.056641
0 0.123047 0.386719 0.066406 0.031250
0 0.790039 0.464844 0.037109 0.058594
0 0.548828 0.473633 0.027344 0.056641
0 0.263672 0.583984 0.027344 0.078125
0 0.716797 0.596680 0.054688 0.048828
0 0.843750 0.606445 0.050781 0.033203
0 0.488281 0.712891 0.027344 0.046875
0 0.191406 0.750000 0.050781 0.054688
0 0.700195 0.764648 0.033203 0.033203
0 0.530273 0.768555 0.052734 0.029297
0 0.795898 0.833984 0.021484 0.046875
0 0.949219 0.910156 0.042969 0.062500
0 0.129883 0.952148 0.056641 0.029297
