0 0.347030 0.622287 0.038242 0.063676
0 0.859375 0.218750 0.035156 0.054688
0 0.283203 0.248047 0.046875 0.050781
0 0.398438 0.359375 0.046875 0.078125
0 0.109375 0.390625 0.039062 0.132812
0 0.902344 0.441406 0.054688 0.050781
0 0.589844 0.489258 0.054688 0.080078
0 0.283203 0.563477 0.042969 0.044922
0 0.098633 0.608398 0.048828 0.025391
0 0.176758 0.635742 0.033203 0.041016
0 0.812500 0.697266 0.058594 0.054688
0 0.721680 0.764648 0.060547 0.068359
0 0.420898 0.777344 0.033203 0.054688
0 0.520508 0.844727 0.041016 0.068359
0 0.611328 0.845703 0.015625 0.058594
0 0.359375 0.854492 0.035156 0.052734
0 0.810547 0.875000 0.058594 0.058594
0 0.707031 0.954102 0.035156 0.033203
