0 0.600081 0.597685 0.025224 0.052098
0 0.625000 0.077148 0.046875 0.025391
0 0.294922 0.167969 0.035156 0.046875
0 0.875000 0.218750 0.046875 0.050781
0 0.432617 0.234375 0.056641 0.023438
0 0.387695 0.346680 0.037109 0.056641
0 0.123047 0.381836 0.054688 0.052734
0 0.048828 0.403320 0.019531 0.052734
0 0.786133 0.455078 0.044922 0.039062
0 0.548828 0.472656 0.031250 0.058594
0 0.422852 0.472656 0.021484 0.050781
0 0.829102 0.579102 0.029297 0.091797
0 0.714844 0.590820 0.046875 0.056641
0 0.484375 0.688477 0.019531 0.048828
0 0.180664 0.750000 0.044922 0.062500
0 0.922852 0.764648 0.029297 0.041016
0 0.520508 0.766602 0.037109 0.033203
0 0.795898 0.828125 0.025391 0.042969
0 0.388672 0.845703 0.027344 0.050781
0 0.923828 0.895508 0.035156 0.060547
0 0.828125 0.935547 0.015625 0.054688
0 0.116211 0.947266 0.044922 0.050781
