0 0.548820 0.506512 0.034988 0.052098
0 0.419922 0.043945 0.027344 0.041016
0 0.187500 0.094727 0.046875 0.048828
0 0.827148 0.107422 0.025391 0.039062
0 0.421875 0.199219 0.027344 0.042969
0 0.746094 0.223633 0.054688 0.083984
0 0.830078 0.222656 0.023438 0.070312
0 0.137695 0.237305 0.033203 0.033203
0 0.125000 0.345703 0.046875 0.085938
0 0.785156 0.440430 0.050781 0.068359
0 0.357422 0.451172 0.031250 0.039062
0 0.449219 0.504883 0.031250 0.072266
0 0.041016 0.536133 0.027344 0.044922
0 0.688477 0.655273 0.048828 0.060547
0 0.783203 0.642578 0.046875 0.027344
0 0.236328 0.728516 0.027344 0.058594
0 0.326172 0.736328 0.027344 0.070312
0 0.393555 0.776367 0.041016 0.041016
0 0.224609 0.912109 0.058594 0.058594
0 0.420898 0.944336 0.029297 0.060547
0 0.906250 0.985605 0.046875 0.025897
