0 0.496338 0.554993 0.034174 0.053546
0 0.117188 0.239258 0.058594 0.072266
0 0.888672 0.343750 0.035156 0.078125
0 0.114258 0.374023 0.076172 0.064453
0 0.690430 0.376953 0.048828 0.054688
0 0.470703 0.387695 0.039062 0.033203
0 0.750000 0.446289 0.058594 0.056641
0 0.298828 0.469727 0.035156 0.056641
0 0.669922 0.596680 0.035156 0.072266
0 0.545898 0.608398 0.033203 0.037109
0 0.734375 0.613281 0.031250 0.035156
0 0.256836 0.609375 0.052734 0.019531
0 0.891602 0.743164 0.029297 0.048828
0 0.425781 0.907227 0.027344 0.048828
0 0.077148 0.940430 0.033203 0.072266
0 0.668945 0.971933 0.021484 0.053240
