0 0.286005 0.518813 0.043124 0.065123
0 0.370117 0.128906 0.056641 0.058594
0 0.859375 0.230469 0.039062 0.085938
0 0.133789 0.302734 0.048828 0.062500
0 0.824219 0.373047 0.039062 0.054688
0 0.259766 0.409180 0.031250 0.048828
0 0.376953 0.416992 0.042969 0.033203
0 0.794922 0.422852 0.031250 0.041016
0 0.675781 0.543945 0.027344 0.041016
0 0.828125 0.559570 0.023438 0.060547
0 0.514648 0.749023 0.033203 0.064453
0 0.123047 0.735352 0.074219 0.033203
0 0.587891 0.732422 0.050781 0.023438
0 0.265625 0.751953 0.023438 0.050781
0 0.780273 0.774414 0.048828 0.083984
0 0.482422 0.855469 0.031250 0.070312
0 0.231445 0.872070 0.017578 0.052734
0 0.955078 0.955078 0.027344 0.042969
0 0.251953 0.970956 0.042969 0.055193
