0 0.480065 0.616498 0.047193 0.075253
0 0.267578 0.062500 0.023438 0.046875
0 0.521484 0.090820 0.039062 0.068359
0 0.253906 0.221680 0.058594 0.056641
0 0.409180 0.219727 0.111328 0.052734
0 0.166992 0.386719 0.037109 0.042969
0 0.283203 0.394531 0.050781 0.039062
0 0.901367 0.446289 0.041016 0.056641
0 0.357422 0.446289 0.027344 0.044922
0 0.108398 0.465820 0.029297 0.064453
0 0.703125 0.469727 0.023438 0.048828
0 0.641602 0.501953 0.037109 0.054688
0 0.203125 0.510742 0.027344 0.048828
0 0.921875 0.577148 0.027344 0.064453
0 0.261719 0.623047 0.031250 0.058594
0 0.687500 0.759766 0.050781 0.078125
0 0.326172 0.773438 0.031250 0.046875
0 0.454102 0.875000 0.021484 0.050781
