0 0.385679 0.716353 0.040683 0.072359
0 0.421875 0.056641 0.027344 0.042969
0 0.263672 0.140625 0.031250 0.035156
0 0.419922 0.235352 0.042969 0.052734
0 0.172852 0.265625 0.029297 0.039062
0 0.485352 0.301758 0.033203 0.048828
0 0.299805 0.438477 0.033203 0.068359
0 0.527344 0.433594 0.050781 0.058594
0 0.943359 0.450195 0.042969 0.033203
0 0.683594 0.518555 0.054688 0.037109
0 0.766602 0.559570 0.025391 0.056641
0 0.292969 0.586914 0.035156 0.056641
0 0.449219 0.595703 0.031250 0.062500
0 0.678711 0.618164 0.033203 0.052734
0 0.565430 0.626953 0.044922 0.046875
0 0.801758 0.673828 0.080078 0.027344
0 0.511719 0.715820 0.027344 0.056641
0 0.329102 0.725586 0.033203 0.048828
0 0.699219 0.837891 0.035156 0.074219
0 0.874023 0.833984 0.044922 0.062500
0 0.767578 0.871094 0.039062 0.062500
0 0.390625 0.892578 0.031250 0.035156
0 0.175781 0.936523 0.023438 0.044922
0 0.894531 0.976815 0.031250 0.043475
