0 0.322213 0.770622 0.029292 0.050651
0 0.939453 0.065430 0.050781 0.056641
0 0.136719 0.087891 0.027344 0.058594
0 0.388672 0.105469 0.035156 0.039062
0 0.161133 0.213867 0.048828 0.072266
0 0.795898 0.234375 0.029297 0.070312
0 0.265625 0.248047 0.039062 0.062500
0 0.925781 0.345703 0.039062 0.062500
0 0.732422 0.361328 0.046875 0.031250
0 0.094727 0.430664 0.044922 0.048828
0 0.877930 0.465820 0.052734 0.060547
0 0.208008 0.507812 0.029297 0.035156
0 0.750000 0.756836 0.046875 0.056641
0 0.500977 0.795898 0.048828 0.087891
0 0.419922 0.808594 0.023438 0.054688
0 0.264648 0.814453 0.021484 0.046875
0 0.081055 0.820312 0.021484 0.046875
0 0.766602 0.878906 0.025391 0.050781
0 0.490234 0.922852 0.042969 0.048828
