0 0.336452 0.746744 0.034988 0.057887
0 0.776367 0.046875 0.052734 0.027344
0 0.593750 0.048828 0.042969 0.023438
0 0.170898 0.077148 0.033203 0.041016
0 0.264648 0.098633 0.029297 0.052734
0 0.178711 0.140625 0.041016 0.039062
0 0.730469 0.198242 0.035156 0.041016
0 0.587891 0.238281 0.046875 0.039062
0 0.089844 0.279297 0.046875 0.054688
0 0.487305 0.343750 0.033203 0.042969
0 0.205078 0.360352 0.035156 0.033203
0 0.765625 0.374023 0.027344 0.056641
0 0.346680 0.492188 0.048828 0.050781
0 0.170898 0.514648 0.029297 0.041016
0 0.236328 0.580078 0.031250 0.093750
0 0.938477 0.633789 0.048828 0.068359
0 0.891602 0.718750 0.029297 0.050781
0 0.646484 0.750977 0.062500 0.044922
0 0.545898 0.752930 0.037109 0.037109
0 0.194336 0.847656 0.044922 0.058594
0 0.591797 0.830078 0.050781 0.023438
0 0.046875 0.879883 0.031250 0.060547
0 0.380859 0.904297 0.046875 0.062500
0 0.810547 0.888672 0.054688 0.023438
0 0.293945 0.920898 0.029297 0.064453
