0 0.148902 0.675832 0.027665 0.046310
0 0.732422 0.042969 0.031250 0.035156
0 0.795898 0.073242 0.021484 0.072266
0 0.862305 0.070312 0.021484 0.050781
0 0.505859 0.106445 0.042969 0.033203
0 0.580078 0.195312 0.027344 0.101562
0 0.143555 0.332031 0.029297 0.082031
0 0.552734 0.329102 0.035156 0.048828
0 0.563477 0.421875 0.056641 0.019531
0 0.171875 0.440430 0.039062 0.052734
0 0.750977 0.463867 0.060547 0.064453
0 0.858398 0.463867 0.021484 0.048828
0 0.477539 0.525391 0.033203 0.046875
0 0.546875 0.604492 0.027344 0.095703
0 0.950195 0.638672 0.037109 0.046875
0 0.639648 0.756836 0.091797 0.052734
0 0.305664 0.757812 0.041016 0.046875
0 0.364258 0.861328 0.037109 0.031250
0 0.832031 0.882812 0.035156 0.058594
0 0.090820 0.881836 0.044922 0.044922
0 0.473633 0.931641 0.060547 0.062500
0 0.389648 0.969980 0.021484 0.057147
