0 0.530919 0.379884 0.048007 0.085384
0 0.360352 0.027344 0.021484 0.054688
0 0.635742 0.098633 0.033203 0.052734
0 0.587891 0.185547 0.046875 0.074219
0 0.449219 0.189453 0.027344 0.050781
0 0.158203 0.194336 0.042969 0.048828
0 0.634766 0.299805 0.046875 0.060547
0 0.127930 0.291992 0.044922 0.029297
0 0.737305 0.341797 0.029297 0.058594
0 0.796875 0.430664 0.035156 0.064453
0 0.866211 0.439453 0.041016 0.050781
0 0.042969 0.453125 0.031250 0.062500
0 0.363281 0.453125 0.039062 0.042969
0 0.608398 0.509766 0.044922 0.058594
0 0.733398 0.541992 0.037109 0.041016
0 0.574219 0.601562 0.019531 0.054688
0 0.297852 0.617188 0.033203 0.062500
0 0.677734 0.621094 0.031250 0.042969
0 0.361328 0.639648 0.035156 0.033203
0 0.076172 0.709961 0.023438 0.064453
0 0.628906 0.941406 0.050781 0.042969
0 0.168945 0.954102 0.025391 0.052734
