0 0.489422 0.623010 0.033360 0.076700
0 0.536133 0.012695 0.041016 0.025391
0 0.740234 0.044922 0.046875 0.035156
0 0.838867 0.202148 0.041016 0.041016
0 0.985921 0.226562 0.026530 0.054688
0 0.617188 0.239258 0.054688 0.064453
0 0.729492 0.261719 0.080078 0.082031
0 0.268555 0.296875 0.033203 0.035156
0 0.298828 0.370117 0.023438 0.052734
0 0.846680 0.389648 0.044922 0.083984
0 0.601562 0.436523 0.046875 0.064453
0 0.702148 0.532227 0.037109 0.060547
0 0.517578 0.551758 0.027344 0.037109
0 0.880859 0.624023 0.046875 0.068359
0 0.580078 0.773438 0.039062 0.066406
0 0.862305 0.769531 0.072266 0.039062
0 0.858398 0.865234 0.025391 0.050781
0 0.704102 0.867188 0.037109 0.039062
0 0.792969 0.934570 0.027344 0.048828
