0 0.429618 0.479740 0.042311 0.068017
0 0.872070 0.066406 0.048828 0.039062
0 0.458008 0.103516 0.041016 0.054688
0 0.781250 0.198242 0.050781 0.033203
0 0.597656 0.249023 0.046875 0.048828
0 0.928711 0.257812 0.048828 0.046875
0 0.505859 0.273438 0.039062 0.042969
0 0.438477 0.297852 0.048828 0.041016
0 0.230469 0.375977 0.046875 0.060547
0 0.718750 0.419922 0.054688 0.066406
0 0.498047 0.424805 0.046875 0.060547
0 0.093750 0.475586 0.050781 0.052734
0 0.267578 0.477539 0.035156 0.048828
0 0.592773 0.518555 0.052734 0.048828
0 0.954102 0.538086 0.025391 0.056641
0 0.500977 0.536133 0.041016 0.048828
0 0.156250 0.602539 0.042969 0.044922
0 0.496094 0.619141 0.050781 0.058594
0 0.888672 0.633789 0.039062 0.056641
0 0.500977 0.738281 0.052734 0.031250
0 0.418945 0.886719 0.044922 0.027344
0 0.873047 0.974862 0.039062 0.047381
