0 0.462978 0.678726 0.047193 0.083936
0 0.529297 0.064453 0.050781 0.054688
0 0.672852 0.124023 0.029297 0.064453
0 0.135742 0.138672 0.037109 0.035156
0 0.867188 0.224609 0.066406 0.078125
0 0.216797 0.354492 0.046875 0.033203
0 0.752930 0.358398 0.044922 0.025391
0 0.690430 0.408203 0.044922 0.050781
0 0.263672 0.447266 0.031250 0.050781
0 0.334961 0.456055 0.037109 0.044922
0 0.562500 0.515625 0.046875 0.070312
0 0.241211 0.607422 0.052734 0.042969
0 0.814453 0.629883 0.046875 0.044922
0 0.988851 0.687500 0.020671 0.042969
0 0.234375 0.729492 0.023438 0.080078
0 0.731445 0.728516 0.037109 0.054688
0 0.545898 0.768555 0.017578 0.064453
0 0.111328 0.782227 0.035156 0.064453
0 0.456055 0.851562 0.025391 0.046875
0 0.620117 0.850586 0.052734 0.033203
0 0.232422 0.876953 0.031250 0.066406
0 0.751953 0.891602 0.054688 0.025391
0 0.455078 0.953125 0.035156 0.039062
