0 0.587469 0.390738 0.087876 0.138929
0 0.880859 0.082031 0.046875 0.074219
0 0.916992 0.208008 0.044922 0.048828
0 0.453125 0.204102 0.031250 0.033203
0 0.080078 0.228516 0.039062 0.070312
0 0.747070 0.260742 0.056641 0.087891
0 0.633789 0.270508 0.044922 0.080078
0 0.235352 0.362305 0.033203 0.041016
0 0.750000 0.588867 0.050781 0.123047
0 0.343750 0.583984 0.050781 0.078125
0 0.667969 0.574219 0.035156 0.035156
0 0.205078 0.681641 0.035156 0.046875
0 0.258789 0.731445 0.029297 0.041016
0 0.850586 0.727539 0.037109 0.033203
0 0.045898 0.751953 0.025391 0.054688
0 0.140625 0.908203 0.023438 0.058594
0 0.643555 0.910156 0.033203 0.058594
0 0.770508 0.969980 0.029297 0.057147
