0 0.593979 0.306802 0.021155 0.034732
0 0.436523 0.142578 0.048828 0.078125
0 0.317383 0.158203 0.048828 0.062500
0 0.654297 0.202148 0.042969 0.029297
0 0.234375 0.265625 0.042969 0.074219
0 0.042969 0.275391 0.027344 0.054688
0 0.652344 0.262695 0.046875 0.029297
0 0.893555 0.361328 0.033203 0.035156
0 0.782227 0.385742 0.044922 0.072266
0 0.104492 0.399414 0.041016 0.080078
0 0.689453 0.398438 0.039062 0.042969
0 0.236328 0.465820 0.023438 0.060547
0 0.467773 0.473633 0.048828 0.068359
0 0.613281 0.505859 0.035156 0.058594
0 0.419922 0.566406 0.023438 0.050781
0 0.730469 0.597656 0.031250 0.066406
0 0.128906 0.618164 0.054688 0.064453
0 0.200195 0.610352 0.033203 0.033203
0 0.953125 0.680664 0.023438 0.044922
0 0.581055 0.686523 0.021484 0.048828
0 0.768555 0.756836 0.029297 0.064453
0 0.482422 0.891602 0.035156 0.033203
