0 0.370627 0.487699 0.030106 0.054993
0 0.780273 0.076172 0.052734 0.039062
0 0.921875 0.124023 0.023438 0.048828
0 0.543945 0.132812 0.048828 0.046875
0 0.673828 0.223633 0.027344 0.052734
0 0.764648 0.251953 0.025391 0.054688
0 0.546875 0.339844 0.027344 0.078125
0 0.123047 0.432617 0.058594 0.056641
0 0.496094 0.436523 0.050781 0.041016
0 0.780273 0.440430 0.044922 0.041016
0 0.252930 0.451172 0.048828 0.039062
0 0.605469 0.541992 0.027344 0.041016
0 0.342773 0.597656 0.048828 0.046875
0 0.422852 0.627930 0.029297 0.052734
0 0.160156 0.674805 0.046875 0.080078
0 0.950195 0.715820 0.033203 0.064453
0 0.749023 0.717773 0.041016 0.041016
0 0.701172 0.767578 0.027344 0.039062
0 0.045898 0.845703 0.017578 0.054688
0 0.421875 0.881836 0.035156 0.056641
0 0.153320 0.903320 0.048828 0.060547
0 0.045898 0.938477 0.029297 0.064453
0 0.798828 0.946289 0.023438 0.072266
