0 0.345403 0.451520 0.028478 0.054993
0 0.483398 0.070312 0.037109 0.042969
0 0.352539 0.217773 0.048828 0.064453
0 0.452148 0.222656 0.021484 0.054688
0 0.580078 0.245117 0.031250 0.068359
0 0.187500 0.235352 0.050781 0.029297
0 0.263672 0.290039 0.023438 0.087891
0 0.055664 0.343750 0.056641 0.050781
0 0.918945 0.342773 0.029297 0.048828
0 0.765625 0.373047 0.023438 0.058594
0 0.857422 0.404297 0.027344 0.054688
0 0.795898 0.418945 0.033203 0.056641
0 0.652344 0.449219 0.050781 0.039062
0 0.583008 0.519531 0.041016 0.050781
0 0.387695 0.585938 0.033203 0.066406
0 0.295898 0.580078 0.029297 0.039062
0 0.750000 0.711914 0.046875 0.080078
0 0.565430 0.721680 0.044922 0.068359
0 0.642578 0.731445 0.031250 0.033203
0 0.510742 0.841797 0.033203 0.058594
0 0.168945 0.892578 0.025391 0.039062
