0 0.566314 0.756874 0.017901 0.037627
0 0.346680 0.012695 0.041016 0.025391
0 0.496094 0.014648 0.042969 0.029297
0 0.262695 0.047852 0.033203 0.037109
0 0.500000 0.120117 0.046875 0.044922
0 0.304688 0.227539 0.054688 0.060547
0 0.453125 0.283203 0.027344 0.046875
0 0.641602 0.310547 0.033203 0.058594
0 0.905273 0.359375 0.052734 0.027344
0 0.360352 0.402344 0.072266 0.042969
0 0.746094 0.426758 0.046875 0.064453
0 0.937500 0.536133 0.042969 0.044922
0 0.290039 0.541992 0.037109 0.044922
0 0.392578 0.541016 0.027344 0.039062
0 0.060547 0.641602 0.046875 0.025391
0 0.220703 0.672852 0.046875 0.025391
0 0.343750 0.737305 0.058594 0.076172
0 0.180664 0.800781 0.044922 0.027344
0 0.314453 0.796875 0.046875 0.019531
0 0.704102 0.832031 0.033203 0.046875
0 0.515625 0.862305 0.035156 0.064453
0 0.362305 0.914062 0.025391 0.050781
0 0.234375 0.917969 0.031250 0.046875
0 0.425781 0.944336 0.023438 0.048828
