0 0.414565 0.371925 0.043124 0.072359
0 0.332031 0.026367 0.027344 0.052734
0 0.469727 0.146484 0.048828 0.058594
0 0.795898 0.164062 0.033203 0.050781
0 0.122070 0.214844 0.048828 0.054688
0 0.780273 0.289062 0.048828 0.101562
0 0.170898 0.349609 0.021484 0.050781
0 0.457031 0.449219 0.035156 0.031250
0 0.796875 0.483398 0.035156 0.044922
0 0.521484 0.487305 0.031250 0.044922
0 0.387695 0.569336 0.021484 0.056641
0 0.094727 0.617188 0.044922 0.046875
0 0.578125 0.636719 0.039062 0.042969
0 0.814453 0.669922 0.050781 0.089844
0 0.722656 0.779297 0.050781 0.062500
0 0.353516 0.847656 0.039062 0.058594
0 0.429688 0.842773 0.035156 0.052734
