0 0.630187 0.476845 0.048007 0.082489
0 0.483398 0.090820 0.033203 0.068359
0 0.533203 0.482422 0.046875 0.078125
0 0.325195 0.517578 0.029297 0.039062
0 0.765625 0.541016 0.027344 0.046875
0 0.107422 0.585938 0.031250 0.042969
0 0.265625 0.633789 0.039062 0.056641
0 0.541992 0.666992 0.037109 0.064453
0 0.079102 0.714844 0.029297 0.070312
0 0.777344 0.722656 0.046875 0.046875
0 0.351562 0.777344 0.050781 0.062500
0 0.751953 0.807617 0.042969 0.052734
0 0.449219 0.815430 0.035156 0.052734
0 0.174805 0.845703 0.033203 0.058594
0 0.604492 0.875977 0.076172 0.048828
0 0.240234 0.908203 0.039062 0.050781
0 0.093750 0.933594 0.046875 0.050781
