0 0.524410 0.577424 0.031733 0.057887
0 0.201172 0.154297 0.031250 0.054688
0 0.417969 0.183594 0.035156 0.039062
0 0.369141 0.222656 0.042969 0.050781
0 0.144531 0.232422 0.031250 0.042969
0 0.283203 0.406250 0.050781 0.062500
0 0.888672 0.413086 0.035156 0.052734
0 0.547852 0.447266 0.029297 0.039062
0 0.955078 0.472656 0.027344 0.050781
0 0.409180 0.499023 0.064453 0.060547
0 0.735352 0.500977 0.041016 0.048828
0 0.201172 0.505859 0.035156 0.050781
0 0.285156 0.546875 0.042969 0.039062
0 0.862305 0.604492 0.029297 0.091797
0 0.231445 0.613281 0.033203 0.046875
0 0.671875 0.610352 0.035156 0.037109
0 0.500977 0.662109 0.048828 0.054688
0 0.861328 0.708984 0.039062 0.035156
0 0.429688 0.778320 0.031250 0.044922
0 0.222656 0.781250 0.050781 0.046875
0 0.297852 0.851562 0.021484 0.058594
