0 0.545972 0.749638 0.096013 0.164978
0 0.297852 0.025391 0.025391 0.050781
0 0.453125 0.029297 0.039062 0.058594
0 0.792969 0.067383 0.031250 0.048828
0 0.444336 0.107422 0.037109 0.031250
0 0.934570 0.177734 0.060547 0.070312
0 0.587891 0.248047 0.046875 0.058594
0 0.754883 0.280273 0.048828 0.068359
0 0.658203 0.319336 0.046875 0.068359
0 0.077148 0.318359 0.029297 0.058594
0 0.423828 0.329102 0.031250 0.037109
0 0.954102 0.406250 0.033203 0.062500
0 0.859375 0.417969 0.042969 0.039062
0 0.763672 0.485352 0.039062 0.041016
0 0.608398 0.562500 0.041016 0.074219
0 0.045898 0.641602 0.021484 0.076172
0 0.578125 0.770508 0.019531 0.083984
0 0.829102 0.791016 0.033203 0.035156
0 0.049805 0.848633 0.021484 0.048828
0 0.817383 0.892578 0.044922 0.039062
0 0.126953 0.944336 0.062500 0.060547
0 0.568359 0.952148 0.062500 0.033203
