0 0.524410 0.669320 0.039870 0.082489
0 0.433594 0.030273 0.050781 0.060547
0 0.346680 0.264648 0.044922 0.076172
0 0.048828 0.315430 0.023438 0.056641
0 0.870117 0.359375 0.048828 0.023438
0 0.314453 0.388672 0.042969 0.023438
0 0.157227 0.424805 0.048828 0.087891
0 0.835938 0.437500 0.039062 0.046875
0 0.747070 0.441406 0.056641 0.046875
0 0.615234 0.489258 0.035156 0.080078
0 0.254883 0.485352 0.048828 0.025391
0 0.828125 0.534180 0.023438 0.048828
0 0.421875 0.581055 0.015625 0.056641
0 0.901367 0.637695 0.044922 0.080078
0 0.857422 0.857422 0.074219 0.082031
0 0.670898 0.880859 0.029297 0.066406
0 0.296875 0.912109 0.031250 0.062500
0 0.544922 0.934570 0.031250 0.072266
