0 0.337673 0.680174 0.040683 0.069465
0 0.228516 0.029297 0.031250 0.058594
0 0.887695 0.125000 0.072266 0.050781
0 0.763672 0.143555 0.039062 0.037109
0 0.607422 0.218750 0.027344 0.058594
0 0.182617 0.246094 0.052734 0.050781
0 0.895508 0.282227 0.080078 0.068359
0 0.778320 0.304688 0.048828 0.082031
0 0.081055 0.389648 0.044922 0.052734
0 0.266602 0.404297 0.029297 0.062500
0 0.733398 0.402344 0.076172 0.046875
0 0.705078 0.456055 0.023438 0.064453
0 0.393555 0.597656 0.029297 0.042969
0 0.669922 0.603516 0.035156 0.050781
0 0.602539 0.685547 0.033203 0.066406
0 0.273438 0.745117 0.039062 0.048828
0 0.472656 0.831055 0.046875 0.033203
