0 0.457282 0.688857 0.035801 0.069465
0 0.720703 0.077148 0.046875 0.017578
0 0.675781 0.359375 0.027344 0.039062
0 0.157227 0.411133 0.048828 0.091797
0 0.327148 0.410156 0.025391 0.050781
0 0.450195 0.454102 0.033203 0.091797
0 0.263672 0.531250 0.031250 0.058594
0 0.718750 0.555664 0.050781 0.083984
0 0.296875 0.590820 0.027344 0.052734
0 0.139648 0.678711 0.029297 0.087891
0 0.668945 0.750000 0.048828 0.074219
0 0.614258 0.762695 0.029297 0.080078
0 0.937500 0.763672 0.042969 0.070312
0 0.298828 0.797852 0.031250 0.041016
0 0.045898 0.835938 0.021484 0.070312
0 0.296875 0.914062 0.023438 0.058594
0 0.761719 0.932617 0.027344 0.064453
0 0.133789 0.955078 0.048828 0.023438
0 0.415039 0.957031 0.048828 0.023438
