0 0.344182 0.675109 0.035801 0.065123
0 0.860352 0.063477 0.025391 0.052734
0 0.671875 0.068359 0.031250 0.050781
0 0.760742 0.247070 0.025391 0.048828
0 0.850586 0.252930 0.044922 0.037109
0 0.705078 0.283203 0.027344 0.054688
0 0.409180 0.301758 0.044922 0.056641
0 0.547852 0.346680 0.025391 0.056641
0 0.642578 0.375977 0.035156 0.060547
0 0.125000 0.422852 0.042969 0.076172
0 0.293945 0.454102 0.017578 0.072266
0 0.797852 0.466797 0.029297 0.054688
0 0.391602 0.541992 0.025391 0.080078
0 0.732422 0.546875 0.027344 0.074219
0 0.570312 0.609375 0.062500 0.023438
0 0.610352 0.682617 0.025391 0.060547
0 0.498047 0.689453 0.050781 0.066406
0 0.889648 0.708008 0.025391 0.044922
0 0.636719 0.778320 0.035156 0.068359
0 0.544922 0.791016 0.035156 0.031250
0 0.588867 0.884766 0.044922 0.058594
0 0.434570 0.904297 0.044922 0.058594
0 0.103516 0.936523 0.035156 0.068359
