0 0.656225 0.678726 0.043124 0.075253
0 0.420898 0.152344 0.021484 0.109375
0 0.642578 0.124023 0.023438 0.044922
0 0.784180 0.171875 0.048828 0.074219
0 0.673828 0.185547 0.027344 0.054688
0 0.486328 0.220703 0.023438 0.042969
0 0.550781 0.242188 0.042969 0.031250
0 0.435547 0.301758 0.050781 0.064453
0 0.202148 0.308594 0.029297 0.050781
0 0.049805 0.405273 0.025391 0.052734
0 0.517578 0.469727 0.042969 0.064453
0 0.359375 0.514648 0.011719 0.076172
0 0.719727 0.559570 0.048828 0.111328
0 0.471680 0.569336 0.052734 0.048828
0 0.404297 0.613281 0.039062 0.027344
0 0.951172 0.628906 0.035156 0.062500
0 0.840820 0.707031 0.052734 0.035156
0 0.111328 0.771484 0.031250 0.042969
0 0.626953 0.937500 0.046875 0.046875
