0 0.543938 0.410275 0.026851 0.053546
0 0.240234 0.043945 0.042969 0.041016
0 0.563477 0.047852 0.041016 0.029297
0 0.357422 0.090820 0.031250 0.060547
0 0.483398 0.099609 0.017578 0.074219
0 0.261719 0.245117 0.027344 0.044922
0 0.075195 0.326172 0.033203 0.078125
0 0.639648 0.363281 0.029297 0.035156
0 0.954102 0.499023 0.021484 0.056641
0 0.395508 0.509766 0.041016 0.054688
0 0.645508 0.596680 0.037109 0.044922
0 0.047852 0.651367 0.025391 0.060547
0 0.231445 0.667969 0.029297 0.039062
0 0.342773 0.720703 0.044922 0.050781
0 0.514648 0.832031 0.033203 0.074219
0 0.249023 0.838867 0.044922 0.048828
0 0.206055 0.919922 0.080078 0.054688
0 0.065430 0.925781 0.048828 0.062500
