0 0.502441 0.541245 0.030106 0.052098
0 0.405273 0.125977 0.052734 0.052734
0 0.920898 0.141602 0.033203 0.041016
0 0.349609 0.224609 0.050781 0.050781
0 0.296875 0.338867 0.023438 0.064453
0 0.451172 0.353516 0.039062 0.050781
0 0.173828 0.395508 0.019531 0.052734
0 0.608398 0.618164 0.033203 0.056641
0 0.809570 0.610352 0.052734 0.037109
0 0.108398 0.747070 0.033203 0.064453
0 0.364258 0.735352 0.041016 0.029297
0 0.765625 0.817383 0.023438 0.103516
0 0.611328 0.826172 0.027344 0.074219
0 0.953125 0.831055 0.035156 0.048828
0 0.238281 0.857422 0.035156 0.078125
0 0.080078 0.875977 0.027344 0.111328
0 0.405273 0.892578 0.052734 0.074219
0 0.486328 0.896484 0.027344 0.082031
0 0.705078 0.956055 0.039062 0.037109
