0 0.515053 0.507959 0.043938 0.075253
0 0.952148 0.101562 0.029297 0.066406
0 0.371094 0.095703 0.042969 0.046875
0 0.858398 0.116211 0.033203 0.064453
0 0.628906 0.280273 0.054688 0.056641
0 0.853516 0.355469 0.042969 0.035156
0 0.918945 0.377930 0.021484 0.048828
0 0.395508 0.387695 0.025391 0.048828
0 0.736328 0.500977 0.039062 0.060547
0 0.605469 0.530273 0.031250 0.056641
0 0.234375 0.618164 0.023438 0.060547
0 0.518555 0.627930 0.029297 0.060547
0 0.082031 0.683594 0.035156 0.066406
0 0.647461 0.724609 0.041016 0.085938
0 0.889648 0.703125 0.037109 0.035156
0 0.267578 0.720703 0.031250 0.058594
0 0.733398 0.716797 0.029297 0.050781
0 0.877930 0.765625 0.048828 0.023438
0 0.773438 0.829102 0.062500 0.087891
0 0.121094 0.891602 0.046875 0.083984
0 0.863281 0.951172 0.062500 0.039062
0 0.953125 0.973886 0.031250 0.049334
