0 0.528072 0.334298 0.034174 0.066570
0 0.502930 0.084961 0.048828 0.048828
0 0.067383 0.090820 0.041016 0.048828
0 0.856445 0.139648 0.021484 0.076172
0 0.754883 0.145508 0.044922 0.060547
0 0.481445 0.264648 0.080078 0.083984
0 0.637695 0.263672 0.033203 0.035156
0 0.576172 0.283203 0.023438 0.050781
0 0.238281 0.315430 0.042969 0.060547
0 0.610352 0.394531 0.025391 0.085938
0 0.168945 0.489258 0.029297 0.044922
0 0.494141 0.562500 0.054688 0.050781
0 0.702148 0.580078 0.021484 0.074219
0 0.298828 0.602539 0.027344 0.056641
0 0.548828 0.689453 0.023438 0.058594
0 0.392578 0.736328 0.027344 0.074219
0 0.525391 0.956055 0.062500 0.021484
