0 0.817331 0.729378 0.013832 0.031838
0 0.205078 0.028320 0.023438 0.056641
0 0.441406 0.029297 0.066406 0.058594
0 0.684570 0.046875 0.056641 0.023438
0 0.235352 0.160156 0.029297 0.046875
0 0.099609 0.232422 0.046875 0.031250
0 0.408203 0.243164 0.046875 0.033203
0 0.776367 0.252930 0.044922 0.052734
0 0.255859 0.257812 0.042969 0.050781
0 0.918945 0.274414 0.033203 0.072266
0 0.077148 0.297852 0.029297 0.033203
0 0.452148 0.396484 0.021484 0.097656
0 0.682617 0.393555 0.044922 0.080078
0 0.545898 0.487305 0.017578 0.076172
0 0.044922 0.495117 0.031250 0.060547
0 0.958008 0.577148 0.029297 0.037109
0 0.500977 0.608398 0.048828 0.025391
0 0.951172 0.717773 0.035156 0.056641
0 0.953125 0.840820 0.019531 0.103516
