0 0.573230 0.252533 0.028478 0.053546
0 0.838867 0.124023 0.044922 0.056641
0 0.491211 0.140625 0.041016 0.066406
0 0.395508 0.229492 0.033203 0.037109
0 0.817383 0.268555 0.052734 0.044922
0 0.746094 0.356445 0.050781 0.025391
0 0.079102 0.390625 0.033203 0.035156
0 0.681641 0.416992 0.046875 0.068359
0 0.061523 0.497070 0.041016 0.044922
0 0.806641 0.503906 0.042969 0.058594
0 0.704102 0.547852 0.029297 0.048828
0 0.141602 0.621094 0.033203 0.074219
0 0.669922 0.629883 0.031250 0.052734
0 0.348633 0.684570 0.044922 0.056641
0 0.583008 0.709961 0.052734 0.056641
0 0.735352 0.747070 0.083984 0.056641
0 0.075195 0.754883 0.037109 0.044922
0 0.327148 0.807617 0.025391 0.044922
0 0.387695 0.860352 0.037109 0.044922
0 0.751953 0.863281 0.054688 0.039062
0 0.876953 0.874023 0.058594 0.060547
0 0.520508 0.951172 0.041016 0.027344
0 0.416016 0.971933 0.031250 0.053240
