0 0.616762 0.758321 0.022783 0.043415
0 0.358398 0.048828 0.037109 0.042969
0 0.797852 0.172852 0.033203 0.083984
0 0.156250 0.196289 0.046875 0.076172
0 0.296875 0.224609 0.023438 0.132812
0 0.525391 0.280273 0.042969 0.060547
0 0.793945 0.419922 0.033203 0.050781
0 0.933594 0.637695 0.054688 0.083984
0 0.792969 0.664062 0.035156 0.046875
0 0.140625 0.767578 0.031250 0.074219
0 0.262695 0.806641 0.029297 0.050781
0 0.910156 0.829102 0.050781 0.080078
0 0.706055 0.823242 0.029297 0.037109
0 0.797852 0.855469 0.021484 0.070312
0 0.238281 0.934570 0.031250 0.052734
0 0.139648 0.973886 0.021484 0.049334
