0 0.580960 0.696093 0.037429 0.063676
0 0.542969 0.029297 0.035156 0.058594
0 0.359375 0.092773 0.023438 0.052734
0 0.434570 0.153320 0.048828 0.056641
0 0.047852 0.159180 0.037109 0.056641
0 0.781250 0.214844 0.042969 0.042969
0 0.149414 0.227539 0.033203 0.056641
0 0.079102 0.306641 0.037109 0.046875
0 0.378906 0.297852 0.046875 0.021484
0 0.688477 0.377930 0.041016 0.044922
0 0.048828 0.694336 0.023438 0.044922
0 0.220703 0.719727 0.042969 0.044922
0 0.374023 0.765625 0.048828 0.105469
0 0.130859 0.790039 0.046875 0.056641
0 0.632812 0.869141 0.050781 0.062500
0 0.513672 0.914062 0.023438 0.054688
0 0.222656 0.933594 0.054688 0.046875
0 0.094727 0.943359 0.052734 0.050781
