0 0.474369 0.482634 0.026037 0.044863
0 0.829102 0.092773 0.029297 0.052734
0 0.232422 0.125000 0.031250 0.062500
0 0.908203 0.173828 0.050781 0.078125
0 0.620117 0.207031 0.044922 0.031250
0 0.160156 0.278320 0.046875 0.064453
0 0.405273 0.343750 0.052734 0.105469
0 0.937500 0.390625 0.054688 0.027344
0 0.259766 0.450195 0.039062 0.095703
0 0.125000 0.448242 0.050781 0.029297
0 0.550781 0.456055 0.027344 0.044922
0 0.937500 0.468750 0.042969 0.042969
0 0.543945 0.530273 0.029297 0.072266
0 0.251953 0.687500 0.046875 0.058594
0 0.643555 0.701172 0.025391 0.066406
0 0.828125 0.747070 0.027344 0.048828
0 0.328125 0.811523 0.023438 0.052734
0 0.853516 0.843750 0.035156 0.046875
0 0.534180 0.908203 0.041016 0.042969
0 0.361328 0.919922 0.042969 0.058594
0 0.805664 0.937500 0.044922 0.062500
