0 0.613507 0.651954 0.034174 0.073806
0 0.810547 0.044922 0.050781 0.031250
0 0.152344 0.156250 0.050781 0.050781
0 0.498047 0.147461 0.042969 0.033203
0 0.391602 0.187500 0.029297 0.062500
0 0.266602 0.203125 0.029297 0.062500
0 0.711914 0.264648 0.048828 0.033203
0 0.852539 0.438477 0.052734 0.056641
0 0.609375 0.467773 0.027344 0.056641
0 0.304688 0.502930 0.054688 0.068359
0 0.608398 0.565430 0.025391 0.052734
0 0.405273 0.616211 0.048828 0.080078
0 0.203125 0.640625 0.031250 0.039062
0 0.471680 0.717773 0.048828 0.064453
0 0.567383 0.793945 0.048828 0.072266
0 0.548828 0.902344 0.027344 0.054688
0 0.737305 0.916992 0.033203 0.083984
0 0.044922 0.951172 0.031250 0.054688
