0 0.425549 0.790883 0.027665 0.053546
0 0.704102 0.069336 0.025391 0.044922
0 0.388672 0.125000 0.027344 0.054688
0 0.877930 0.109375 0.044922 0.023438
0 0.470703 0.138672 0.046875 0.031250
0 0.742188 0.211914 0.050781 0.068359
0 0.345703 0.221680 0.042969 0.044922
0 0.830078 0.248047 0.023438 0.046875
0 0.115234 0.387695 0.054688 0.037109
0 0.745117 0.410156 0.041016 0.054688
0 0.612305 0.423828 0.033203 0.035156
0 0.547852 0.512695 0.029297 0.037109
0 0.421875 0.518555 0.031250 0.041016
0 0.064453 0.565430 0.042969 0.052734
0 0.874023 0.598633 0.048828 0.064453
0 0.732422 0.606445 0.027344 0.044922
0 0.406250 0.621094 0.039062 0.042969
0 0.310547 0.645508 0.046875 0.072266
0 0.597656 0.685547 0.046875 0.058594
0 0.763672 0.717773 0.031250 0.056641
0 0.916992 0.790039 0.025391 0.056641
0 0.610352 0.873047 0.025391 0.058594
0 0.206055 0.891602 0.017578 0.060547
