0 0.810415 0.633140 0.024410 0.041968
0 0.093750 0.110352 0.046875 0.083984
0 0.856445 0.123047 0.021484 0.046875
0 0.827148 0.169922 0.033203 0.031250
0 0.171875 0.206055 0.035156 0.037109
0 0.718750 0.224609 0.058594 0.066406
0 0.950195 0.246094 0.041016 0.070312
0 0.356445 0.269531 0.033203 0.074219
0 0.856445 0.281250 0.037109 0.062500
0 0.172852 0.298828 0.044922 0.042969
0 0.210938 0.365234 0.050781 0.039062
0 0.779297 0.375977 0.054688 0.056641
0 0.295898 0.559570 0.029297 0.076172
0 0.920898 0.574219 0.029297 0.070312
0 0.215820 0.875977 0.048828 0.107422
0 0.878906 0.920898 0.054688 0.091797
