0 0.496338 0.906657 0.021155 0.041968
0 0.483398 0.029297 0.025391 0.058594
0 0.375000 0.108398 0.046875 0.029297
0 0.696289 0.149414 0.044922 0.068359
0 0.049805 0.185547 0.041016 0.062500
0 0.514648 0.173828 0.048828 0.042969
0 0.395508 0.169922 0.044922 0.027344
0 0.609375 0.183594 0.023438 0.046875
0 0.924805 0.227539 0.033203 0.060547
0 0.553711 0.269531 0.052734 0.031250
0 0.871094 0.363281 0.039062 0.035156
0 0.770508 0.425781 0.029297 0.039062
0 0.861328 0.511719 0.035156 0.039062
0 0.830078 0.592773 0.027344 0.052734
0 0.547852 0.659180 0.025391 0.048828
0 0.148438 0.693359 0.042969 0.062500
0 0.953125 0.686523 0.031250 0.048828
0 0.797852 0.815430 0.029297 0.048828
0 0.230469 0.826172 0.031250 0.046875
