0 0.293735 0.607815 0.021155 0.043415
0 0.811523 0.154297 0.052734 0.054688
0 0.341797 0.168945 0.054688 0.025391
0 0.490234 0.295898 0.074219 0.025391
0 0.235352 0.325195 0.033203 0.041016
0 0.380859 0.348633 0.058594 0.048828
0 0.895508 0.381836 0.033203 0.048828
0 0.754883 0.420898 0.041016 0.087891
0 0.389648 0.500000 0.021484 0.050781
0 0.488281 0.508789 0.023438 0.056641
0 0.264648 0.674805 0.037109 0.041016
0 0.112305 0.690430 0.025391 0.060547
0 0.615234 0.823242 0.023438 0.052734
0 0.385742 0.831055 0.029297 0.048828
0 0.480469 0.842773 0.027344 0.041016
0 0.065430 0.889648 0.048828 0.029297
0 0.408203 0.945312 0.046875 0.054688
0 0.287109 0.958008 0.035156 0.044922
0 0.916992 0.967050 0.033203 0.063006
