0 0.391375 0.533285 0.045566 0.079595
0 0.888672 0.084961 0.031250 0.064453
0 0.735352 0.131836 0.033203 0.056641
0 0.546875 0.157227 0.027344 0.064453
0 0.672852 0.294922 0.017578 0.066406
0 0.580078 0.310547 0.035156 0.062500
0 0.733398 0.308594 0.025391 0.058594
0 0.816406 0.366211 0.042969 0.087891
0 0.391602 0.370117 0.025391 0.048828
0 0.703125 0.439453 0.023438 0.050781
0 0.126953 0.496094 0.046875 0.058594
0 0.261719 0.550781 0.031250 0.078125
0 0.458008 0.595703 0.025391 0.050781
0 0.717773 0.614258 0.048828 0.037109
0 0.606445 0.698242 0.021484 0.052734
0 0.156250 0.734375 0.046875 0.019531
0 0.888672 0.815430 0.035156 0.056641
0 0.608398 0.841797 0.029297 0.054688
0 0.291992 0.890625 0.033203 0.097656
0 0.609375 0.964120 0.027344 0.068865
0 0.147461 0.958008 0.064453 0.033203
