0 0.499186 0.759045 0.030106 0.056440
0 0.441406 0.101562 0.046875 0.050781
0 0.233398 0.114258 0.025391 0.044922
0 0.453125 0.191406 0.019531 0.054688
0 0.359375 0.229492 0.027344 0.068359
0 0.576172 0.219727 0.019531 0.044922
0 0.135742 0.404297 0.052734 0.066406
0 0.671875 0.466797 0.023438 0.046875
0 0.078125 0.506836 0.031250 0.048828
0 0.706055 0.539062 0.029297 0.042969
0 0.134766 0.576172 0.046875 0.031250
0 0.369141 0.585938 0.042969 0.054688
0 0.671875 0.658203 0.023438 0.070312
0 0.097656 0.677734 0.046875 0.085938
0 0.255859 0.701172 0.042969 0.085938
0 0.220703 0.815430 0.042969 0.048828
0 0.076172 0.860352 0.023438 0.068359
0 0.858398 0.874023 0.021484 0.060547
0 0.559570 0.873047 0.044922 0.050781
0 0.309570 0.936523 0.048828 0.044922
