0 0.552889 0.578148 0.023596 0.044863
0 0.531250 0.224609 0.054688 0.050781
0 0.779297 0.223633 0.050781 0.048828
0 0.124023 0.262695 0.056641 0.029297
0 0.947266 0.294922 0.031250 0.085938
0 0.595703 0.376953 0.058594 0.101562
0 0.138672 0.427734 0.027344 0.078125
0 0.766602 0.419922 0.017578 0.066406
0 0.044922 0.451172 0.031250 0.042969
0 0.922852 0.512695 0.037109 0.041016
0 0.286133 0.534180 0.052734 0.068359
0 0.688477 0.533203 0.052734 0.058594
0 0.597656 0.547852 0.046875 0.076172
0 0.049805 0.708008 0.021484 0.072266
0 0.237305 0.789062 0.041016 0.050781
0 0.409180 0.808594 0.048828 0.078125
0 0.049805 0.833984 0.029297 0.039062
0 0.298828 0.956055 0.027344 0.041016
0 0.043945 0.969003 0.029297 0.059100
