0 0.519121 0.245297 0.055330 0.082489
0 0.611328 0.020508 0.027344 0.041016
0 0.515625 0.055664 0.031250 0.072266
0 0.140625 0.108398 0.031250 0.087891
0 0.740234 0.096680 0.050781 0.056641
0 0.857422 0.088867 0.027344 0.044922
0 0.988851 0.137695 0.020671 0.064453
0 0.596680 0.147461 0.056641 0.076172
0 0.416016 0.143555 0.039062 0.033203
0 0.457031 0.250977 0.039062 0.060547
0 0.780273 0.379883 0.052734 0.052734
0 0.390625 0.501953 0.035156 0.066406
0 0.261719 0.515625 0.027344 0.050781
0 0.686523 0.639648 0.052734 0.021484
0 0.876953 0.688477 0.042969 0.044922
0 0.612305 0.725586 0.029297 0.060547
0 0.819336 0.757812 0.048828 0.054688
0 0.923828 0.767578 0.035156 0.050781
