0 0.578519 0.666425 0.034174 0.056440
0 0.676758 0.058594 0.033203 0.058594
0 0.435547 0.161133 0.058594 0.056641
0 0.044922 0.178711 0.027344 0.064453
0 0.544922 0.205078 0.019531 0.078125
0 0.612305 0.374023 0.048828 0.095703
0 0.786133 0.470703 0.056641 0.058594
0 0.160156 0.495117 0.042969 0.056641
0 0.905273 0.487305 0.041016 0.044922
0 0.621094 0.520508 0.046875 0.076172
0 0.029297 0.579102 0.058594 0.033203
0 0.916992 0.597656 0.037109 0.062500
0 0.356445 0.617188 0.033203 0.082031
0 0.639648 0.638672 0.021484 0.074219
0 0.749023 0.629883 0.048828 0.052734
0 0.293945 0.690430 0.033203 0.060547
0 0.381836 0.770508 0.044922 0.064453
0 0.160156 0.837891 0.050781 0.046875
0 0.643555 0.882812 0.029297 0.050781
0 0.326172 0.922852 0.019531 0.076172
