0 0.580960 0.472504 0.019528 0.039074
0 0.270508 0.054688 0.052734 0.039062
0 0.540039 0.080078 0.041016 0.042969
0 0.933594 0.091797 0.054688 0.066406
0 0.348633 0.137695 0.048828 0.021484
0 0.663086 0.141602 0.048828 0.025391
0 0.452148 0.163086 0.033203 0.052734
0 0.135742 0.176758 0.033203 0.037109
0 0.210938 0.174805 0.039062 0.029297
0 0.360352 0.293945 0.029297 0.037109
0 0.040039 0.349609 0.037109 0.054688
0 0.759766 0.351562 0.035156 0.062500
0 0.126953 0.373047 0.050781 0.050781
0 0.315430 0.417969 0.052734 0.078125
0 0.608398 0.594727 0.037109 0.064453
0 0.915039 0.662109 0.037109 0.054688
0 0.827148 0.741211 0.037109 0.087891
0 0.177734 0.739258 0.031250 0.064453
0 0.549805 0.923828 0.025391 0.042969
0 0.953125 0.923828 0.035156 0.039062
