0 0.578926 0.559334 0.033360 0.062229
0 0.235352 0.046875 0.037109 0.039062
0 0.102539 0.127930 0.037109 0.048828
0 0.269531 0.125000 0.035156 0.042969
0 0.810547 0.125977 0.042969 0.044922
0 0.503906 0.191406 0.054688 0.066406
0 0.616211 0.234375 0.033203 0.039062
0 0.954102 0.366211 0.025391 0.068359
0 0.581055 0.372070 0.029297 0.056641
0 0.840820 0.417969 0.056641 0.093750
0 0.484375 0.443359 0.023438 0.046875
0 0.580078 0.466797 0.023438 0.050781
0 0.825195 0.560547 0.033203 0.062500
0 0.953125 0.625977 0.035156 0.072266
0 0.010742 0.630859 0.021484 0.046875
0 0.782227 0.784180 0.052734 0.064453
0 0.403320 0.796875 0.044922 0.023438
0 0.954102 0.870117 0.037109 0.095703
