0 0.389341 0.698263 0.044752 0.091172
0 0.868164 0.040039 0.029297 0.044922
0 0.749023 0.058594 0.072266 0.050781
0 0.137695 0.059570 0.033203 0.048828
0 0.250000 0.076172 0.050781 0.039062
0 0.795898 0.123047 0.029297 0.050781
0 0.482422 0.151367 0.027344 0.056641
0 0.593750 0.210938 0.042969 0.050781
0 0.878906 0.205078 0.046875 0.042969
0 0.423828 0.218750 0.019531 0.050781
0 0.292969 0.253906 0.027344 0.050781
0 0.098633 0.282227 0.044922 0.048828
0 0.936523 0.296875 0.044922 0.027344
0 0.887695 0.329102 0.037109 0.037109
0 0.282227 0.404297 0.048828 0.050781
0 0.390625 0.486328 0.031250 0.039062
0 0.058594 0.511719 0.050781 0.035156
0 0.622070 0.575195 0.056641 0.080078
0 0.235352 0.627930 0.029297 0.048828
0 0.472656 0.741211 0.054688 0.072266
0 0.888672 0.784180 0.027344 0.056641
0 0.115234 0.794922 0.039062 0.035156
0 0.410156 0.916016 0.050781 0.078125
0 0.947266 0.973886 0.027344 0.049334
