0 0.644020 0.818379 0.041497 0.065123
0 0.872070 0.064453 0.048828 0.058594
0 0.386719 0.092773 0.035156 0.064453
0 0.475586 0.109375 0.048828 0.039062
0 0.938477 0.141602 0.044922 0.076172
0 0.895508 0.240234 0.052734 0.023438
0 0.883789 0.372070 0.048828 0.068359
0 0.628906 0.395508 0.054688 0.068359
0 0.625000 0.539062 0.054688 0.113281
0 0.452148 0.521484 0.029297 0.046875
0 0.261719 0.577148 0.027344 0.072266
0 0.793945 0.614258 0.029297 0.072266
0 0.861328 0.682617 0.023438 0.064453
0 0.102539 0.711914 0.029297 0.060547
0 0.457031 0.884766 0.031250 0.042969
