0 0.439382 0.534009 0.029292 0.057887
0 0.292969 0.016602 0.031250 0.033203
0 0.422852 0.026367 0.017578 0.052734
0 0.265625 0.157227 0.039062 0.068359
0 0.357422 0.247070 0.023438 0.056641
0 0.117188 0.392578 0.070312 0.039062
0 0.313477 0.511719 0.048828 0.070312
0 0.511719 0.502930 0.027344 0.048828
0 0.388672 0.591797 0.023438 0.054688
0 0.090820 0.671875 0.048828 0.085938
0 0.674805 0.716797 0.025391 0.050781
0 0.138672 0.779297 0.035156 0.062500
0 0.012695 0.782227 0.025391 0.052734
0 0.610352 0.877930 0.021484 0.052734
0 0.436523 0.892578 0.048828 0.074219
0 0.718750 0.950195 0.046875 0.029297
0 0.810547 0.950195 0.058594 0.029297
