0 0.412531 0.628075 0.060212 0.098408
0 0.779297 0.083984 0.050781 0.070312
0 0.529297 0.077148 0.062500 0.041016
0 0.134766 0.116211 0.054688 0.033203
0 0.925781 0.128906 0.031250 0.062500
0 0.390625 0.210938 0.019531 0.058594
0 0.563477 0.233398 0.052734 0.091797
0 0.144531 0.279297 0.035156 0.070312
0 0.047852 0.273438 0.037109 0.042969
0 0.687500 0.370117 0.050781 0.064453
0 0.295898 0.375977 0.033203 0.068359
0 0.588867 0.383789 0.056641 0.064453
0 0.295898 0.486328 0.033203 0.035156
0 0.248047 0.610352 0.058594 0.037109
0 0.076172 0.642578 0.039062 0.042969
0 0.645508 0.653320 0.033203 0.060547
0 0.109375 0.807617 0.031250 0.056641
0 0.206055 0.795898 0.037109 0.037109
0 0.051758 0.955078 0.037109 0.039062
0 0.216797 0.967050 0.058594 0.063006
0 0.121094 0.954102 0.054688 0.025391
