0 0.396664 0.832127 0.030106 0.049204
0 0.781250 0.041016 0.050781 0.035156
0 0.954102 0.056641 0.033203 0.042969
0 0.418945 0.092773 0.029297 0.056641
0 0.044922 0.187500 0.031250 0.058594
0 0.521484 0.194336 0.027344 0.052734
0 0.794922 0.195312 0.027344 0.050781
0 0.325195 0.252930 0.025391 0.052734
0 0.403320 0.252930 0.041016 0.044922
0 0.010742 0.310547 0.021484 0.046875
0 0.805664 0.362305 0.044922 0.083984
0 0.094727 0.347656 0.044922 0.042969
0 0.328125 0.389648 0.019531 0.072266
0 0.088867 0.451172 0.048828 0.039062
0 0.718750 0.475586 0.050781 0.064453
0 0.422852 0.504883 0.025391 0.056641
0 0.357422 0.532227 0.031250 0.068359
0 0.466797 0.693359 0.042969 0.105469
0 0.118164 0.707031 0.041016 0.035156
0 0.280273 0.708984 0.048828 0.031250
0 0.547852 0.718750 0.021484 0.054688
0 0.359375 0.759766 0.027344 0.039062
0 0.510742 0.836914 0.029297 0.044922
0 0.296875 0.875000 0.023438 0.062500
0 0.389648 0.893555 0.037109 0.041016
0 0.797852 0.936523 0.033203 0.060547
0 0.529297 0.936523 0.039062 0.041016
