0 0.123678 0.583936 0.032547 0.056440
0 0.761719 0.087891 0.035156 0.050781
0 0.097656 0.096680 0.046875 0.052734
0 0.599609 0.118164 0.046875 0.080078
0 0.885742 0.159180 0.033203 0.044922
0 0.291992 0.214844 0.037109 0.062500
0 0.108398 0.254883 0.029297 0.111328
0 0.853516 0.227539 0.035156 0.044922
0 0.925781 0.243164 0.031250 0.048828
0 0.740234 0.382812 0.031250 0.035156
0 0.893555 0.590820 0.037109 0.060547
0 0.748047 0.647461 0.050781 0.060547
0 0.127930 0.717773 0.041016 0.048828
0 0.918945 0.733398 0.037109 0.076172
0 0.169922 0.789062 0.035156 0.054688
