0 0.627746 0.645441 0.030106 0.046310
0 0.249023 0.107422 0.044922 0.031250
0 0.513672 0.125977 0.027344 0.052734
0 0.954102 0.134766 0.033203 0.046875
0 0.828125 0.192383 0.023438 0.087891
0 0.625977 0.211914 0.044922 0.048828
0 0.734375 0.278320 0.031250 0.060547
0 0.802734 0.372070 0.035156 0.044922
0 0.739258 0.458008 0.041016 0.060547
0 0.958984 0.525391 0.035156 0.054688
0 0.827148 0.583008 0.029297 0.037109
0 0.956055 0.626953 0.021484 0.054688
0 0.516602 0.640625 0.033203 0.035156
0 0.873047 0.645508 0.042969 0.037109
0 0.231445 0.652344 0.025391 0.046875
0 0.049805 0.663086 0.025391 0.048828
0 0.736328 0.722656 0.035156 0.058594
0 0.480469 0.750977 0.035156 0.056641
0 0.878906 0.747070 0.054688 0.048828
0 0.953125 0.745117 0.027344 0.044922
0 0.657227 0.779297 0.048828 0.062500
0 0.752930 0.810547 0.044922 0.042969
0 0.740234 0.881836 0.039062 0.044922
0 0.891602 0.919922 0.029297 0.039062
