0 0.639951 0.616498 0.030106 0.052098
0 0.690430 0.086914 0.044922 0.052734
0 0.861328 0.105469 0.031250 0.089844
0 0.245117 0.116211 0.044922 0.064453
0 0.537109 0.109375 0.042969 0.042969
0 0.619141 0.255859 0.050781 0.054688
0 0.778320 0.332031 0.044922 0.070312
0 0.692383 0.345703 0.044922 0.062500
0 0.264648 0.387695 0.025391 0.072266
0 0.892578 0.382812 0.023438 0.050781
0 0.684570 0.422852 0.044922 0.025391
0 0.063477 0.496094 0.048828 0.054688
0 0.063477 0.626953 0.048828 0.050781
0 0.672852 0.681641 0.021484 0.050781
0 0.466797 0.742188 0.046875 0.046875
0 0.809570 0.777344 0.044922 0.066406
0 0.207031 0.788086 0.023438 0.048828
0 0.065430 0.840820 0.048828 0.056641
0 0.837891 0.896484 0.050781 0.035156
