0 0.638731 0.696093 0.034174 0.057887
0 0.467773 0.060547 0.044922 0.054688
0 0.828125 0.064453 0.042969 0.066406
0 0.342773 0.095703 0.044922 0.046875
0 0.710938 0.143555 0.050781 0.041016
0 0.829102 0.155273 0.029297 0.064453
0 0.339844 0.219727 0.046875 0.048828
0 0.918945 0.222656 0.041016 0.054688
0 0.763672 0.250977 0.027344 0.064453
0 0.668945 0.310547 0.033203 0.074219
0 0.923828 0.462891 0.031250 0.074219
0 0.858398 0.530273 0.029297 0.052734
0 0.686523 0.543945 0.041016 0.033203
0 0.208008 0.580078 0.041016 0.042969
0 0.950195 0.609375 0.021484 0.078125
0 0.329102 0.672852 0.033203 0.037109
0 0.323242 0.746094 0.033203 0.050781
0 0.129883 0.763672 0.044922 0.074219
0 0.373047 0.809570 0.039062 0.041016
0 0.467773 0.945312 0.044922 0.035156
0 0.550781 0.966073 0.039062 0.064959
