0 0.360862 0.579595 0.052889 0.096961
0 0.235352 0.030273 0.029297 0.060547
0 0.859375 0.043945 0.035156 0.044922
0 0.918945 0.108398 0.041016 0.041016
0 0.870117 0.232422 0.048828 0.031250
0 0.325195 0.308594 0.044922 0.058594
0 0.597656 0.298828 0.042969 0.023438
0 0.542969 0.372070 0.042969 0.091797
0 0.188477 0.370117 0.048828 0.056641
0 0.437500 0.387695 0.050781 0.091797
0 0.610352 0.393555 0.017578 0.087891
0 0.517578 0.505859 0.035156 0.070312
0 0.093750 0.503906 0.070312 0.046875
0 0.612305 0.592773 0.033203 0.060547
0 0.110352 0.619141 0.080078 0.062500
0 0.766602 0.625000 0.029297 0.062500
0 0.988851 0.748047 0.020671 0.046875
0 0.296875 0.916016 0.027344 0.070312
