0 0.498779 0.918234 0.017901 0.036179
0 0.484375 0.032227 0.019531 0.064453
0 0.693359 0.155273 0.050781 0.064453
0 0.946289 0.154297 0.033203 0.039062
0 0.048828 0.189453 0.027344 0.058594
0 0.377930 0.189453 0.064453 0.050781
0 0.506836 0.193359 0.052734 0.046875
0 0.924805 0.242188 0.033203 0.050781
0 0.547852 0.278320 0.029297 0.044922
0 0.866211 0.361328 0.048828 0.027344
0 0.780273 0.451172 0.041016 0.066406
0 0.864258 0.512695 0.037109 0.044922
0 0.828125 0.606445 0.035156 0.041016
0 0.548828 0.672852 0.031250 0.037109
0 0.145508 0.704102 0.041016 0.056641
0 0.953125 0.703125 0.031250 0.039062
0 0.794922 0.826172 0.035156 0.046875
0 0.762695 0.931641 0.025391 0.046875
0 0.913086 0.921875 0.134766 0.027344
