0 0.718877 0.691751 0.028478 0.057887
0 0.707031 0.057617 0.023438 0.044922
0 0.279297 0.090820 0.042969 0.037109
0 0.427734 0.121094 0.035156 0.054688
0 0.955078 0.125977 0.023438 0.048828
0 0.356445 0.146484 0.029297 0.042969
0 0.311523 0.250977 0.048828 0.052734
0 0.809570 0.279297 0.048828 0.054688
0 0.059570 0.340820 0.048828 0.048828
0 0.766602 0.377930 0.052734 0.060547
0 0.292969 0.391602 0.035156 0.044922
0 0.156250 0.419922 0.062500 0.085938
0 0.745117 0.476562 0.052734 0.054688
0 0.341797 0.515625 0.050781 0.031250
0 0.904297 0.518555 0.054688 0.033203
0 0.112305 0.568359 0.037109 0.058594
0 0.546875 0.603516 0.035156 0.046875
0 0.889648 0.638672 0.041016 0.042969
0 0.112305 0.657227 0.021484 0.048828
0 0.314453 0.678711 0.050781 0.048828
0 0.609375 0.835938 0.031250 0.101562
0 0.408203 0.858398 0.046875 0.072266
0 0.936523 0.906250 0.056641 0.054688
0 0.701172 0.918945 0.035156 0.052734
