0 0.507730 0.500724 0.039056 0.054993
0 0.378906 0.065430 0.042969 0.048828
0 0.109375 0.100586 0.031250 0.052734
0 0.875000 0.125977 0.046875 0.048828
0 0.954102 0.129883 0.029297 0.052734
0 0.408203 0.148438 0.058594 0.070312
0 0.309570 0.155273 0.060547 0.060547
0 0.576172 0.165039 0.031250 0.041016
0 0.169922 0.212891 0.035156 0.082031
0 0.939453 0.255859 0.046875 0.039062
0 0.234375 0.291016 0.031250 0.050781
0 0.234375 0.367188 0.019531 0.050781
0 0.545898 0.354492 0.044922 0.025391
0 0.144531 0.376953 0.023438 0.042969
0 0.738281 0.525391 0.031250 0.050781
0 0.875977 0.622070 0.044922 0.064453
0 0.606445 0.691406 0.021484 0.050781
0 0.233398 0.796875 0.037109 0.035156
0 0.750977 0.856445 0.119141 0.080078
0 0.328125 0.968026 0.035156 0.061053
