0 0.657852 0.496382 0.039870 0.066570
0 0.842773 0.079102 0.048828 0.083984
0 0.223633 0.084961 0.041016 0.037109
0 0.653320 0.109375 0.048828 0.078125
0 0.558594 0.175781 0.046875 0.078125
0 0.049805 0.255859 0.029297 0.066406
0 0.875977 0.286133 0.052734 0.056641
0 0.674805 0.406250 0.029297 0.050781
0 0.860352 0.460938 0.029297 0.074219
0 0.738281 0.452148 0.035156 0.041016
0 0.328125 0.500977 0.027344 0.060547
0 0.422852 0.574219 0.017578 0.085938
0 0.259766 0.592773 0.035156 0.056641
0 0.104492 0.598633 0.041016 0.052734
0 0.313477 0.652344 0.052734 0.058594
0 0.594727 0.689453 0.041016 0.046875
0 0.987874 0.752930 0.022624 0.044922
0 0.234375 0.798828 0.023438 0.089844
0 0.350586 0.927734 0.044922 0.078125
0 0.957031 0.970956 0.023438 0.055193
