0 0.351505 0.738061 0.026037 0.043415
0 0.471680 0.049805 0.048828 0.044922
0 0.795898 0.067383 0.033203 0.048828
0 0.123047 0.110352 0.046875 0.068359
0 0.781250 0.189453 0.046875 0.109375
0 0.412109 0.259766 0.046875 0.082031
0 0.971273 0.232422 0.055827 0.023438
0 0.799805 0.375000 0.029297 0.066406
0 0.045898 0.378906 0.033203 0.050781
0 0.519531 0.383789 0.023438 0.056641
0 0.094727 0.514648 0.044922 0.080078
0 0.828125 0.544922 0.023438 0.054688
0 0.546875 0.614258 0.015625 0.080078
0 0.732422 0.656250 0.039062 0.070312
0 0.062500 0.672852 0.046875 0.021484
0 0.423828 0.720703 0.019531 0.046875
0 0.651367 0.856445 0.044922 0.041016
0 0.465820 0.905273 0.044922 0.052734
0 0.267578 0.930664 0.035156 0.052734
