0 0.470708 0.557164 0.021969 0.037627
0 0.876953 0.026367 0.042969 0.052734
0 0.472656 0.120117 0.046875 0.064453
0 0.301758 0.161133 0.041016 0.052734
0 0.627930 0.217773 0.048828 0.056641
0 0.515625 0.232422 0.035156 0.066406
0 0.437500 0.251953 0.050781 0.054688
0 0.015625 0.362305 0.031250 0.029297
0 0.253906 0.358398 0.050781 0.021484
0 0.244141 0.441406 0.046875 0.058594
0 0.105469 0.483398 0.046875 0.048828
0 0.602539 0.488281 0.044922 0.023438
0 0.183594 0.598633 0.042969 0.056641
0 0.075195 0.603516 0.041016 0.054688
0 0.545898 0.702148 0.013672 0.076172
0 0.062500 0.706055 0.046875 0.076172
0 0.638672 0.767578 0.039062 0.027344
0 0.857422 0.780273 0.019531 0.052734
0 0.544922 0.832031 0.039062 0.046875
0 0.954102 0.837891 0.021484 0.058594
0 0.889648 0.858398 0.029297 0.033203
0 0.883789 0.946289 0.029297 0.064453
0 0.209961 0.953125 0.044922 0.046875
0 0.770508 0.971933 0.033203 0.053240
0 0.526367 0.985605 0.044922 0.025897
