0 0.626119 0.602750 0.030106 0.050651
0 0.816406 0.046875 0.046875 0.023438
0 0.732422 0.089844 0.031250 0.058594
0 0.517578 0.111328 0.054688 0.027344
0 0.577148 0.172852 0.021484 0.083984
0 0.217773 0.180664 0.056641 0.068359
0 0.771484 0.267578 0.042969 0.101562
0 0.891602 0.267578 0.044922 0.054688
0 0.573242 0.418945 0.025391 0.041016
0 0.231445 0.496094 0.037109 0.070312
0 0.389648 0.600586 0.037109 0.044922
0 0.776367 0.651367 0.041016 0.068359
0 0.586914 0.709961 0.052734 0.076172
0 0.689453 0.722656 0.050781 0.046875
0 0.672852 0.808594 0.025391 0.058594
0 0.596680 0.830078 0.044922 0.082031
