0 0.491050 0.511577 0.028478 0.059334
0 0.922852 0.089844 0.029297 0.046875
0 0.642578 0.107422 0.035156 0.039062
0 0.170898 0.123047 0.021484 0.042969
0 0.719727 0.153320 0.044922 0.044922
0 0.736328 0.250000 0.023438 0.050781
0 0.984945 0.248047 0.028483 0.050781
0 0.860352 0.267578 0.037109 0.031250
0 0.327148 0.325195 0.025391 0.068359
0 0.167969 0.358398 0.042969 0.052734
0 0.057617 0.354492 0.048828 0.037109
0 0.423828 0.411133 0.031250 0.041016
0 0.625000 0.550781 0.050781 0.082031
0 0.492188 0.611328 0.031250 0.035156
0 0.357422 0.657227 0.031250 0.052734
0 0.109375 0.704102 0.039062 0.033203
0 0.779297 0.735352 0.058594 0.068359
0 0.232422 0.850586 0.027344 0.060547
0 0.805664 0.875000 0.060547 0.058594
0 0.481445 0.886719 0.025391 0.078125
0 0.939453 0.911133 0.050781 0.048828
