0 0.489422 0.655572 0.062653 0.089725
0 0.904297 0.063477 0.050781 0.052734
0 0.129883 0.070312 0.044922 0.062500
0 0.358398 0.078125 0.072266 0.019531
0 0.341797 0.140625 0.046875 0.019531
0 0.642578 0.160156 0.035156 0.058594
0 0.361328 0.211914 0.031250 0.048828
0 0.639648 0.290039 0.037109 0.119141
0 0.703125 0.278320 0.023438 0.048828
0 0.127930 0.341797 0.041016 0.050781
0 0.566406 0.359375 0.046875 0.078125
0 0.230469 0.371094 0.035156 0.070312
0 0.466797 0.389648 0.046875 0.087891
0 0.830078 0.403320 0.023438 0.048828
0 0.974203 0.418945 0.049968 0.021484
0 0.750977 0.464844 0.056641 0.050781
0 0.949219 0.625977 0.035156 0.064453
0 0.578125 0.626953 0.027344 0.054688
0 0.464844 0.766602 0.046875 0.025391
0 0.170898 0.856445 0.041016 0.025391
0 0.379883 0.932617 0.044922 0.060547
