0 0.388527 0.596237 0.061025 0.092619
0 0.065430 0.105469 0.044922 0.031250
0 0.838867 0.119141 0.044922 0.046875
0 0.405273 0.140625 0.044922 0.023438
0 0.543945 0.281250 0.025391 0.046875
0 0.388672 0.314453 0.031250 0.062500
0 0.590820 0.348633 0.044922 0.044922
0 0.198242 0.359375 0.041016 0.031250
0 0.484375 0.409180 0.027344 0.041016
0 0.936523 0.464844 0.044922 0.046875
0 0.563477 0.500000 0.041016 0.046875
0 0.498047 0.576172 0.039062 0.070312
0 0.046875 0.589844 0.023438 0.054688
0 0.826172 0.626953 0.031250 0.054688
0 0.295898 0.683594 0.017578 0.054688
0 0.764648 0.698242 0.029297 0.048828
0 0.887695 0.717773 0.021484 0.048828
0 0.360352 0.727539 0.025391 0.060547
0 0.047852 0.785156 0.029297 0.070312
0 0.653320 0.840820 0.056641 0.056641
0 0.267578 0.838867 0.027344 0.044922
0 0.420898 0.904297 0.033203 0.054688
0 0.543945 0.968026 0.021484 0.061053
