0 0.653784 0.669320 0.038242 0.059334
0 0.387695 0.030273 0.029297 0.060547
0 0.470703 0.069336 0.046875 0.052734
0 0.823242 0.121094 0.037109 0.042969
0 0.409180 0.189453 0.052734 0.101562
0 0.606445 0.217773 0.029297 0.041016
0 0.861328 0.275391 0.042969 0.066406
0 0.481445 0.268555 0.033203 0.033203
0 0.307617 0.311523 0.044922 0.103516
0 0.361328 0.444336 0.031250 0.052734
0 0.905273 0.484375 0.048828 0.070312
0 0.769531 0.697266 0.039062 0.027344
0 0.900391 0.780273 0.046875 0.060547
0 0.732422 0.799805 0.031250 0.033203
0 0.404297 0.824219 0.042969 0.046875
0 0.523438 0.822266 0.050781 0.031250
0 0.526367 0.923828 0.048828 0.078125
0 0.862305 0.939453 0.029297 0.066406
0 0.775391 0.953125 0.054688 0.050781
