0 0.525224 0.549928 0.031733 0.052098
0 0.673828 0.015625 0.031250 0.031250
0 0.971273 0.046875 0.055827 0.023438
0 0.292969 0.185547 0.039062 0.062500
0 0.094727 0.223633 0.060547 0.064453
0 0.659180 0.216797 0.048828 0.046875
0 0.233398 0.277344 0.033203 0.066406
0 0.889648 0.312500 0.021484 0.046875
0 0.018555 0.327148 0.037109 0.033203
0 0.486328 0.354492 0.027344 0.091797
0 0.104492 0.391602 0.033203 0.037109
0 0.714844 0.496094 0.054688 0.078125
0 0.041992 0.526367 0.033203 0.048828
0 0.392578 0.538086 0.035156 0.048828
0 0.955078 0.597656 0.031250 0.054688
0 0.893555 0.927734 0.044922 0.085938
