0 0.449146 0.531838 0.052075 0.099855
0 0.387695 0.169922 0.037109 0.027344
0 0.732422 0.200195 0.039062 0.048828
0 0.834961 0.262695 0.033203 0.033203
0 0.901367 0.302734 0.044922 0.078125
0 0.641602 0.304688 0.033203 0.058594
0 0.030273 0.295898 0.060547 0.033203
0 0.760742 0.299805 0.033203 0.041016
0 0.494141 0.375977 0.050781 0.052734
0 0.139648 0.443359 0.041016 0.058594
0 0.286133 0.528320 0.052734 0.044922
0 0.887695 0.559570 0.021484 0.099609
0 0.606445 0.552734 0.021484 0.062500
0 0.669922 0.622070 0.039062 0.068359
0 0.482422 0.756836 0.023438 0.056641
0 0.145508 0.869141 0.033203 0.050781
0 0.953125 0.933594 0.027344 0.050781
