0 0.646461 0.649059 0.033360 0.053546
0 0.754883 0.014648 0.048828 0.029297
0 0.482422 0.065430 0.027344 0.052734
0 0.111328 0.112305 0.035156 0.060547
0 0.754883 0.108398 0.052734 0.041016
0 0.320312 0.175781 0.031250 0.035156
0 0.234375 0.227539 0.031250 0.068359
0 0.014648 0.256836 0.029297 0.056641
0 0.154297 0.295898 0.054688 0.025391
0 0.892578 0.367188 0.031250 0.078125
0 0.172852 0.422852 0.033203 0.037109
0 0.418945 0.422852 0.037109 0.041016
0 0.831055 0.440430 0.037109 0.068359
0 0.684570 0.424805 0.041016 0.025391
0 0.254883 0.473633 0.044922 0.064453
0 0.735352 0.500000 0.025391 0.070312
0 0.740234 0.639648 0.039062 0.037109
0 0.563477 0.733398 0.044922 0.025391
0 0.660156 0.827148 0.054688 0.021484
0 0.083984 0.899414 0.042969 0.064453
0 0.576172 0.928711 0.035156 0.072266
