0 0.637510 0.846599 0.023596 0.037627
0 0.247070 0.155273 0.044922 0.044922
0 0.507812 0.182617 0.031250 0.056641
0 0.708008 0.171875 0.037109 0.031250
0 0.247070 0.279297 0.044922 0.050781
0 0.514648 0.281250 0.029297 0.054688
0 0.108398 0.321289 0.033203 0.068359
0 0.282227 0.363281 0.056641 0.035156
0 0.637695 0.375000 0.033203 0.058594
0 0.750000 0.452148 0.058594 0.041016
0 0.833984 0.549805 0.058594 0.025391
0 0.907227 0.591797 0.041016 0.058594
0 0.750977 0.641602 0.052734 0.037109
0 0.672852 0.734375 0.025391 0.070312
0 0.890625 0.738281 0.062500 0.019531
0 0.850586 0.801758 0.044922 0.044922
0 0.516602 0.856445 0.041016 0.029297
0 0.044922 0.877930 0.027344 0.052734
0 0.748047 0.935547 0.050781 0.054688
0 0.542969 0.946289 0.035156 0.056641
0 0.482422 0.964120 0.035156 0.068865
