0 0.360862 0.520984 0.056143 0.101302
0 0.480469 0.068359 0.019531 0.050781
0 0.901367 0.081055 0.048828 0.041016
0 0.653320 0.097656 0.052734 0.050781
0 0.170898 0.124023 0.037109 0.068359
0 0.486328 0.154297 0.031250 0.054688
0 0.721680 0.204102 0.048828 0.080078
0 0.620117 0.223633 0.064453 0.052734
0 0.840820 0.276367 0.048828 0.064453
0 0.954102 0.433594 0.025391 0.054688
0 0.904297 0.515625 0.046875 0.066406
0 0.862305 0.625977 0.037109 0.060547
0 0.094727 0.629883 0.052734 0.052734
0 0.889648 0.708008 0.021484 0.052734
0 0.329102 0.796875 0.017578 0.074219
0 0.960938 0.814453 0.031250 0.050781
0 0.501953 0.920898 0.054688 0.037109
0 0.138672 0.975839 0.023438 0.045428
