0 0.430838 0.193198 0.051261 0.088278
0 0.422852 0.040039 0.017578 0.080078
0 0.779297 0.061523 0.050781 0.052734
0 0.201172 0.186523 0.023438 0.048828
0 0.901367 0.262695 0.037109 0.033203
0 0.070312 0.269531 0.042969 0.031250
0 0.721680 0.443359 0.041016 0.089844
0 0.472656 0.425781 0.046875 0.023438
0 0.405273 0.484375 0.041016 0.027344
0 0.927734 0.495117 0.031250 0.052734
0 0.654297 0.545898 0.054688 0.072266
0 0.108398 0.661133 0.025391 0.083984
0 0.891602 0.684570 0.021484 0.048828
0 0.627930 0.794922 0.044922 0.027344
0 0.138672 0.858398 0.039062 0.041016
0 0.590820 0.923828 0.044922 0.078125
0 0.901367 0.935547 0.052734 0.070312
