0 0.557771 0.578871 0.062653 0.109986
0 0.891602 0.058594 0.025391 0.046875
0 0.360352 0.073242 0.029297 0.041016
0 0.563477 0.123047 0.044922 0.054688
0 0.375977 0.222656 0.048828 0.058594
0 0.508789 0.248047 0.033203 0.062500
0 0.318359 0.287109 0.046875 0.046875
0 0.410156 0.403320 0.042969 0.056641
0 0.798828 0.418945 0.023438 0.072266
0 0.702148 0.501953 0.025391 0.046875
0 0.953125 0.505859 0.039062 0.054688
0 0.574219 0.605469 0.031250 0.039062
0 0.744141 0.605469 0.046875 0.023438
0 0.771484 0.738281 0.035156 0.054688
0 0.200195 0.748047 0.033203 0.050781
0 0.604492 0.920898 0.037109 0.095703
0 0.406250 0.908203 0.042969 0.046875
0 0.260742 0.923828 0.029297 0.046875
0 0.936523 0.953125 0.052734 0.035156
0 0.807617 0.955078 0.060547 0.015625
