0 0.331977 0.922576 0.032547 0.053546
0 0.609375 0.028320 0.019531 0.056641
0 0.916016 0.121094 0.046875 0.039062
0 0.326172 0.154297 0.019531 0.050781
0 0.830078 0.156250 0.023438 0.046875
0 0.887695 0.184570 0.029297 0.048828
0 0.653320 0.235352 0.048828 0.033203
0 0.974203 0.239258 0.049968 0.029297
0 0.245117 0.264648 0.044922 0.025391
0 0.066406 0.293945 0.050781 0.041016
0 0.777344 0.294922 0.050781 0.042969
0 0.606445 0.333984 0.029297 0.093750
0 0.906250 0.387695 0.046875 0.052734
0 0.141602 0.384766 0.037109 0.035156
0 0.749023 0.401367 0.048828 0.060547
0 0.265625 0.427734 0.035156 0.070312
0 0.881836 0.451172 0.037109 0.039062
0 0.956055 0.482422 0.033203 0.042969
0 0.639648 0.524414 0.083984 0.064453
0 0.515625 0.603516 0.031250 0.042969
0 0.047852 0.681641 0.021484 0.058594
0 0.105469 0.843750 0.031250 0.042969
0 0.402344 0.846680 0.042969 0.044922
0 0.918945 0.876953 0.037109 0.066406
0 0.773438 0.915039 0.050781 0.056641
