0 0.349064 0.565123 0.042311 0.070912
0 0.357422 0.092773 0.031250 0.060547
0 0.098633 0.150391 0.044922 0.054688
0 0.751953 0.156250 0.050781 0.054688
0 0.359375 0.193359 0.023438 0.046875
0 0.147461 0.250000 0.037109 0.050781
0 0.767578 0.264648 0.031250 0.072266
0 0.103516 0.388672 0.027344 0.039062
0 0.609375 0.408203 0.042969 0.058594
0 0.170898 0.435547 0.029297 0.062500
0 0.733398 0.480469 0.044922 0.062500
0 0.263672 0.493164 0.027344 0.064453
0 0.409180 0.513672 0.048828 0.031250
0 0.157227 0.531250 0.048828 0.054688
0 0.376953 0.625977 0.042969 0.044922
0 0.769531 0.737305 0.035156 0.076172
0 0.450195 0.762695 0.029297 0.103516
0 0.900391 0.851562 0.039062 0.054688
0 0.296875 0.969980 0.019531 0.057147
0 0.438477 0.970956 0.044922 0.055193
