0 0.447925 0.575977 0.056143 0.098408
0 0.513672 0.088867 0.027344 0.052734
0 0.410156 0.133789 0.046875 0.056641
0 0.472656 0.249023 0.042969 0.044922
0 0.634766 0.261719 0.039062 0.050781
0 0.888672 0.295898 0.023438 0.076172
0 0.174805 0.316406 0.029297 0.066406
0 0.793945 0.299805 0.037109 0.029297
0 0.455078 0.392578 0.027344 0.039062
0 0.251953 0.417969 0.054688 0.070312
0 0.484375 0.457031 0.023438 0.089844
0 0.830078 0.458008 0.027344 0.076172
0 0.971273 0.484375 0.055827 0.031250
0 0.870117 0.547852 0.044922 0.025391
0 0.670898 0.580078 0.033203 0.046875
0 0.795898 0.666016 0.037109 0.085938
0 0.389648 0.831055 0.041016 0.087891
0 0.125000 0.905273 0.042969 0.044922
0 0.579102 0.978769 0.025391 0.039568
