0 0.337673 0.544139 0.034174 0.066570
0 0.599609 0.046875 0.050781 0.039062
0 0.858398 0.178711 0.033203 0.076172
0 0.748047 0.196289 0.046875 0.029297
0 0.385742 0.239258 0.029297 0.076172
0 0.541016 0.243164 0.035156 0.072266
0 0.545898 0.376953 0.033203 0.058594
0 0.718750 0.384766 0.050781 0.031250
0 0.903320 0.398438 0.048828 0.058594
0 0.873047 0.555664 0.042969 0.052734
0 0.063477 0.620117 0.044922 0.048828
0 0.955078 0.643555 0.019531 0.064453
0 0.784180 0.645508 0.048828 0.048828
0 0.327148 0.663086 0.021484 0.060547
0 0.095703 0.751953 0.046875 0.046875
0 0.809570 0.778320 0.044922 0.056641
0 0.296875 0.837891 0.027344 0.050781
0 0.830078 0.862305 0.031250 0.033203
