0 0.420260 0.669320 0.046379 0.068017
0 0.121094 0.085938 0.046875 0.058594
0 0.376953 0.108398 0.046875 0.041016
0 0.503906 0.153320 0.042969 0.048828
0 0.303711 0.200195 0.064453 0.037109
0 0.386719 0.256836 0.027344 0.056641
0 0.066406 0.280273 0.054688 0.052734
0 0.610352 0.361328 0.037109 0.085938
0 0.798828 0.419922 0.027344 0.039062
0 0.388672 0.458984 0.031250 0.085938
0 0.471680 0.497070 0.052734 0.060547
0 0.863281 0.544922 0.039062 0.042969
0 0.128906 0.550781 0.050781 0.035156
0 0.043945 0.610352 0.033203 0.037109
0 0.919922 0.735352 0.035156 0.076172
0 0.476562 0.746094 0.039062 0.058594
0 0.307617 0.797852 0.048828 0.033203
0 0.717773 0.835938 0.044922 0.035156
0 0.416992 0.861328 0.029297 0.035156
