0 0.487795 0.489870 0.036615 0.068017
0 0.529297 0.122070 0.050781 0.056641
0 0.358398 0.173828 0.033203 0.035156
0 0.438477 0.207031 0.056641 0.085938
0 0.282227 0.200195 0.044922 0.037109
0 0.624023 0.284180 0.056641 0.048828
0 0.318359 0.358398 0.042969 0.029297
0 0.412109 0.401367 0.046875 0.056641
0 0.731445 0.402344 0.029297 0.058594
0 0.357422 0.507812 0.035156 0.058594
0 0.366211 0.588867 0.037109 0.056641
0 0.953125 0.625000 0.027344 0.058594
0 0.338867 0.689453 0.044922 0.054688
0 0.203125 0.756836 0.023438 0.087891
0 0.952148 0.731445 0.037109 0.037109
0 0.875977 0.745117 0.064453 0.044922
0 0.768555 0.790039 0.041016 0.044922
0 0.675781 0.869141 0.019531 0.054688
0 0.811523 0.883789 0.044922 0.052734
0 0.919922 0.943359 0.027344 0.062500
0 0.516602 0.957031 0.033203 0.046875
0 0.405273 0.966797 0.041016 0.050781
