0 0.567535 0.544863 0.056143 0.082489
0 0.779297 0.150391 0.046875 0.054688
0 0.488281 0.183594 0.023438 0.050781
0 0.924805 0.216797 0.025391 0.054688
0 0.128906 0.231445 0.046875 0.048828
0 0.339844 0.295898 0.050781 0.017578
0 0.653320 0.318359 0.048828 0.042969
0 0.361328 0.377930 0.031250 0.052734
0 0.295898 0.391602 0.029297 0.037109
0 0.708984 0.458984 0.035156 0.058594
0 0.111328 0.499023 0.039062 0.068359
0 0.651367 0.500977 0.044922 0.048828
0 0.233398 0.537109 0.029297 0.050781
0 0.986898 0.594727 0.024577 0.044922
0 0.752930 0.635742 0.060547 0.041016
0 0.235352 0.652344 0.021484 0.050781
0 0.642578 0.723633 0.031250 0.052734
0 0.970296 0.819336 0.057780 0.033203
0 0.582031 0.833008 0.027344 0.044922
0 0.484375 0.841797 0.031250 0.058594
