0 0.711961 0.647612 0.034174 0.059334
0 0.589844 0.059570 0.054688 0.056641
0 0.669922 0.134766 0.027344 0.039062
0 0.514648 0.141602 0.029297 0.033203
0 0.845703 0.206055 0.054688 0.068359
0 0.494141 0.217773 0.050781 0.068359
0 0.745117 0.198242 0.044922 0.029297
0 0.588867 0.240234 0.033203 0.042969
0 0.579102 0.329102 0.033203 0.060547
0 0.821289 0.349609 0.048828 0.070312
0 0.673828 0.389648 0.035156 0.037109
0 0.750977 0.442383 0.048828 0.048828
0 0.667969 0.517578 0.035156 0.097656
0 0.811523 0.607422 0.048828 0.050781
0 0.860352 0.671875 0.029297 0.035156
0 0.128906 0.717773 0.050781 0.060547
0 0.671875 0.725586 0.031250 0.056641
0 0.339844 0.776367 0.050781 0.056641
0 0.577148 0.800781 0.044922 0.046875
0 0.045898 0.866211 0.037109 0.060547
0 0.311523 0.903320 0.048828 0.052734
0 0.388672 0.952148 0.035156 0.052734
0 0.903320 0.984628 0.048828 0.027850
