0 0.413344 0.468886 0.039056 0.069465
0 0.905273 0.046875 0.048828 0.031250
0 0.230469 0.072266 0.046875 0.058594
0 0.939453 0.140625 0.046875 0.023438
0 0.088867 0.302734 0.041016 0.054688
0 0.207031 0.339844 0.023438 0.058594
0 0.576172 0.328125 0.031250 0.035156
0 0.301758 0.404297 0.037109 0.062500
0 0.690430 0.411133 0.052734 0.068359
0 0.472656 0.498047 0.046875 0.046875
0 0.697266 0.524414 0.031250 0.060547
0 0.953125 0.512695 0.035156 0.041016
0 0.854492 0.595703 0.033203 0.054688
0 0.404297 0.627930 0.050781 0.056641
0 0.509766 0.640625 0.039062 0.042969
0 0.142578 0.701172 0.035156 0.039062
0 0.555664 0.748047 0.044922 0.054688
0 0.185547 0.775391 0.042969 0.050781
0 0.108398 0.814453 0.025391 0.054688
0 0.232422 0.845703 0.031250 0.058594
0 0.889648 0.901367 0.025391 0.111328
0 0.558594 0.912109 0.046875 0.062500
0 0.378906 0.925781 0.042969 0.078125
