0 0.433686 0.231548 0.037429 0.057887
0 0.502930 0.011719 0.044922 0.023438
0 0.422852 0.126953 0.025391 0.054688
0 0.902344 0.297852 0.046875 0.064453
0 0.138672 0.371094 0.027344 0.046875
0 0.723633 0.404297 0.048828 0.050781
0 0.391602 0.414062 0.033203 0.058594
0 0.501953 0.479492 0.046875 0.083984
0 0.070312 0.489258 0.039062 0.060547
0 0.390625 0.567383 0.031250 0.048828
0 0.081055 0.610352 0.037109 0.064453
0 0.252930 0.611328 0.044922 0.023438
0 0.500977 0.641602 0.048828 0.037109
0 0.764648 0.679688 0.033203 0.062500
0 0.141602 0.734375 0.033203 0.031250
0 0.569336 0.752930 0.048828 0.056641
0 0.845703 0.827148 0.046875 0.080078
0 0.420898 0.889648 0.017578 0.080078
0 0.649414 0.908203 0.060547 0.050781
0 0.248047 0.931641 0.046875 0.058594
0 0.828125 0.944336 0.039062 0.060547
