0 0.878763 0.450796 0.032547 0.056440
0 0.297852 0.027344 0.025391 0.054688
0 0.138672 0.062500 0.027344 0.054688
0 0.515625 0.139648 0.035156 0.041016
0 0.095703 0.250977 0.042969 0.056641
0 0.869141 0.316406 0.058594 0.066406
0 0.144531 0.359375 0.039062 0.035156
0 0.403320 0.369141 0.052734 0.054688
0 0.759766 0.391602 0.093750 0.072266
0 0.979085 0.410156 0.040202 0.050781
0 0.348633 0.420898 0.044922 0.037109
0 0.150391 0.464844 0.039062 0.039062
0 0.201172 0.517578 0.035156 0.031250
0 0.731445 0.576172 0.033203 0.039062
0 0.138672 0.637695 0.031250 0.033203
0 0.285156 0.747070 0.042969 0.068359
0 0.101562 0.737305 0.031250 0.041016
0 0.953125 0.774414 0.027344 0.076172
0 0.831055 0.832031 0.029297 0.046875
0 0.545898 0.949219 0.037109 0.050781
0 0.956055 0.977792 0.025391 0.041522
