0 0.525224 0.466715 0.043124 0.082489
0 0.201172 0.111328 0.039062 0.035156
0 0.849609 0.120117 0.050781 0.041016
0 0.545898 0.127930 0.029297 0.048828
0 0.361328 0.158203 0.035156 0.070312
0 0.798828 0.147461 0.031250 0.041016
0 0.672852 0.155273 0.025391 0.048828
0 0.483398 0.172852 0.025391 0.044922
0 0.920898 0.221680 0.025391 0.052734
0 0.736328 0.277344 0.027344 0.046875
0 0.203125 0.375000 0.019531 0.109375
0 0.450195 0.370117 0.021484 0.052734
0 0.264648 0.553711 0.029297 0.064453
0 0.435547 0.562500 0.046875 0.062500
0 0.625000 0.660156 0.042969 0.042969
0 0.297852 0.748047 0.029297 0.058594
0 0.735352 0.786133 0.037109 0.064453
0 0.403320 0.792969 0.044922 0.039062
0 0.478516 0.890625 0.042969 0.101562
