0 0.487795 0.536179 0.041497 0.065123
0 0.048828 0.084961 0.042969 0.044922
0 0.907227 0.310547 0.052734 0.070312
0 0.088867 0.357422 0.048828 0.019531
0 0.480469 0.374023 0.031250 0.044922
0 0.955078 0.485352 0.035156 0.029297
0 0.668945 0.511719 0.017578 0.062500
0 0.573242 0.542969 0.083984 0.039062
0 0.367188 0.643555 0.050781 0.064453
0 0.224609 0.685547 0.050781 0.074219
0 0.715820 0.742188 0.044922 0.039062
0 0.297852 0.775391 0.037109 0.085938
0 0.063477 0.785156 0.052734 0.066406
0 0.856445 0.784180 0.029297 0.056641
0 0.223633 0.808594 0.044922 0.062500
0 0.596680 0.796875 0.044922 0.027344
0 0.199219 0.919922 0.039062 0.039062
