0 0.566721 0.635311 0.044752 0.072359
0 0.860352 0.030273 0.021484 0.060547
0 0.499023 0.043945 0.048828 0.025391
0 0.266602 0.089844 0.033203 0.070312
0 0.174805 0.154297 0.029297 0.046875
0 0.577148 0.213867 0.025391 0.052734
0 0.497070 0.217773 0.041016 0.048828
0 0.873047 0.283203 0.050781 0.046875
0 0.220703 0.368164 0.046875 0.048828
0 0.771484 0.377930 0.042969 0.068359
0 0.668945 0.422852 0.029297 0.072266
0 0.856445 0.430664 0.041016 0.044922
0 0.830078 0.566406 0.023438 0.046875
0 0.393555 0.599609 0.029297 0.050781
0 0.595703 0.625000 0.042969 0.070312
0 0.049805 0.634766 0.025391 0.050781
0 0.168945 0.775391 0.033203 0.097656
0 0.517578 0.835938 0.031250 0.066406
0 0.297852 0.886719 0.029297 0.039062
0 0.705078 0.920898 0.019531 0.080078
0 0.569336 0.895508 0.048828 0.025391
0 0.480469 0.921875 0.039062 0.027344
0 0.387695 0.944336 0.068359 0.037109
0 0.909180 0.950195 0.056641 0.025391
