0 0.453214 0.300289 0.027665 0.050651
0 0.294922 0.126953 0.027344 0.054688
0 0.202148 0.148438 0.029297 0.050781
0 0.868164 0.139648 0.044922 0.029297
0 0.625977 0.340820 0.044922 0.044922
0 0.306641 0.468750 0.035156 0.046875
0 0.895508 0.545898 0.037109 0.033203
0 0.897461 0.644531 0.048828 0.039062
0 0.106445 0.657227 0.021484 0.052734
0 0.482422 0.669922 0.023438 0.046875
0 0.393555 0.704102 0.017578 0.072266
0 0.783203 0.700195 0.042969 0.056641
0 0.235352 0.760742 0.025391 0.095703
0 0.578125 0.780273 0.031250 0.048828
0 0.216797 0.899414 0.046875 0.056641
0 0.109375 0.922852 0.019531 0.072266
0 0.891602 0.958008 0.029297 0.041016
