0 0.601709 0.366860 0.020342 0.036179
0 0.630859 0.041992 0.050781 0.037109
0 0.839844 0.047852 0.054688 0.025391
0 0.920898 0.181641 0.025391 0.050781
0 0.830078 0.222656 0.031250 0.062500
0 0.888672 0.253906 0.031250 0.062500
0 0.651367 0.302734 0.048828 0.042969
0 0.776367 0.375000 0.048828 0.066406
0 0.052734 0.370117 0.042969 0.052734
0 0.688477 0.360352 0.041016 0.025391
0 0.421875 0.420898 0.031250 0.033203
0 0.133789 0.453125 0.041016 0.031250
0 0.750977 0.476562 0.044922 0.066406
0 0.916016 0.463867 0.027344 0.044922
0 0.263672 0.498047 0.035156 0.058594
0 0.886719 0.518555 0.031250 0.052734
0 0.077148 0.536133 0.025391 0.060547
0 0.889648 0.623047 0.017578 0.058594
0 0.514648 0.672852 0.033203 0.056641
0 0.391602 0.925781 0.021484 0.062500
0 0.499023 0.934570 0.048828 0.068359
0 0.083008 0.935547 0.037109 0.058594
0 0.921875 0.970956 0.019531 0.055193
0 0.762695 0.978769 0.029297 0.039568
