0 0.479251 0.482634 0.052075 0.091172
0 0.732422 0.124023 0.031250 0.064453
0 0.855469 0.120117 0.027344 0.044922
0 0.621094 0.137695 0.046875 0.029297
0 0.060547 0.158203 0.054688 0.050781
0 0.842773 0.157227 0.044922 0.048828
0 0.503906 0.198242 0.042969 0.033203
0 0.980062 0.263672 0.038249 0.027344
0 0.631836 0.301758 0.052734 0.068359
0 0.897461 0.361328 0.037109 0.070312
0 0.613281 0.403320 0.023438 0.056641
0 0.294922 0.525391 0.035156 0.066406
0 0.642578 0.561523 0.070312 0.111328
0 0.517578 0.598633 0.031250 0.060547
0 0.426758 0.609375 0.052734 0.042969
0 0.761719 0.796875 0.039062 0.031250
0 0.233398 0.832031 0.029297 0.039062
0 0.899414 0.871094 0.041016 0.062500
0 0.203125 0.876953 0.023438 0.050781
0 0.079102 0.884766 0.048828 0.054688
