0 0.579740 0.649783 0.020342 0.043415
0 0.737305 0.058594 0.029297 0.046875
0 0.422852 0.114258 0.029297 0.037109
0 0.348633 0.129883 0.048828 0.056641
0 0.043945 0.272461 0.025391 0.060547
0 0.105469 0.389648 0.023438 0.041016
0 0.398438 0.422852 0.042969 0.037109
0 0.900391 0.444336 0.046875 0.048828
0 0.219727 0.641602 0.060547 0.095703
0 0.955078 0.731445 0.023438 0.072266
0 0.857422 0.739258 0.023438 0.080078
0 0.448242 0.751953 0.041016 0.046875
0 0.616211 0.812500 0.052734 0.066406
0 0.044922 0.840820 0.027344 0.064453
0 0.526367 0.854492 0.048828 0.076172
0 0.608398 0.895508 0.025391 0.044922
0 0.439453 0.936523 0.074219 0.060547
0 0.912109 0.943359 0.046875 0.058594
