0 0.407648 0.529667 0.048820 0.086831
0 0.347656 0.083008 0.042969 0.080078
0 0.103516 0.158203 0.031250 0.046875
0 0.765625 0.203125 0.015625 0.074219
0 0.500977 0.239258 0.052734 0.076172
0 0.618164 0.250000 0.041016 0.046875
0 0.794922 0.385742 0.031250 0.048828
0 0.692383 0.386719 0.060547 0.039062
0 0.510742 0.475586 0.029297 0.052734
0 0.890625 0.631836 0.027344 0.041016
0 0.145508 0.637695 0.037109 0.033203
0 0.763672 0.678711 0.023438 0.048828
0 0.641602 0.715820 0.029297 0.060547
0 0.906250 0.747070 0.046875 0.056641
0 0.147461 0.770508 0.037109 0.076172
0 0.050781 0.862305 0.027344 0.044922
0 0.223633 0.878906 0.052734 0.058594
0 0.851562 0.939453 0.039062 0.070312
0 0.485352 0.950195 0.029297 0.041016
0 0.283203 0.972909 0.046875 0.051287
