0 0.577705 0.809696 0.022783 0.039074
0 0.395508 0.068359 0.076172 0.058594
0 0.859375 0.151367 0.023438 0.056641
0 0.485352 0.177734 0.041016 0.082031
0 0.134766 0.245117 0.046875 0.068359
0 0.643555 0.356445 0.021484 0.083984
0 0.110352 0.375977 0.076172 0.056641
0 0.123047 0.458008 0.050781 0.037109
0 0.750977 0.466797 0.052734 0.054688
0 0.798828 0.618164 0.019531 0.048828
0 0.922852 0.630859 0.029297 0.058594
0 0.578125 0.661133 0.019531 0.056641
0 0.894531 0.838867 0.042969 0.068359
0 0.324219 0.901367 0.035156 0.056641
0 0.764648 0.935547 0.041016 0.074219
0 0.426758 0.969980 0.025391 0.057147
