0 0.612693 0.668596 0.040683 0.063676
0 0.472656 0.061523 0.050781 0.064453
0 0.311523 0.051758 0.048828 0.033203
0 0.764648 0.108398 0.025391 0.083984
0 0.014648 0.263672 0.029297 0.035156
0 0.094727 0.301758 0.048828 0.083984
0 0.588867 0.368164 0.056641 0.091797
0 0.907227 0.365234 0.056641 0.062500
0 0.389648 0.374023 0.029297 0.048828
0 0.328125 0.391602 0.042969 0.037109
0 0.721680 0.487305 0.060547 0.095703
0 0.298828 0.493164 0.027344 0.068359
0 0.421875 0.480469 0.039062 0.046875
0 0.545898 0.506836 0.041016 0.056641
0 0.195312 0.596680 0.050781 0.056641
0 0.599609 0.765625 0.054688 0.035156
0 0.109375 0.833008 0.039062 0.044922
0 0.389648 0.896484 0.029297 0.042969
0 0.109375 0.954102 0.035156 0.044922
