0 0.690806 0.694645 0.037429 0.060781
0 0.267578 0.094727 0.019531 0.044922
0 0.419922 0.107422 0.035156 0.039062
0 0.260742 0.198242 0.037109 0.037109
0 0.417969 0.292969 0.035156 0.042969
0 0.168945 0.327148 0.033203 0.044922
0 0.600586 0.346680 0.029297 0.044922
0 0.484375 0.373047 0.031250 0.050781
0 0.294922 0.421875 0.031250 0.031250
0 0.298828 0.500000 0.035156 0.062500
0 0.529297 0.499023 0.054688 0.056641
0 0.953125 0.516602 0.031250 0.052734
0 0.689453 0.594727 0.050781 0.052734
0 0.083008 0.596680 0.037109 0.044922
0 0.768555 0.634766 0.033203 0.042969
0 0.281250 0.656250 0.050781 0.054688
0 0.451172 0.677734 0.031250 0.050781
0 0.571289 0.676758 0.041016 0.025391
0 0.800781 0.756836 0.039062 0.048828
0 0.856445 0.757812 0.033203 0.050781
0 0.390625 0.796875 0.027344 0.074219
0 0.519531 0.793945 0.031250 0.064453
0 0.326172 0.811523 0.027344 0.052734
0 0.710938 0.930664 0.050781 0.060547
0 0.889648 0.934570 0.033203 0.060547
0 0.776367 0.961914 0.048828 0.033203
