0 0.558584 0.713459 0.036615 0.066570
0 0.406250 0.210938 0.042969 0.062500
0 0.248047 0.291992 0.046875 0.029297
0 0.105469 0.319336 0.039062 0.056641
0 0.652344 0.375977 0.050781 0.056641
0 0.780273 0.386719 0.052734 0.027344
0 0.057617 0.410156 0.041016 0.054688
0 0.234375 0.441406 0.027344 0.050781
0 0.579102 0.473633 0.025391 0.044922
0 0.829102 0.477539 0.033203 0.056641
0 0.704102 0.481445 0.029297 0.044922
0 0.143555 0.517578 0.033203 0.042969
0 0.047852 0.564453 0.021484 0.058594
0 0.142578 0.578125 0.027344 0.042969
0 0.701172 0.575195 0.035156 0.037109
0 0.875000 0.634766 0.046875 0.042969
0 0.141602 0.658203 0.025391 0.054688
0 0.482422 0.700195 0.023438 0.076172
0 0.373047 0.784180 0.039062 0.044922
0 0.548828 0.833984 0.023438 0.082031
0 0.359375 0.856445 0.039062 0.048828
0 0.470703 0.909180 0.054688 0.064453
0 0.213867 0.925781 0.048828 0.066406
0 0.905273 0.953125 0.048828 0.027344
