0 0.373068 0.698987 0.017087 0.028944
0 0.675781 0.062500 0.031250 0.058594
0 0.408203 0.082031 0.054688 0.078125
0 0.138672 0.104492 0.027344 0.068359
0 0.925781 0.113281 0.035156 0.085938
0 0.858398 0.286133 0.021484 0.056641
0 0.090820 0.388672 0.052734 0.039062
0 0.644531 0.458008 0.039062 0.138672
0 0.048828 0.526367 0.031250 0.052734
0 0.328125 0.543945 0.031250 0.037109
0 0.586914 0.567383 0.037109 0.044922
0 0.291016 0.624023 0.035156 0.068359
0 0.078125 0.656250 0.019531 0.050781
0 0.203125 0.691406 0.035156 0.054688
0 0.640625 0.725586 0.035156 0.072266
0 0.452148 0.801758 0.033203 0.041016
0 0.171875 0.825195 0.023438 0.076172
0 0.356445 0.939453 0.025391 0.078125
