0 0.430024 0.417511 0.034988 0.068017
0 0.407227 0.050781 0.044922 0.042969
0 0.235352 0.085938 0.029297 0.054688
0 0.672852 0.124023 0.033203 0.060547
0 0.833984 0.170898 0.031250 0.041016
0 0.258789 0.181641 0.037109 0.050781
0 0.047852 0.266602 0.029297 0.033203
0 0.827148 0.377930 0.025391 0.052734
0 0.608398 0.438477 0.041016 0.076172
0 0.096680 0.440430 0.060547 0.048828
0 0.955078 0.467773 0.023438 0.060547
0 0.171875 0.514648 0.031250 0.033203
0 0.955078 0.628906 0.023438 0.058594
0 0.860352 0.627930 0.021484 0.044922
0 0.079102 0.634766 0.029297 0.039062
0 0.171875 0.691406 0.027344 0.070312
0 0.483398 0.768555 0.025391 0.072266
0 0.392578 0.794922 0.019531 0.082031
0 0.251953 0.807617 0.046875 0.060547
0 0.687500 0.879883 0.042969 0.044922
0 0.871094 0.941659 0.046875 0.113787
0 0.468750 0.960214 0.058594 0.076678
0 0.230469 0.968026 0.023438 0.061053
