0 0.501627 0.560058 0.067535 0.107091
0 0.531250 0.013672 0.042969 0.027344
0 0.891602 0.065430 0.029297 0.072266
0 0.887695 0.135742 0.029297 0.041016
0 0.701172 0.194336 0.031250 0.041016
0 0.254883 0.275391 0.048828 0.054688
0 0.413086 0.295898 0.044922 0.037109
0 0.091797 0.314453 0.050781 0.054688
0 0.857422 0.368164 0.031250 0.048828
0 0.938477 0.360352 0.044922 0.029297
0 0.265625 0.424805 0.027344 0.083984
0 0.765625 0.435547 0.027344 0.054688
0 0.253906 0.642578 0.050781 0.132812
0 0.453125 0.670898 0.015625 0.072266
0 0.161133 0.825195 0.044922 0.083984
0 0.780273 0.846680 0.041016 0.060547
0 0.439453 0.860352 0.046875 0.025391
