0 0.629780 0.624457 0.068348 0.140376
0 0.545898 0.081055 0.033203 0.041016
0 0.762695 0.170898 0.064453 0.021484
0 0.602539 0.235352 0.041016 0.037109
0 0.733398 0.276367 0.021484 0.056641
0 0.767578 0.329102 0.035156 0.037109
0 0.851562 0.407227 0.062500 0.060547
0 0.623047 0.562500 0.062500 0.109375
0 0.736328 0.563477 0.027344 0.056641
0 0.954102 0.575195 0.029297 0.041016
0 0.362305 0.582031 0.033203 0.039062
0 0.982992 0.667969 0.032389 0.027344
0 0.920898 0.711914 0.037109 0.052734
0 0.440430 0.707031 0.056641 0.039062
0 0.456055 0.766602 0.037109 0.048828
0 0.549805 0.764648 0.076172 0.021484
0 0.918945 0.820312 0.033203 0.054688
0 0.708008 0.850586 0.037109 0.076172
0 0.764648 0.912109 0.017578 0.074219
