0 0.758340 0.665702 0.058584 0.115774
0 0.125977 0.049805 0.060547 0.029297
0 0.797852 0.076172 0.033203 0.035156
0 0.891602 0.097656 0.025391 0.050781
0 0.527344 0.123047 0.042969 0.054688
0 0.333008 0.155273 0.033203 0.041016
0 0.809570 0.236328 0.048828 0.082031
0 0.734375 0.230469 0.035156 0.039062
0 0.513672 0.247070 0.066406 0.060547
0 0.904297 0.333008 0.054688 0.076172
0 0.276367 0.422852 0.041016 0.068359
0 0.896484 0.507812 0.070312 0.093750
0 0.767578 0.485352 0.031250 0.037109
0 0.828125 0.611328 0.042969 0.039062
0 0.225586 0.637695 0.033203 0.037109
0 0.041992 0.693359 0.033203 0.050781
0 0.292969 0.743164 0.027344 0.048828
0 0.096680 0.789062 0.056641 0.054688
0 0.260742 0.833008 0.029297 0.056641
0 0.787109 0.828125 0.050781 0.027344
0 0.455078 0.847656 0.023438 0.054688
0 0.160156 0.885742 0.050781 0.044922
0 0.889648 0.964120 0.025391 0.068865
