0 0.541090 0.310420 0.024410 0.044863
0 0.391602 0.015625 0.037109 0.031250
0 0.533203 0.046875 0.046875 0.039062
0 0.323242 0.078125 0.064453 0.023438
0 0.138672 0.131836 0.023438 0.060547
0 0.414062 0.151367 0.039062 0.060547
0 0.307617 0.180664 0.056641 0.052734
0 0.486328 0.186523 0.027344 0.056641
0 0.376953 0.263672 0.042969 0.054688
0 0.232422 0.268555 0.035156 0.041016
0 0.483398 0.294922 0.033203 0.035156
0 0.752930 0.296875 0.048828 0.027344
0 0.234375 0.339844 0.023438 0.062500
0 0.670898 0.354492 0.021484 0.072266
0 0.176758 0.409180 0.033203 0.060547
0 0.408203 0.409180 0.042969 0.041016
0 0.706055 0.437500 0.041016 0.058594
0 0.954102 0.457031 0.029297 0.042969
0 0.250977 0.642578 0.056641 0.085938
0 0.951172 0.687500 0.023438 0.054688
0 0.453125 0.770508 0.015625 0.087891
0 0.547852 0.889648 0.021484 0.091797
0 0.955078 0.952148 0.023438 0.044922
