0 0.962164 0.340810 0.075671 0.131693
0 0.270545 0.588278 0.065907 0.120116
0 0.557771 0.093343 0.049634 0.085384
0 0.716843 0.083213 0.050448 0.091172
0 0.626932 0.090449 0.023596 0.041968
0 0.418226 0.660637 0.052075 0.091172
0 0.407648 0.927641 0.039056 0.072359
0 0.066721 0.308249 0.042311 0.072359
0 0.618796 0.423300 0.057771 0.108538
0 0.920260 0.784370 0.037429 0.078148
0 0.180635 0.702605 0.056957 0.099855
0 0.712775 0.945731 0.125305 0.105644
0 0.548413 0.512301 0.026037 0.049204
0 0.657038 0.689580 0.046379 0.085384
0 0.107811 0.304631 0.020342 0.039074
0 0.623271 0.714906 0.029292 0.054993
0 0.162734 0.517366 0.029292 0.053546
0 0.107404 0.593343 0.017901 0.034732
0 0.468267 0.065847 0.080553 0.128799
0 0.500000 0.193198 0.044752 0.079595
0 0.045159 0.753980 0.023596 0.043415
0 0.007323 0.718524 0.014646 0.085384
0 0.652563 0.272069 0.032547 0.052098
