0 0.736778 0.507236 0.034988 0.059334
0 0.656225 0.723589 0.064280 0.121563
0 0.227014 0.617945 0.056957 0.109986
0 0.779496 0.820550 0.043938 0.083936
0 0.632221 0.276411 0.048820 0.075253
0 0.513832 0.502171 0.056143 0.098408
0 0.850285 0.351664 0.043938 0.072359
0 0.269325 0.717077 0.034174 0.062229
0 0.364117 0.129522 0.054516 0.128799
0 0.720911 0.718524 0.040683 0.073806
0 0.528885 0.625904 0.047193 0.108538
0 0.875509 0.768452 0.024410 0.043415
0 0.889748 0.705499 0.021969 0.039074
0 0.890968 0.944284 0.016273 0.030391
0 0.851505 0.952243 0.030106 0.054993
0 0.241253 0.471780 0.018714 0.034732
0 0.642799 0.076700 0.066721 0.144718
0 0.007730 0.264834 0.015460 0.043415
0 0.967453 0.529667 0.029292 0.049204
0 0.582994 0.482634 0.017087 0.030391
0 0.592352 0.531838 0.053702 0.096961
0 0.084215 0.683792 0.036615 0.068017
0 0.910090 0.390738 0.044752 0.060781
0 0.945484 0.117945 0.021155 0.036179
0 0.431245 0.299566 0.061839 0.124457
0 0.186330 0.499276 0.099268 0.136035
0 0.135069 0.894356 0.097640 0.150507
0 0.847844 0.832127 0.048820 0.089725
0 0.694874 0.380608 0.035801 0.060781
0 0.860862 0.241679 0.019528 0.037627
