0 0.272986 0.914616 0.072417 0.127352
0 0.736778 0.656295 0.033360 0.059334
0 0.639138 0.653401 0.034988 0.065123
0 0.636290 0.863242 0.035801 0.065123
0 0.480472 0.332127 0.057771 0.099855
0 0.656631 0.364689 0.047193 0.075253
0 0.340928 0.754703 0.065094 0.123010
0 0.517087 0.149783 0.041497 0.070912
0 0.679007 0.824168 0.036615 0.068017
0 0.409276 0.326339 0.052075 0.085384
0 0.841741 0.753980 0.065907 0.121563
0 0.499593 0.483357 0.042311 0.086831
0 0.782750 0.953690 0.047193 0.075253
0 0.264443 0.279305 0.030919 0.063676
0 0.346623 0.620116 0.024410 0.047757
0 0.903987 0.313314 0.032547 0.059334
0 0.192433 0.434153 0.025224 0.040521
0 0.410496 0.545586 0.036615 0.063676
0 0.222539 0.389291 0.017087 0.028944
0 0.214402 0.306078 0.059398 0.140376
0 0.455655 0.486252 0.032547 0.063676
0 0.249797 0.374819 0.024410 0.054993
0 0.777055 0.178003 0.024410 0.049204
0 0.777868 0.036179 0.032547 0.049204
