0 0.443857 0.342258 0.061025 0.099855
0 0.631814 0.779305 0.061025 0.108538
0 0.220911 0.143271 0.034988 0.054993
0 0.457689 0.796671 0.051261 0.088278
0 0.906835 0.929812 0.046379 0.085384
0 0.809601 0.947902 0.047193 0.078148
0 0.157038 0.553546 0.055330 0.082489
0 0.233116 0.478292 0.052889 0.085384
0 0.371033 0.561505 0.016273 0.031838
0 0.585028 0.350217 0.039056 0.066570
0 0.532547 0.222142 0.038242 0.059334
0 0.848657 0.357453 0.037429 0.063676
0 0.679007 0.470333 0.048007 0.086831
0 0.704638 0.639653 0.019528 0.037627
0 0.299837 0.680897 0.072417 0.114327
0 0.053702 0.782923 0.035801 0.069465
0 0.891375 0.856006 0.034988 0.059334
0 0.408869 0.254703 0.020342 0.037627
0 0.235964 0.296671 0.017901 0.031838
0 0.460537 0.233719 0.021155 0.039074
0 0.557771 0.434877 0.017087 0.033285
0 0.162734 0.701881 0.024410 0.046310
0 0.432872 0.180897 0.027665 0.046310
0 0.941416 0.638205 0.061839 0.112880
0 0.864117 0.895080 0.030919 0.056440
0 0.077705 0.302460 0.036615 0.063676
0 0.337673 0.591172 0.017901 0.033285
0 0.484133 0.235166 0.019528 0.033285
0 0.275020 0.797395 0.022783 0.043415
0 0.510985 0.256874 0.019528 0.036179
0 0.551668 0.039074 0.068348 0.078148
0 0.200976 0.625181 0.029292 0.052098
0 0.259967 0.856006 0.020342 0.039074
0 0.130594 0.721418 0.030106 0.053546
0 0.283157 0.370478 0.019528 0.034732
0 0.323027 0.202605 0.017901 0.034732
0 0.563466 0.392185 0.013832 0.026049
0 0.646461 0.231548 0.046379 0.081042
0 0.200570 0.958755 0.067535 0.079595
0 0.429618 0.495658 0.042311 0.088278
0 0.463792 0.549928 0.030919 0.049204
0 0.558177 0.211288 0.019528 0.034732
0 0.772579 0.678726 0.018714 0.034732
0 0.342962 0.547033 0.020342 0.037627
0 0.773393 0.742402 0.056143 0.101302
0 0.449959 0.149783 0.014646 0.024602
0 0.814076 0.737337 0.034988 0.059334
0 0.776648 0.298842 0.025224 0.039074
0 0.801465 0.252533 0.024410 0.033285
0 0.820993 0.239508 0.022783 0.047757
0 0.257933 0.226483 0.068348 0.085384
