0 0.622457 0.193198 0.052075 0.091172
0 0.195688 0.526049 0.036615 0.062229
0 0.541904 0.369754 0.052075 0.091172
0 0.679821 0.573806 0.021969 0.041968
0 0.708706 0.129522 0.037429 0.082489
0 0.221725 0.291606 0.057771 0.099855
0 0.768918 0.436324 0.045566 0.076700
0 0.357201 0.492041 0.050448 0.086831
0 0.772579 0.534732 0.015460 0.027496
0 0.253051 0.583213 0.040683 0.069465
0 0.168430 0.643994 0.040683 0.072359
0 0.767290 0.761216 0.022783 0.040521
0 0.602116 0.580318 0.032547 0.057887
0 0.568755 0.561505 0.034174 0.063676
0 0.542718 0.767004 0.016273 0.028944
0 0.523190 0.191027 0.081367 0.109986
0 0.703011 0.687410 0.034174 0.069465
0 0.620423 0.651230 0.017087 0.031838
0 0.269325 0.343705 0.030919 0.056440
0 0.456876 0.505065 0.020342 0.037627
0 0.601302 0.672938 0.017901 0.034732
0 0.739219 0.730825 0.025224 0.046310
0 0.694874 0.897974 0.022783 0.041968
0 0.662327 0.715630 0.024410 0.041968
0 0.329536 0.233719 0.021155 0.039074
0 0.538242 0.588278 0.018714 0.033285
0 0.779902 0.570188 0.015460 0.028944
0 0.101709 0.236614 0.029292 0.050651
0 0.057771 0.182344 0.027665 0.046310
0 0.637103 0.630246 0.017901 0.033285
0 0.132221 0.291606 0.021969 0.039074
0 0.779496 0.643994 0.016273 0.031838
0 0.068755 0.931259 0.020342 0.036179
0 0.247762 0.036179 0.018714 0.031838
0 0.649715 0.670767 0.038242 0.076700
0 0.716029 0.765557 0.013019 0.023155
0 0.756713 0.259045 0.019528 0.043415
0 0.747762 0.222865 0.021155 0.040521
0 0.102522 0.415340 0.042311 0.066570
0 0.126119 0.638205 0.024410 0.066570
0 0.184703 0.765557 0.050448 0.089725
