0 0.313670 0.353111 0.039870 0.078148
0 0.188365 0.155572 0.044752 0.094067
0 0.060212 0.565847 0.045566 0.075253
0 0.317738 0.689580 0.048007 0.094067
0 0.334418 0.246020 0.037429 0.060781
0 0.443450 0.351664 0.071603 0.098408
0 0.269325 0.439219 0.039056 0.073806
0 0.625305 0.811143 0.026851 0.050651
0 0.033360 0.253980 0.043938 0.070912
0 0.301058 0.159190 0.047193 0.075253
0 0.172905 0.678726 0.028478 0.052098
0 0.194060 0.243126 0.020342 0.034732
0 0.127746 0.651230 0.034174 0.057887
0 0.879170 0.732272 0.021969 0.043415
0 0.010985 0.711288 0.021969 0.059334
0 0.601709 0.103473 0.034988 0.070912
0 0.220504 0.930535 0.014646 0.028944
0 0.558991 0.398698 0.045566 0.082489
0 0.122050 0.538350 0.043938 0.072359
0 0.198942 0.392185 0.033360 0.054993
0 0.262002 0.729378 0.042311 0.086831
0 0.170871 0.771346 0.065094 0.107091
0 0.213181 0.438495 0.061839 0.101302
