0 0.748576 0.179450 0.048820 0.092619
0 0.296583 0.352388 0.020342 0.039074
0 0.329536 0.435601 0.043938 0.081042
0 0.825875 0.373372 0.034174 0.054993
0 0.469894 0.730101 0.048007 0.088278
0 0.218063 0.373372 0.021155 0.037627
0 0.153784 0.712735 0.026037 0.047757
0 0.159479 0.502894 0.032547 0.056440
0 0.265663 0.874819 0.051261 0.099855
0 0.478845 0.377713 0.057771 0.098408
0 0.453214 0.167149 0.068348 0.134588
0 0.683889 0.865412 0.026851 0.052098
0 0.434500 0.587554 0.024410 0.049204
0 0.264036 0.337916 0.033360 0.062229
0 0.537836 0.721418 0.052075 0.088278
0 0.491050 0.060058 0.052889 0.102750
0 0.700976 0.670767 0.039870 0.073806
0 0.269325 0.267728 0.022783 0.040521
0 0.360049 0.933430 0.039870 0.075253
0 0.672498 0.753256 0.020342 0.039074
0 0.673718 0.625904 0.022783 0.041968
0 0.327502 0.981187 0.052889 0.034732
0 0.140765 0.657019 0.014646 0.028944
0 0.889341 0.027496 0.029292 0.049204
0 0.615134 0.649783 0.063466 0.124457
0 0.673312 0.512301 0.103336 0.164978
0 0.788446 0.767004 0.022783 0.040521
0 0.110252 0.684515 0.062653 0.092619
0 0.112286 0.753256 0.026037 0.047757
0 0.163548 0.274240 0.030919 0.053546
