0 0.583808 0.352388 0.065907 0.114327
0 0.670871 0.955137 0.054516 0.086831
0 0.349471 0.483357 0.046379 0.081042
0 0.085028 0.427641 0.054516 0.102750
0 0.516273 0.692475 0.048007 0.088278
0 0.147274 0.589001 0.017901 0.031838
0 0.893002 0.306802 0.038242 0.063676
0 0.806753 0.714182 0.043124 0.082489
0 0.710334 0.617221 0.043938 0.073806
0 0.478845 0.896527 0.057771 0.105644
0 0.380391 0.269175 0.030106 0.052098
0 0.239219 0.829957 0.034174 0.068017
0 0.291294 0.431983 0.032547 0.062229
0 0.399105 0.219247 0.039870 0.076700
0 0.396257 0.908104 0.056957 0.099855
0 0.190806 0.982634 0.020342 0.031838
0 0.794955 0.397250 0.021155 0.039074
0 0.433279 0.341534 0.039870 0.063676
0 0.127746 0.453690 0.026037 0.050651
0 0.565094 0.468162 0.018714 0.036179
0 0.190399 0.493488 0.027665 0.060781
0 0.858015 0.096237 0.036615 0.056440
0 0.222539 0.934153 0.025224 0.047757
0 0.422295 0.292330 0.017901 0.034732
0 0.355574 0.701881 0.022783 0.040521
0 0.117982 0.214182 0.048820 0.078148
0 0.640358 0.834298 0.017901 0.036179
0 0.182262 0.869030 0.065094 0.157742
0 0.410496 0.416064 0.059398 0.102750
