0 0.901139 0.943560 0.070789 0.112880
0 0.581774 0.923300 0.066721 0.109986
0 0.652970 0.547757 0.052889 0.094067
0 0.402766 0.069465 0.076485 0.130246
0 0.627339 0.803907 0.053702 0.099855
0 0.525224 0.342258 0.020342 0.039074
0 0.467453 0.432706 0.018714 0.037627
0 0.136290 0.860347 0.021969 0.041968
0 0.427990 0.183792 0.043938 0.081042
0 0.551668 0.123734 0.016273 0.030391
0 0.408869 0.489146 0.017087 0.034732
0 0.492677 0.108538 0.015460 0.028944
0 0.827095 0.560058 0.017087 0.031838
0 0.930431 0.498553 0.020342 0.039074
0 0.004882 0.131693 0.009764 0.078148
0 0.211147 0.189580 0.020342 0.034732
0 0.729048 0.455861 0.084622 0.109986
