0 0.031733 0.609262 0.063466 0.124457
0 0.371440 0.827062 0.049634 0.091172
0 0.517087 0.434877 0.043124 0.079595
0 0.303499 0.292330 0.040683 0.083936
0 0.449959 0.596237 0.042311 0.081042
0 0.815704 0.858177 0.041497 0.075253
0 0.235151 0.740955 0.042311 0.075253
0 0.484947 0.816208 0.045566 0.083936
0 0.566721 0.284370 0.031733 0.056440
0 0.454434 0.951520 0.041497 0.082489
0 0.228234 0.607091 0.036615 0.065123
0 0.123271 0.219971 0.049634 0.089725
0 0.310822 0.875543 0.037429 0.069465
0 0.203011 0.455861 0.046379 0.075253
0 0.403173 0.630970 0.049634 0.095514
0 0.380391 0.479740 0.020342 0.039074
0 0.625305 0.324168 0.036615 0.069465
0 0.763629 0.847323 0.038242 0.073806
0 0.278275 0.870478 0.045566 0.079595
0 0.024410 0.418234 0.048820 0.092619
0 0.202604 0.905210 0.040683 0.070912
0 0.403580 0.312590 0.042311 0.081042
0 0.343775 0.769175 0.020342 0.039074
0 0.403987 0.114327 0.049634 0.081042
0 0.779902 0.471056 0.020342 0.036179
0 0.799024 0.960203 0.029292 0.053546
0 0.454434 0.052098 0.039870 0.063676
0 0.713995 0.153401 0.025224 0.049204
0 0.749797 0.103473 0.054516 0.102750
0 0.518714 0.070912 0.038242 0.063676
0 0.375915 0.024602 0.030919 0.043415
0 0.624898 0.385673 0.017901 0.033285
0 0.341334 0.021708 0.018714 0.031838
0 0.375102 0.382779 0.024410 0.041968
0 0.005289 0.504342 0.010578 0.036179
0 0.762408 0.285094 0.058584 0.089725
0 0.464605 0.222865 0.050448 0.092619
0 0.184703 0.130246 0.037429 0.081042
0 0.882018 0.837916 0.061839 0.112880
