0 0.609439 0.251809 0.053702 0.089725
0 0.510171 0.239508 0.047193 0.082489
0 0.153784 0.781476 0.042311 0.083936
0 0.339707 0.080318 0.057771 0.102750
0 0.205045 0.767728 0.032547 0.062229
0 0.407648 0.534009 0.050448 0.095514
0 0.687551 0.382779 0.029292 0.056440
0 0.745321 0.671491 0.056957 0.104197
0 0.647274 0.712012 0.023596 0.049204
0 0.905207 0.753256 0.077299 0.125904
0 0.318145 0.756151 0.021155 0.041968
0 0.791294 0.390014 0.023596 0.041968
0 0.485761 0.955861 0.026037 0.047757
0 0.845810 0.824168 0.028478 0.050651
0 0.505696 0.510130 0.061025 0.108538
0 0.814483 0.759768 0.027665 0.046310
0 0.356387 0.572359 0.017901 0.033285
0 0.219691 0.412446 0.021155 0.040521
0 0.161920 0.647612 0.056957 0.082489
0 0.572417 0.287988 0.021969 0.040521
0 0.423515 0.780029 0.015460 0.031838
0 0.451587 0.872648 0.021155 0.040521
0 0.469487 0.900868 0.024410 0.047757
0 0.216843 0.883502 0.041497 0.073806
0 0.077705 0.167149 0.087063 0.111433
0 0.691212 0.837192 0.043124 0.070912
0 0.510171 0.135311 0.019528 0.036179
0 0.891782 0.824891 0.024410 0.049204
0 0.357608 0.502894 0.020342 0.039074
0 0.277461 0.749638 0.027665 0.049204
0 0.765256 0.216353 0.056143 0.125904
0 0.722945 0.739508 0.028478 0.052098
0 0.890155 0.633864 0.014646 0.026049
0 0.873474 0.935601 0.075671 0.105644
