0 0.939382 0.722865 0.059398 0.102750
0 0.665582 0.941389 0.097640 0.117221
0 0.671277 0.272793 0.045566 0.079595
0 0.438568 0.086831 0.045566 0.086831
0 0.074044 0.856729 0.045566 0.078148
0 0.406021 0.372648 0.048820 0.091172
0 0.158666 0.301013 0.037429 0.075253
0 0.652970 0.162808 0.065907 0.125904
0 0.908462 0.505789 0.028478 0.050651
0 0.473556 0.243126 0.022783 0.040521
0 0.481692 0.329957 0.056957 0.095514
0 0.354353 0.714906 0.075671 0.141823
0 0.341334 0.363242 0.036615 0.063676
0 0.893816 0.893632 0.075671 0.166425
0 0.979658 0.642547 0.039056 0.078148
0 0.278682 0.481187 0.020342 0.039074
0 0.709520 0.376266 0.021155 0.046310
0 0.638731 0.403763 0.039056 0.081042
0 0.854353 0.471780 0.045566 0.081042
0 0.756713 0.377713 0.056957 0.101302
0 0.316517 0.968886 0.074858 0.062229
0 0.484133 0.149783 0.022783 0.041968
0 0.015460 0.160637 0.030919 0.060781
0 0.008950 0.959479 0.017901 0.072359
0 0.877543 0.450796 0.025224 0.047757
0 0.987795 0.416787 0.024410 0.089725
0 0.917413 0.264834 0.056143 0.092619
0 0.208706 0.053546 0.044752 0.081042
0 0.606591 0.409551 0.039870 0.081042
0 0.936127 0.118669 0.067535 0.098408
0 0.917819 0.282200 0.061839 0.127352
0 0.423922 0.012301 0.026037 0.024602
0 0.257933 0.065123 0.024410 0.049204
0 0.240033 0.023155 0.060212 0.046310
