0 0.312856 0.835745 0.041497 0.085384
0 0.338893 0.951520 0.031733 0.070912
0 0.415378 0.288712 0.057771 0.094067
0 0.534174 0.172214 0.074044 0.115774
0 0.667616 0.053546 0.046379 0.072359
0 0.640358 0.320550 0.043938 0.073806
0 0.227421 0.588278 0.041497 0.073806
0 0.578519 0.075977 0.043938 0.079595
0 0.304719 0.073806 0.044752 0.072359
0 0.265256 0.955861 0.027665 0.056440
0 0.398698 0.788712 0.053702 0.104197
0 0.176566 0.730825 0.040683 0.075253
0 0.044345 0.701158 0.028478 0.053546
0 0.245321 0.633140 0.015460 0.030391
0 0.894223 0.939219 0.029292 0.052098
0 0.124898 0.444284 0.017087 0.034732
0 0.544752 0.096961 0.020342 0.037627
0 0.258340 0.267004 0.036615 0.065123
0 0.095606 0.301013 0.023596 0.049204
0 0.090724 0.405210 0.030106 0.049204
0 0.639138 0.771346 0.054516 0.109986
0 0.558177 0.982634 0.052075 0.066570
