0 0.426770 0.053546 0.051261 0.078148
0 0.585028 0.381331 0.050448 0.082489
0 0.812856 0.494935 0.037429 0.069465
0 0.304719 0.312590 0.065907 0.107091
0 0.438161 0.395080 0.043124 0.066570
0 0.732303 0.513748 0.035801 0.060781
0 0.649308 0.590449 0.040683 0.078148
0 0.201790 0.675832 0.065094 0.118669
0 0.831164 0.956585 0.048007 0.081042
0 0.727828 0.641823 0.056143 0.094067
0 0.624898 0.157019 0.043938 0.070912
0 0.272172 0.453690 0.017087 0.033285
0 0.844996 0.280029 0.048007 0.082489
0 0.099675 0.386397 0.030106 0.057887
0 0.453621 0.887120 0.034988 0.063676
0 0.248576 0.151954 0.043124 0.063676
0 0.182262 0.214906 0.043938 0.065123
0 0.163548 0.336469 0.024410 0.039074
0 0.521562 0.837192 0.037429 0.073806
0 0.778682 0.473227 0.027665 0.049204
0 0.870220 0.916064 0.041497 0.072359
0 0.250203 0.596237 0.021969 0.037627
0 0.705452 0.359624 0.053702 0.079595
0 0.544345 0.063676 0.042311 0.063676
0 0.011391 0.482634 0.022783 0.073806
0 0.189992 0.316208 0.021969 0.039074
0 0.465826 0.807525 0.043124 0.078148
0 0.991456 0.826339 0.017087 0.075253
0 0.222539 0.256151 0.023596 0.040521
0 0.284378 0.410275 0.021969 0.036179
0 0.792514 0.824168 0.022783 0.041968
0 0.738812 0.353111 0.027665 0.043415
0 0.337266 0.231548 0.017087 0.028944
0 0.803906 0.441389 0.032547 0.049204
0 0.251424 0.013025 0.016273 0.026049
0 0.899919 0.499276 0.039056 0.063676
0 0.426363 0.186686 0.055330 0.075253
0 0.649308 0.271346 0.024410 0.044863
0 0.969081 0.552098 0.050448 0.117221
