0 0.504882 0.319103 0.056143 0.091172
0 0.411310 0.096961 0.041497 0.066570
0 0.736371 0.285094 0.043938 0.075253
0 0.380797 0.448625 0.060212 0.104197
0 0.569976 0.281476 0.059398 0.094067
0 0.411717 0.341534 0.058584 0.107091
0 0.305940 0.680897 0.055330 0.099855
0 0.331164 0.423300 0.043938 0.076700
0 0.665582 0.716353 0.040683 0.078148
0 0.590317 0.122287 0.044752 0.070912
0 0.329536 0.876990 0.076485 0.141823
0 0.626932 0.714182 0.020342 0.036179
0 0.756713 0.507959 0.047193 0.083936
0 0.440602 0.600579 0.039870 0.072359
0 0.483320 0.835022 0.029292 0.054993
0 0.239219 0.515919 0.055330 0.088278
0 0.641172 0.534009 0.021155 0.040521
0 0.400325 0.606368 0.022783 0.043415
0 0.665175 0.552098 0.018714 0.036179
0 0.550854 0.078148 0.048820 0.081042
0 0.807567 0.368307 0.031733 0.053546
0 0.779902 0.323444 0.036615 0.073806
0 0.752644 0.419682 0.027665 0.046310
0 0.759967 0.822721 0.022783 0.044863
0 0.632221 0.877713 0.037429 0.059334
0 0.682669 0.605644 0.017901 0.033285
0 0.565500 0.880608 0.032547 0.059334
0 0.098454 0.523155 0.048820 0.082489
0 0.262002 0.782200 0.065094 0.114327
0 0.820179 0.802460 0.035801 0.062229
0 0.791294 0.820550 0.034988 0.069465
0 0.308381 0.276411 0.034174 0.057887
0 0.763629 0.877713 0.026851 0.047757
0 0.539056 0.660637 0.048007 0.082489
0 0.060212 0.212735 0.035801 0.060781
0 0.821806 0.898698 0.017901 0.034732
0 0.109032 0.348046 0.043938 0.065123
0 0.165175 0.982634 0.042311 0.034732
0 0.961758 0.941389 0.034174 0.056440
0 0.719284 0.380608 0.017901 0.031838
0 0.988202 0.334298 0.021969 0.078148
0 0.449959 0.941389 0.126932 0.117221
0 0.906428 0.208394 0.047193 0.078148
0 0.748169 0.061505 0.026851 0.050651
0 0.794548 0.098408 0.041497 0.049204
0 0.841741 0.138205 0.023596 0.041968
0 0.233523 0.146165 0.045566 0.052098
0 0.158259 0.077424 0.043124 0.047757
0 0.862083 0.455137 0.049634 0.076700
0 0.929211 0.460926 0.058584 0.085384
0 0.604150 0.953690 0.025224 0.037627
0 0.530106 0.735890 0.017087 0.030391
