0 0.682262 0.364689 0.111473 0.211288
0 0.403173 0.436324 0.057771 0.099855
0 0.649715 0.796671 0.067535 0.114327
0 0.948739 0.294501 0.065094 0.108538
0 0.847844 0.302460 0.079740 0.133140
0 0.343369 0.895080 0.061839 0.128799
0 0.304719 0.618669 0.083808 0.149059
0 0.892596 0.952967 0.058584 0.094067
0 0.432872 0.654124 0.034174 0.069465
0 0.347030 0.369754 0.026851 0.050651
0 0.680228 0.938495 0.032547 0.065123
0 0.536615 0.317656 0.021969 0.041968
0 0.600488 0.128799 0.050448 0.092619
0 0.943043 0.664255 0.029292 0.054993
0 0.908869 0.724313 0.042311 0.079595
0 0.500814 0.282200 0.051261 0.092619
0 0.436127 0.183792 0.022783 0.043415
0 0.884866 0.767004 0.021969 0.043415
0 0.526037 0.073806 0.041497 0.075253
0 0.371033 0.364689 0.021155 0.040521
0 0.548413 0.400868 0.043938 0.095514
0 0.253865 0.070188 0.056957 0.068017
0 0.562246 0.044863 0.040683 0.072359
0 0.015460 0.066570 0.030919 0.072359
0 0.499186 0.018813 0.033360 0.037627
0 0.183483 0.225760 0.031733 0.057887
0 0.136697 0.698987 0.027665 0.052098
0 0.651749 0.062952 0.021155 0.039074
0 0.380797 0.606368 0.063466 0.095514
0 0.452400 0.028220 0.048820 0.056440
0 0.309194 0.302460 0.039056 0.069465
0 0.353946 0.293777 0.037429 0.072359
0 0.213588 0.291606 0.046379 0.085384
0 0.155818 0.298842 0.020342 0.041968
