0 0.786412 0.612156 0.054516 0.086831
0 0.762408 0.734443 0.055330 0.099855
0 0.419854 0.316932 0.052075 0.095514
0 0.523190 0.069465 0.040683 0.081042
0 0.134255 0.958032 0.056957 0.081042
0 0.700976 0.217800 0.043124 0.073806
0 0.224573 0.276411 0.037429 0.072359
0 0.626932 0.290159 0.044752 0.085384
0 0.075264 0.874819 0.041497 0.068017
0 0.354760 0.425470 0.024410 0.043415
0 0.375509 0.639653 0.030106 0.054993
0 0.404801 0.790159 0.023596 0.043415
0 0.346216 0.825615 0.023596 0.047757
0 0.057771 0.790883 0.029292 0.047757
0 0.871033 0.246020 0.052889 0.078148
0 0.255492 0.133140 0.026037 0.046310
0 0.469081 0.720695 0.028478 0.052098
0 0.340521 0.549204 0.030106 0.056440
0 0.818145 0.871925 0.034988 0.062229
0 0.606591 0.436324 0.020342 0.039074
0 0.474369 0.840087 0.047193 0.143271
0 0.105370 0.120116 0.056143 0.101302
0 0.391782 0.740955 0.021969 0.040521
0 0.859235 0.814761 0.022783 0.043415
0 0.418226 0.491317 0.021155 0.039074
0 0.283564 0.068017 0.043124 0.086831
0 0.215622 0.980463 0.035801 0.039074
0 0.125305 0.670767 0.022783 0.039074
0 0.162327 0.261216 0.049634 0.099855
0 0.561025 0.022431 0.033360 0.044863
0 0.811635 0.387844 0.023596 0.043415
0 0.592758 0.083936 0.015460 0.028944
0 0.125712 0.244573 0.026851 0.046310
0 0.903580 0.062229 0.043124 0.078148
0 0.760374 0.129522 0.023596 0.039074
0 0.104963 0.696816 0.019528 0.039074
0 0.054923 0.332851 0.078926 0.098408
