0 0.670464 0.871925 0.060212 0.105644
0 0.680635 0.246020 0.049634 0.078148
0 0.513426 0.176556 0.045566 0.083936
0 0.255492 0.510854 0.050448 0.098408
0 0.370220 0.604197 0.040683 0.068017
0 0.590724 0.305355 0.061839 0.112880
0 0.493897 0.633140 0.047193 0.088278
0 0.765663 0.824168 0.043938 0.073806
0 0.670464 0.709841 0.034174 0.068017
0 0.489829 0.437771 0.065094 0.099855
0 0.170871 0.573082 0.052075 0.089725
0 0.874695 0.709841 0.045566 0.088278
0 0.563873 0.719247 0.039056 0.069465
0 0.337673 0.047033 0.065094 0.085384
0 0.569162 0.619392 0.043124 0.078148
0 0.208299 0.815485 0.040683 0.076700
0 0.284378 0.701881 0.021969 0.040521
0 0.862083 0.447902 0.026851 0.050651
0 0.371440 0.691751 0.072417 0.107091
0 0.854353 0.877713 0.081367 0.105644
0 0.165989 0.378437 0.052075 0.091172
0 0.678194 0.626628 0.028478 0.052098
0 0.912937 0.612156 0.019528 0.034732
0 0.740439 0.636758 0.019528 0.034732
0 0.542718 0.764110 0.014646 0.028944
0 0.275427 0.883502 0.020342 0.039074
0 0.831164 0.618669 0.031733 0.059334
0 0.257933 0.370478 0.017901 0.031838
0 0.844589 0.738061 0.019528 0.037627
0 0.819772 0.330680 0.021969 0.041968
0 0.304719 0.317656 0.017087 0.030391
0 0.538242 0.701881 0.015460 0.028944
0 0.289666 0.298842 0.016273 0.027496
0 0.233930 0.374819 0.018714 0.034732
0 0.951180 0.455861 0.081367 0.144718
0 0.934500 0.926194 0.051261 0.092619
0 0.818552 0.986975 0.039056 0.034732
0 0.894630 0.989146 0.017087 0.024602
0 0.623678 0.727207 0.021969 0.044863
0 0.596420 0.722142 0.021155 0.043415
0 0.593572 0.776411 0.023596 0.047757
0 0.586656 0.086831 0.022783 0.034732
0 0.517494 0.056440 0.021155 0.040521
0 0.422295 0.031838 0.022783 0.028944
0 0.155411 0.188133 0.024410 0.034732
0 0.176973 0.219247 0.033360 0.059334
0 0.229048 0.264834 0.023596 0.040521
0 0.199349 0.290883 0.014646 0.037627
