0 0.733523 0.609986 0.049634 0.085384
0 0.185924 0.268452 0.065907 0.120116
0 0.916192 0.633864 0.053702 0.083936
0 0.528072 0.560058 0.040683 0.072359
0 0.247356 0.643271 0.055330 0.102750
0 0.703011 0.705499 0.043938 0.088278
0 0.699756 0.201158 0.069976 0.121563
0 0.789260 0.436324 0.039056 0.059334
0 0.892189 0.212735 0.059398 0.104197
0 0.347437 0.651230 0.034174 0.066570
0 0.804312 0.909551 0.048007 0.088278
0 0.678600 0.036903 0.030919 0.056440
0 0.239626 0.787988 0.026851 0.050651
0 0.500814 0.520984 0.021969 0.037627
0 0.593979 0.439942 0.021155 0.040521
0 0.388934 0.673661 0.021155 0.041968
0 0.801058 0.327786 0.021969 0.041968
0 0.803906 0.253256 0.021155 0.040521
0 0.403173 0.050651 0.038242 0.057887
0 0.395850 0.536179 0.023596 0.044863
0 0.127746 0.295948 0.026037 0.044863
0 0.477624 0.550651 0.029292 0.053546
0 0.729455 0.481910 0.044752 0.092619
0 0.183889 0.037627 0.066721 0.075253
0 0.504475 0.474674 0.016273 0.028944
0 0.034174 0.053546 0.035801 0.049204
0 0.131001 0.413169 0.021155 0.039074
0 0.813263 0.654848 0.069162 0.160637
0 0.406428 0.206223 0.059398 0.128799
0 0.493084 0.407381 0.105777 0.172214
0 0.737592 0.967438 0.065907 0.070912
0 0.898698 0.982634 0.051261 0.049204
0 0.991456 0.436324 0.028478 0.085384
0 0.182669 0.871201 0.091945 0.191027
