0 0.582994 0.489870 0.069162 0.117221
0 0.071603 0.573806 0.056957 0.108538
0 0.344182 0.625904 0.048820 0.088278
0 0.813670 0.870478 0.048820 0.091172
0 0.419854 0.423300 0.019528 0.036179
0 0.515053 0.848046 0.048820 0.089725
0 0.187958 0.092619 0.097640 0.136035
0 0.901953 0.445007 0.039870 0.068017
0 0.395443 0.350941 0.039056 0.073806
0 0.108625 0.350941 0.043124 0.070912
0 0.716843 0.769899 0.048820 0.081042
0 0.430431 0.477569 0.040683 0.066570
0 0.181448 0.638929 0.029292 0.062229
0 0.816517 0.696093 0.044752 0.078148
0 0.341741 0.104920 0.027665 0.050651
0 0.375915 0.400145 0.030919 0.053546
0 0.283564 0.569465 0.033360 0.065123
0 0.117168 0.600579 0.026037 0.049204
0 0.565907 0.609986 0.020342 0.036179
0 0.865745 0.217077 0.042311 0.069465
0 0.367779 0.526773 0.029292 0.054993
0 0.349878 0.864689 0.022783 0.041968
0 0.136697 0.744573 0.017901 0.033285
0 0.406021 0.555716 0.063466 0.115774
0 0.800244 0.538350 0.017087 0.034732
