0 0.882018 0.822721 0.042311 0.062229
0 0.959317 0.505789 0.029292 0.056440
0 0.880391 0.428365 0.026037 0.037627
0 0.875102 0.500000 0.048007 0.073806
0 0.751831 0.346599 0.097640 0.169320
0 0.604557 0.603473 0.136697 0.219971
0 0.520342 0.488423 0.064280 0.105644
0 0.240033 0.675832 0.042311 0.069465
0 0.253865 0.750362 0.037429 0.059334
0 0.323841 0.780753 0.029292 0.039074
0 0.310822 0.840810 0.029292 0.049204
0 0.195688 0.920405 0.026851 0.040521
0 0.219691 0.929812 0.029292 0.050651
0 0.251831 0.935601 0.031733 0.050651
0 0.205045 0.853111 0.024410 0.033285
0 0.106184 0.423300 0.036615 0.065123
0 0.017494 0.326339 0.034988 0.070912
0 0.237592 0.217800 0.047193 0.070912
0 0.306347 0.070912 0.052889 0.089725
0 0.136697 0.059334 0.026037 0.040521
0 0.712368 0.907381 0.025224 0.046310
0 0.646054 0.094067 0.068348 0.107091
0 0.548007 0.076700 0.043124 0.057887
0 0.540277 0.142547 0.048820 0.073806
0 0.459317 0.111433 0.041497 0.066570
