0 0.914565 0.135311 0.063466 0.102750
0 0.405614 0.688133 0.052889 0.102750
0 0.438568 0.247467 0.058584 0.130246
0 0.023190 0.425470 0.046379 0.107091
0 0.744101 0.437771 0.059398 0.102750
0 0.853133 0.315485 0.059398 0.104197
0 0.813670 0.865412 0.026037 0.049204
0 0.901139 0.895803 0.039870 0.069465
0 0.251424 0.859624 0.026037 0.046310
0 0.726607 0.839363 0.017901 0.034732
0 0.320993 0.885673 0.057771 0.092619
0 0.679007 0.583936 0.021969 0.041968
0 0.281937 0.595514 0.049634 0.088278
0 0.061839 0.100579 0.040683 0.070912
0 0.142799 0.562952 0.025224 0.043415
0 0.530106 0.192475 0.023596 0.046310
0 0.710334 0.772793 0.017901 0.034732
0 0.334011 0.244573 0.020342 0.040521
0 0.975590 0.620839 0.022783 0.043415
0 0.401139 0.479016 0.079740 0.150507
0 0.129780 0.497106 0.023596 0.041968
0 0.122864 0.120839 0.019528 0.036179
0 0.185110 0.233719 0.026851 0.044863
0 0.555330 0.379161 0.075671 0.199711
0 0.404394 0.317656 0.014646 0.027496
0 0.124085 0.948625 0.056143 0.079595
0 0.231489 0.054269 0.041497 0.065123
0 0.973556 0.143271 0.031733 0.049204
0 0.575264 0.560781 0.030919 0.050651
0 0.183483 0.568741 0.049634 0.069465
0 0.132628 0.603473 0.027665 0.049204
