0 0.254272 0.473951 0.074044 0.120116
0 0.974369 0.485528 0.049634 0.111433
0 0.670464 0.110709 0.035801 0.059334
0 0.704638 0.300289 0.043938 0.068017
0 0.196094 0.149059 0.019528 0.037627
0 0.649308 0.505065 0.021155 0.040521
0 0.696501 0.497829 0.022783 0.040521
0 0.049227 0.636035 0.048007 0.082489
0 0.445077 0.817656 0.029292 0.054993
0 0.040683 0.364689 0.039056 0.063676
0 0.683889 0.399421 0.030106 0.057887
0 0.041904 0.541968 0.080553 0.105644
0 0.343369 0.254703 0.017901 0.031838
0 0.741253 0.751085 0.081367 0.150507
0 0.696501 0.199711 0.039056 0.063676
0 0.175346 0.938495 0.026851 0.050651
0 0.763222 0.367583 0.039056 0.069465
0 0.612693 0.128799 0.021155 0.037627
0 0.543938 0.085384 0.015460 0.028944
0 0.313670 0.262663 0.015460 0.030391
0 0.787632 0.168596 0.024410 0.044863
0 0.689992 0.455861 0.017901 0.031838
0 0.885679 0.345152 0.077299 0.105644
0 0.960537 0.106368 0.077299 0.128799
0 0.745321 0.537627 0.053702 0.073806
0 0.825468 0.265557 0.036615 0.065123
0 0.454841 0.158466 0.138324 0.212735
0 0.193247 0.049204 0.083808 0.083936
