0 0.644426 0.722142 0.027665 0.052098
0 0.587876 0.565847 0.031733 0.060781
0 0.175753 0.842981 0.052075 0.096961
0 0.374288 0.701158 0.017901 0.033285
0 0.198535 0.695369 0.035801 0.065123
0 0.050041 0.525326 0.031733 0.054993
0 0.685517 0.080318 0.051261 0.134588
0 0.452400 0.816932 0.063466 0.123010
0 0.534581 0.629522 0.022783 0.046310
0 0.353133 0.943560 0.040683 0.101302
0 0.086249 0.390738 0.035801 0.057887
0 0.405614 0.623734 0.015460 0.028944
0 0.410090 0.076700 0.043938 0.083936
0 0.298210 0.624457 0.028478 0.065123
0 0.008137 0.540521 0.016273 0.047757
0 0.011391 0.479016 0.022783 0.049204
