0 0.753865 0.651230 0.069162 0.109986
0 0.417819 0.638929 0.091945 0.180897
0 0.913344 0.732272 0.041497 0.083936
0 0.755085 0.089001 0.027665 0.050651
0 0.363710 0.625904 0.016273 0.030391
0 0.285191 0.215630 0.036615 0.057887
0 0.875509 0.165702 0.040683 0.065123
0 0.070382 0.484805 0.078926 0.147612
0 0.598861 0.135311 0.029292 0.053546
0 0.593165 0.084660 0.019528 0.036179
0 0.702197 0.746744 0.016273 0.031838
0 0.124898 0.585384 0.026851 0.047757
0 0.329943 0.616498 0.017087 0.031838
0 0.855167 0.219247 0.022783 0.039074
0 0.099268 0.251085 0.066721 0.111433
0 0.292107 0.730101 0.016273 0.030391
0 0.698535 0.226483 0.018714 0.036179
0 0.886900 0.589001 0.026037 0.052098
0 0.342962 0.666425 0.038242 0.070912
0 0.129373 0.721418 0.024410 0.044863
0 0.099675 0.098408 0.039870 0.060781
0 0.722945 0.187410 0.052889 0.082489
0 0.677380 0.081766 0.017087 0.030391
0 0.631001 0.034732 0.025224 0.043415
0 0.818552 0.803907 0.071603 0.123010
0 0.927583 0.247467 0.037429 0.060781
0 0.171684 0.185239 0.035801 0.046310
