0 0.349878 0.255427 0.074858 0.123010
0 0.423108 0.091896 0.056957 0.094067
0 0.671684 0.779305 0.069162 0.123010
0 0.558991 0.479740 0.048820 0.088278
0 0.159886 0.608538 0.085435 0.094067
0 0.403580 0.528944 0.039056 0.076700
0 0.551261 0.879884 0.065907 0.124457
0 0.858421 0.524602 0.040683 0.070912
0 0.171684 0.782200 0.032547 0.062229
0 0.184703 0.350217 0.061839 0.109986
0 0.299024 0.424023 0.031733 0.054993
0 0.227828 0.414616 0.037429 0.053546
0 0.482506 0.535456 0.037429 0.072359
0 0.670057 0.096237 0.030106 0.053546
0 0.867779 0.287265 0.031733 0.059334
0 0.630187 0.091896 0.038242 0.070912
0 0.270138 0.549204 0.043938 0.134588
0 0.744915 0.087554 0.036615 0.056440
0 0.880391 0.161360 0.045566 0.076700
0 0.942636 0.230825 0.059398 0.091172
0 0.681448 0.024602 0.023596 0.037627
0 0.890561 0.231548 0.023596 0.040521
0 0.978031 0.305355 0.019528 0.037627
0 0.349878 0.382055 0.016273 0.034732
