0 0.544752 0.649783 0.054516 0.107091
0 0.532547 0.924747 0.048007 0.098408
0 0.438975 0.527496 0.038242 0.070912
0 0.457282 0.693198 0.043938 0.078148
0 0.342962 0.230825 0.048007 0.073806
0 0.421481 0.191751 0.042311 0.070912
0 0.406835 0.505789 0.030919 0.059334
0 0.142799 0.582489 0.043124 0.070912
0 0.870627 0.604920 0.060212 0.101302
0 0.349878 0.782923 0.066721 0.121563
0 0.881204 0.421852 0.029292 0.053546
0 0.698129 0.139653 0.071603 0.117221
0 0.192026 0.417511 0.037429 0.062229
0 0.534581 0.776411 0.017901 0.036179
0 0.605370 0.806078 0.019528 0.037627
0 0.589097 0.161360 0.034174 0.062229
0 0.740033 0.638205 0.018714 0.034732
0 0.436941 0.759045 0.019528 0.036179
0 0.165582 0.115051 0.036615 0.056440
0 0.254272 0.245297 0.033360 0.065123
0 0.746949 0.382055 0.019528 0.034732
0 0.181041 0.964544 0.039870 0.065123
0 0.277868 0.034009 0.038242 0.056440
0 0.229455 0.104197 0.035801 0.054993
0 0.518308 0.521708 0.065094 0.085384
0 0.580960 0.335022 0.017901 0.036179
0 0.154190 0.934153 0.043124 0.070912
0 0.627746 0.374819 0.020342 0.034732
0 0.604963 0.361071 0.017087 0.036179
0 0.753051 0.296671 0.020342 0.040521
0 0.447518 0.347323 0.052075 0.066570
0 0.504882 0.074530 0.038242 0.091172
0 0.167616 0.212012 0.022783 0.036179
0 0.121237 0.698263 0.065094 0.099855
0 0.711147 0.986975 0.045566 0.052098
