0 0.049634 0.691027 0.099268 0.206946
0 0.081774 0.227207 0.039870 0.069465
0 0.164768 0.906657 0.095199 0.140376
0 0.338893 0.582489 0.072417 0.131693
0 0.751831 0.586107 0.078112 0.156295
0 0.742474 0.264110 0.052889 0.088278
0 0.649715 0.909551 0.028478 0.056440
0 0.633849 0.274240 0.058584 0.102750
0 0.916599 0.207670 0.031733 0.056440
0 0.588690 0.390738 0.093572 0.153401
0 0.275020 0.331404 0.021155 0.037627
0 0.239219 0.361071 0.017901 0.033285
0 0.803092 0.189580 0.019528 0.037627
0 0.885273 0.078871 0.045566 0.076700
0 0.989015 0.808249 0.021969 0.062229
0 0.195688 0.669320 0.017087 0.033285
0 0.254272 0.068017 0.121237 0.107091
