0 0.665989 0.672214 0.095199 0.146165
0 0.235964 0.031838 0.045566 0.060781
0 0.174125 0.351664 0.081367 0.141823
0 0.427583 0.380608 0.061025 0.112880
0 0.359235 0.586107 0.062653 0.121563
0 0.618796 0.601302 0.044752 0.079595
0 0.165175 0.882779 0.073230 0.150507
0 0.328316 0.285094 0.062653 0.127352
0 0.871033 0.225760 0.026851 0.043415
0 0.520342 0.517366 0.036615 0.068017
0 0.910903 0.104920 0.036615 0.059334
0 0.766477 0.628075 0.027665 0.049204
0 0.858421 0.044139 0.037429 0.059334
0 0.983727 0.756151 0.032547 0.102750
0 0.985761 0.390738 0.028478 0.092619
0 0.546379 0.391462 0.039870 0.068017
0 0.563466 0.610709 0.015460 0.031838
0 0.093165 0.632417 0.023596 0.043415
0 0.304719 0.904486 0.080553 0.150507
