0 0.666395 0.492764 0.128560 0.186686
0 0.519528 0.264110 0.074044 0.125904
0 0.140358 0.776411 0.054516 0.091172
0 0.347844 0.633140 0.100081 0.186686
0 0.799430 0.172214 0.057771 0.104197
0 0.789666 0.665702 0.025224 0.046310
0 0.232303 0.945007 0.072417 0.107091
0 0.922701 0.834298 0.045566 0.085384
0 0.298210 0.212012 0.065907 0.125904
0 0.250203 0.431259 0.025224 0.046310
0 0.974369 0.811143 0.026851 0.047757
0 0.806753 0.958032 0.026851 0.046310
0 0.256713 0.811143 0.033360 0.065123
0 0.161920 0.477569 0.022783 0.043415
0 0.218063 0.387844 0.021155 0.037627
0 0.706265 0.816932 0.022783 0.044863
0 0.615948 0.750362 0.026037 0.053546
0 0.019121 0.969609 0.036615 0.060781
0 0.915785 0.468886 0.059398 0.083936
0 0.355167 0.054269 0.025224 0.047757
0 0.726607 0.965268 0.030919 0.057887
0 0.148088 0.976845 0.026037 0.043415
0 0.757526 0.982634 0.021155 0.031838
0 0.897071 0.928365 0.061025 0.082489
0 0.200163 0.861071 0.032547 0.057887
0 0.802278 0.835745 0.065094 0.108538
0 0.548820 0.548480 0.017087 0.034732
0 0.931652 0.630970 0.074858 0.118669
0 0.551668 0.187410 0.030919 0.053546
0 0.223352 0.319103 0.023596 0.041968
