0 0.695688 0.160637 0.053702 0.086831
0 0.922701 0.238784 0.032547 0.063676
0 0.864931 0.525326 0.024410 0.046310
0 0.776241 0.472504 0.058584 0.134588
0 0.521562 0.189580 0.027665 0.049204
0 0.934093 0.921129 0.026037 0.047757
0 0.959317 0.701158 0.022783 0.044863
0 0.496745 0.916064 0.025224 0.049204
0 0.146867 0.706223 0.030106 0.057887
0 0.825875 0.601302 0.019528 0.039074
0 0.832384 0.239508 0.073230 0.123010
0 0.053702 0.188857 0.030919 0.065123
0 0.860049 0.202605 0.047193 0.066570
0 0.990643 0.553546 0.017087 0.070912
0 0.010985 0.100579 0.021969 0.082489
0 0.289260 0.034732 0.017087 0.031838
0 0.505696 0.044863 0.078926 0.081042
