0 0.035801 0.363965 0.060212 0.094067
0 0.530513 0.128075 0.086249 0.154848
0 0.643206 0.908828 0.017087 0.037627
0 0.923108 0.579595 0.051261 0.096961
0 0.161107 0.587554 0.019528 0.037627
0 0.492270 0.727931 0.021155 0.040521
0 0.761188 0.247467 0.026851 0.049204
0 0.469487 0.473951 0.029292 0.053546
0 0.696501 0.086831 0.047193 0.072359
0 0.197722 0.651230 0.016273 0.031838
0 0.388527 0.120116 0.033360 0.060781
0 0.541904 0.460926 0.019528 0.039074
0 0.545566 0.687410 0.023596 0.046310
0 0.123678 0.622287 0.024410 0.046310
0 0.579333 0.055716 0.021155 0.039074
0 0.660293 0.901592 0.017087 0.031838
0 0.827095 0.962373 0.036615 0.072359
0 0.106184 0.879884 0.021969 0.037627
0 0.248576 0.418958 0.015460 0.030391
0 0.632221 0.239508 0.048820 0.094067
0 0.920667 0.953690 0.028478 0.052098
0 0.241660 0.541968 0.058584 0.085384
