0 0.259561 0.911722 0.066721 0.130246
0 0.830757 0.074530 0.034174 0.062229
0 0.974776 0.649059 0.048820 0.137482
0 0.781937 0.092619 0.040683 0.063676
0 0.348657 0.117221 0.039870 0.066570
0 0.626932 0.725760 0.061025 0.114327
0 0.561432 0.363242 0.048820 0.092619
0 0.729455 0.351664 0.051261 0.095514
0 0.046379 0.601302 0.043938 0.079595
0 0.088690 0.598408 0.022783 0.041968
0 0.659886 0.561505 0.019528 0.037627
0 0.506509 0.471780 0.039870 0.078148
0 0.553702 0.832127 0.025224 0.049204
0 0.646867 0.104197 0.073230 0.101302
0 0.393002 0.249638 0.037429 0.056440
0 0.218063 0.219247 0.048820 0.076700
0 0.437754 0.358900 0.029292 0.046310
0 0.635883 0.365412 0.025224 0.044863
0 0.574858 0.172938 0.026851 0.047757
0 0.269731 0.715630 0.051261 0.094067
0 0.145647 0.833575 0.027665 0.052098
0 0.085028 0.916787 0.017087 0.033285
0 0.489422 0.233719 0.020342 0.039074
0 0.091945 0.214906 0.030919 0.053546
0 0.419447 0.976845 0.038242 0.043415
0 0.454028 0.221418 0.022783 0.031838
0 0.456469 0.254703 0.030919 0.052098
0 0.485761 0.312590 0.050448 0.156295
