0 0.289666 0.182344 0.045566 0.069465
0 0.707893 0.506512 0.060212 0.101302
0 0.669243 0.189580 0.075671 0.124457
0 0.234337 0.270622 0.042311 0.078148
0 0.946705 0.599855 0.038242 0.079595
0 0.017901 0.326339 0.035801 0.059334
0 0.031326 0.526773 0.031733 0.063676
0 0.795769 0.840087 0.061839 0.120116
0 0.524817 0.544863 0.030919 0.056440
0 0.971928 0.041245 0.051261 0.070912
0 0.889341 0.921852 0.029292 0.054993
0 0.854353 0.594067 0.081367 0.137482
0 0.104963 0.225760 0.052075 0.098408
0 0.281530 0.368307 0.017901 0.033285
0 0.674532 0.018813 0.029292 0.034732
0 0.879984 0.314038 0.021969 0.040521
0 0.071196 0.213459 0.023596 0.039074
0 0.513019 0.362518 0.091945 0.154848
