0 0.662327 0.281476 0.027665 0.047757
0 0.540277 0.065123 0.060212 0.089725
0 0.237185 0.443560 0.044752 0.082489
0 0.409276 0.177279 0.048820 0.079595
0 0.296176 0.308973 0.014646 0.027496
0 0.221318 0.204052 0.030919 0.054993
0 0.828723 0.376990 0.021969 0.039074
0 0.622457 0.898698 0.024410 0.046310
0 0.273800 0.423300 0.025224 0.044863
0 0.524817 0.259768 0.034174 0.050651
0 0.329943 0.482634 0.077299 0.123010
0 0.716843 0.181621 0.039056 0.068017
0 0.843369 0.261939 0.028478 0.052098
0 0.767290 0.455137 0.016273 0.030391
0 0.439382 0.439219 0.034174 0.059334
0 0.300651 0.238061 0.041497 0.068017
0 0.304719 0.113603 0.044752 0.073806
0 0.980472 0.069465 0.037429 0.072359
0 0.307567 0.413169 0.022783 0.039074
0 0.043124 0.847323 0.027665 0.053546
0 0.980472 0.324891 0.032547 0.059334
0 0.443450 0.712012 0.058584 0.107091
0 0.936941 0.905933 0.020342 0.037627
0 0.932465 0.167149 0.050448 0.070912
0 0.129373 0.306078 0.094386 0.154848
0 0.871033 0.125181 0.052889 0.099855
0 0.622864 0.065123 0.057771 0.078148
0 0.216029 0.036903 0.046379 0.062229
0 0.254272 0.073082 0.026851 0.053546
0 0.263629 0.026773 0.039056 0.053546
