0 0.587063 0.866860 0.083808 0.153401
0 0.317738 0.690304 0.077299 0.153401
0 0.661513 0.267004 0.061839 0.105644
0 0.251831 0.793054 0.048007 0.086831
0 0.296583 0.874096 0.056143 0.089725
0 0.550448 0.347323 0.057771 0.107091
0 0.885273 0.468886 0.055330 0.089725
0 0.662734 0.696093 0.059398 0.101302
0 0.207486 0.261216 0.027665 0.050651
0 0.093979 0.807525 0.028478 0.052098
0 0.408462 0.931259 0.022783 0.041968
0 0.686737 0.608538 0.035801 0.070912
0 0.425956 0.775687 0.061025 0.153401
0 0.419040 0.053546 0.035801 0.066570
0 0.438161 0.514472 0.020342 0.039074
0 0.980472 0.460926 0.037429 0.085384
0 0.034581 0.442113 0.049634 0.085384
0 0.489829 0.065123 0.047193 0.078148
0 0.735151 0.648336 0.028478 0.054993
0 0.218063 0.979016 0.052075 0.041968
0 0.296989 0.611433 0.016273 0.030391
0 0.872254 0.666425 0.032547 0.059334
0 0.558177 0.026049 0.037429 0.049204
0 0.203011 0.112880 0.098454 0.115774
0 0.993084 0.968886 0.013832 0.050651
0 0.297803 0.081042 0.032547 0.098408
