0 0.887714 0.861795 0.027665 0.059334
0 0.818959 0.418958 0.046379 0.079595
0 0.744508 0.395080 0.050448 0.081042
0 0.779496 0.102750 0.068348 0.115774
0 0.680228 0.137482 0.022783 0.040521
0 0.485761 0.178726 0.027665 0.047757
0 0.567535 0.018090 0.026851 0.036179
0 0.516680 0.199711 0.022783 0.040521
0 0.510985 0.262663 0.022783 0.050651
0 0.537429 0.263386 0.020342 0.031838
0 0.350692 0.232272 0.016273 0.030391
0 0.346623 0.296671 0.016273 0.031838
0 0.509357 0.439219 0.030919 0.056440
0 0.584622 0.554993 0.054516 0.099855
0 0.562246 0.688133 0.037429 0.073806
0 0.700570 0.471780 0.022783 0.037627
0 0.661107 0.702605 0.017087 0.033285
0 0.146054 0.823444 0.043124 0.072359
0 0.120016 0.688133 0.046379 0.070912
0 0.243287 0.443560 0.016273 0.030391
0 0.085435 0.203329 0.017901 0.030391
0 0.125712 0.047033 0.030106 0.047757
