0 0.689585 0.763386 0.056143 0.102750
0 0.850692 0.311867 0.088690 0.149059
0 0.920667 0.574530 0.056143 0.086831
0 0.824654 0.713459 0.065907 0.109986
0 0.290073 0.398698 0.033360 0.056440
0 0.477624 0.617221 0.056957 0.102750
0 0.649308 0.494211 0.045566 0.079595
0 0.104557 0.468886 0.041497 0.066570
0 0.519121 0.097685 0.053702 0.094067
0 0.663141 0.025326 0.042311 0.050651
0 0.904801 0.450796 0.045566 0.082489
0 0.436127 0.235166 0.040683 0.073806
0 0.760374 0.876990 0.075671 0.150507
0 0.700976 0.465268 0.052889 0.079595
0 0.268918 0.523878 0.023596 0.043415
0 0.282750 0.063676 0.043124 0.078148
0 0.165175 0.384949 0.027665 0.049204
0 0.353133 0.447178 0.017901 0.034732
0 0.376322 0.225036 0.049634 0.082489
0 0.266477 0.215630 0.039870 0.072359
0 0.965826 0.243126 0.066721 0.118669
0 0.016273 0.577424 0.032547 0.092619
0 0.136290 0.314038 0.023596 0.043415
0 0.299024 0.137482 0.025224 0.040521
0 0.230675 0.221418 0.033360 0.057887
0 0.253458 0.393632 0.023596 0.043415
0 0.254272 0.627352 0.028478 0.050651
0 0.671684 0.431259 0.018714 0.037627
0 0.338487 0.062952 0.039056 0.076700
0 0.201790 0.510854 0.039056 0.069465
0 0.926770 0.841534 0.091131 0.134588
0 0.226607 0.873372 0.077299 0.143271
0 0.225386 0.469609 0.016273 0.033285
0 0.155411 0.340810 0.024410 0.041968
0 0.864931 0.841534 0.021155 0.039074
0 0.651343 0.978292 0.017087 0.031838
0 0.473556 0.225036 0.014646 0.027496
