0 0.625305 0.468886 0.052889 0.095514
0 0.533767 0.581766 0.050448 0.089725
0 0.360862 0.497106 0.052889 0.099855
0 0.616355 0.635311 0.046379 0.078148
0 0.428804 0.964544 0.050448 0.068017
0 0.124898 0.866136 0.044752 0.079595
0 0.762002 0.852388 0.088690 0.141823
0 0.304719 0.614327 0.041497 0.070912
0 0.672498 0.333575 0.039870 0.065123
0 0.371440 0.298842 0.034988 0.065123
0 0.259154 0.759045 0.044752 0.079595
0 0.178194 0.586831 0.042311 0.065123
0 0.526037 0.753980 0.046379 0.109986
0 0.199756 0.857453 0.044752 0.079595
0 0.362490 0.691027 0.044752 0.085384
0 0.236371 0.621563 0.033360 0.053546
0 0.104557 0.941389 0.036615 0.070912
0 0.275834 0.306802 0.029292 0.049204
0 0.702197 0.961650 0.019528 0.039074
0 0.173312 0.192475 0.043938 0.069465
0 0.557771 0.128799 0.041497 0.060781
0 0.616762 0.973951 0.026037 0.043415
0 0.094386 0.645441 0.040683 0.066570
0 0.457282 0.330680 0.035801 0.059334
0 0.256306 0.265557 0.021155 0.036179
0 0.628967 0.202605 0.043938 0.060781
0 0.630594 0.910999 0.043938 0.096961
0 0.395037 0.225760 0.043124 0.072359
0 0.155818 0.353111 0.033360 0.054993
0 0.833198 0.289436 0.060212 0.104197
0 0.332384 0.314038 0.034988 0.057887
0 0.238812 0.468886 0.018714 0.031838
0 0.222132 0.977569 0.026037 0.039074
0 0.447111 0.682344 0.020342 0.030391
0 0.062246 0.437771 0.017087 0.027496
