0 0.453621 0.905933 0.049634 0.092619
0 0.526851 0.730825 0.046379 0.086831
0 0.405614 0.939942 0.057771 0.102750
0 0.111880 0.481187 0.051261 0.096961
0 0.579740 0.565123 0.034988 0.065123
0 0.218877 0.918958 0.042311 0.075253
0 0.659479 0.229378 0.057771 0.094067
0 0.256713 0.154848 0.056143 0.089725
0 0.641579 0.608538 0.041497 0.079595
0 0.381204 0.774964 0.021969 0.041968
0 0.530106 0.327786 0.041497 0.073806
0 0.194060 0.747467 0.051261 0.085384
0 0.462571 0.304631 0.039870 0.068017
0 0.632628 0.047757 0.043124 0.075253
0 0.377136 0.256874 0.038242 0.068017
0 0.783564 0.568017 0.056957 0.094067
0 0.408869 0.363242 0.054516 0.083936
0 0.883645 0.454414 0.050448 0.075253
0 0.774614 0.356006 0.063466 0.104197
0 0.407242 0.586831 0.043124 0.082489
0 0.342555 0.266281 0.019528 0.034732
0 0.583808 0.050651 0.044752 0.066570
0 0.456062 0.115774 0.038242 0.069465
0 0.016680 0.705499 0.033360 0.094067
0 0.735557 0.416787 0.026037 0.052098
0 0.674939 0.109262 0.021969 0.039074
0 0.301058 0.571635 0.040683 0.092619
0 0.804719 0.780029 0.021155 0.040521
0 0.375102 0.670043 0.027665 0.052098
0 0.814483 0.052822 0.055330 0.076700
0 0.992270 0.527496 0.015460 0.044863
0 0.639951 0.680174 0.018714 0.034732
0 0.022376 0.196093 0.044752 0.091172
0 0.310008 0.138205 0.043938 0.076700
0 0.179414 0.384949 0.039870 0.066570
0 0.588690 0.253980 0.017087 0.030391
0 0.396664 0.689580 0.018714 0.033285
0 0.467453 0.014472 0.028478 0.028944
0 0.327095 0.193922 0.037429 0.060781
0 0.475997 0.489146 0.056957 0.104197
0 0.736371 0.062229 0.053702 0.095514
0 0.021155 0.910275 0.042311 0.147612
