0 0.583808 0.641100 0.069162 0.121563
0 0.403173 0.708394 0.065907 0.120116
0 0.339300 0.780029 0.050448 0.092619
0 0.058584 0.733719 0.058584 0.109986
0 0.182262 0.213459 0.104150 0.154848
0 0.372254 0.544139 0.030106 0.054993
0 0.908869 0.590449 0.039056 0.069465
0 0.097640 0.497106 0.039056 0.065123
0 0.415785 0.565847 0.019528 0.037627
0 0.038649 0.084660 0.043124 0.068017
0 0.390561 0.493488 0.037429 0.072359
0 0.427583 0.625181 0.041497 0.066570
0 0.336452 0.240955 0.028478 0.050651
0 0.171277 0.799566 0.028478 0.065123
0 0.807974 0.691751 0.021155 0.040521
0 0.104557 0.759045 0.023596 0.044863
0 0.277868 0.717800 0.031733 0.063676
0 0.820179 0.859624 0.035801 0.066570
0 0.871847 0.351664 0.038242 0.066570
0 0.363303 0.675832 0.030106 0.054993
0 0.717657 0.931259 0.043938 0.073806
0 0.565500 0.764110 0.019528 0.037627
0 0.827095 0.342258 0.021969 0.041968
0 0.123678 0.914616 0.017901 0.031838
0 0.279902 0.390738 0.022783 0.052098
