0 0.521155 0.907381 0.062653 0.107091
0 0.368186 0.921852 0.046379 0.086831
0 0.403580 0.509407 0.055330 0.098408
0 0.325061 0.887120 0.048007 0.092619
0 0.051668 0.523878 0.036615 0.066570
0 0.802278 0.760492 0.040683 0.070912
0 0.697722 0.549928 0.033360 0.066570
0 0.901546 0.850941 0.071603 0.138929
0 0.386493 0.747467 0.053702 0.102750
0 0.521969 0.222142 0.018714 0.030391
0 0.218470 0.876266 0.046379 0.091172
0 0.182262 0.973951 0.056957 0.052098
0 0.670871 0.683068 0.021969 0.043415
0 0.485761 0.070912 0.030919 0.060781
0 0.690806 0.829957 0.024410 0.047757
0 0.074451 0.274964 0.044752 0.081042
0 0.662734 0.422576 0.033360 0.060781
0 0.197315 0.764834 0.038242 0.070912
0 0.362083 0.377713 0.026037 0.046310
0 0.708299 0.358177 0.023596 0.044863
0 0.733930 0.939942 0.069976 0.114327
0 0.170464 0.643994 0.048007 0.075253
0 0.594386 0.828509 0.017087 0.033285
0 0.492270 0.024602 0.040683 0.049204
0 0.760374 0.390014 0.021969 0.041968
0 0.122457 0.436324 0.044752 0.082489
0 0.548820 0.137482 0.018714 0.034732
0 0.561432 0.201881 0.030919 0.050651
0 0.018714 0.476845 0.037429 0.096961
0 0.288039 0.486975 0.039056 0.068017
0 0.329129 0.541245 0.054516 0.095514
0 0.330350 0.466715 0.024410 0.047757
0 0.072010 0.408104 0.033360 0.060781
0 0.244915 0.659190 0.037429 0.068017
0 0.541497 0.189580 0.018714 0.031838
0 0.429618 0.127352 0.104150 0.156295
0 0.461351 0.225760 0.063466 0.092619
0 0.411717 0.299566 0.084622 0.118669
0 0.296989 0.151954 0.082994 0.193922
0 0.222132 0.099855 0.024410 0.037627
0 0.222945 0.047757 0.032547 0.043415
0 0.582587 0.079595 0.035801 0.043415
0 0.537022 0.047757 0.029292 0.054993
0 0.139138 0.332851 0.053702 0.086831
0 0.114727 0.845152 0.069976 0.109986
