0 0.581774 0.167149 0.063466 0.108538
0 0.355980 0.293777 0.044752 0.075253
0 0.665989 0.730825 0.052889 0.089725
0 0.481692 0.680174 0.053702 0.101302
0 0.707893 0.416064 0.047193 0.070912
0 0.100895 0.233719 0.050448 0.088278
0 0.413344 0.227931 0.056957 0.094067
0 0.515867 0.483357 0.042311 0.075253
0 0.401139 0.683792 0.052075 0.094067
0 0.249797 0.620116 0.030919 0.062229
0 0.501221 0.842258 0.042311 0.083936
0 0.450366 0.844428 0.041497 0.076700
0 0.385273 0.094067 0.028478 0.046310
0 0.172498 0.813314 0.027665 0.046310
0 0.141579 0.259045 0.024410 0.043415
0 0.403580 0.918958 0.039056 0.066570
0 0.204638 0.755427 0.018714 0.034732
0 0.786412 0.208394 0.020342 0.040521
0 0.403987 0.052098 0.034988 0.057887
0 0.882018 0.125181 0.035801 0.059334
0 0.796583 0.354559 0.035801 0.066570
0 0.204231 0.295224 0.029292 0.060781
0 0.426363 0.115774 0.017901 0.031838
0 0.794142 0.510854 0.029292 0.054993
0 0.234337 0.718524 0.022783 0.041968
0 0.564687 0.277858 0.019528 0.037627
0 0.161107 0.384226 0.016273 0.030391
0 0.164361 0.761939 0.026037 0.044863
0 0.298210 0.246020 0.038242 0.069465
0 0.362083 0.488423 0.021155 0.039074
0 0.197315 0.659190 0.065907 0.149059
0 0.436941 0.161360 0.037429 0.056440
0 0.426363 0.418234 0.022783 0.043415
