0 0.818959 0.516643 0.025224 0.046310
0 0.660700 0.541245 0.026037 0.046310
0 0.582181 0.498553 0.046379 0.082489
0 0.565094 0.596961 0.018714 0.033285
0 0.518308 0.437048 0.016273 0.031838
0 0.493491 0.293777 0.018714 0.037627
0 0.449146 0.199711 0.056957 0.104197
0 0.439382 0.323444 0.029292 0.065123
0 0.340928 0.215630 0.040683 0.075253
0 0.311229 0.410999 0.043124 0.066570
0 0.361269 0.442113 0.017901 0.033285
0 0.412531 0.468162 0.022783 0.039074
0 0.224166 0.465991 0.020342 0.034732
0 0.247356 0.626628 0.035801 0.063676
0 0.224573 0.787988 0.073230 0.114327
0 0.109439 0.793777 0.065907 0.096961
0 0.054516 0.643271 0.019528 0.036179
0 0.089097 0.643271 0.020342 0.030391
0 0.015867 0.856006 0.031733 0.088278
0 0.198942 0.259768 0.147274 0.178003
0 0.264036 0.146889 0.026851 0.041968
0 0.410090 0.016643 0.043938 0.033285
0 0.713588 0.083213 0.084622 0.102750
