0 0.112286 0.325615 0.053702 0.095514
0 0.145240 0.407381 0.056143 0.088278
0 0.454028 0.933430 0.069976 0.112880
0 0.132628 0.177279 0.056957 0.099855
0 0.064280 0.840810 0.048820 0.095514
0 0.500407 0.206223 0.043938 0.082489
0 0.659479 0.637482 0.077299 0.151954
0 0.050448 0.238061 0.058584 0.096961
0 0.299430 0.573082 0.040683 0.072359
0 0.682669 0.117945 0.060212 0.088278
0 0.816924 0.282923 0.052075 0.085384
0 0.432872 0.539074 0.060212 0.105644
0 0.596827 0.727931 0.025224 0.046310
0 0.556957 0.884226 0.038242 0.078148
0 0.234337 0.900145 0.096013 0.141823
0 0.205452 0.688857 0.046379 0.081042
0 0.869406 0.416064 0.018714 0.039074
0 0.936941 0.094790 0.038242 0.068017
0 0.800244 0.832127 0.038242 0.066570
0 0.578519 0.458032 0.017901 0.036179
0 0.716029 0.365412 0.052075 0.094067
0 0.757933 0.338640 0.070789 0.112880
0 0.357608 0.068017 0.023596 0.040521
0 0.967860 0.685239 0.038242 0.068017
0 0.394223 0.047757 0.038242 0.063676
0 0.835639 0.860347 0.055330 0.096961
0 0.265256 0.471780 0.016273 0.031838
0 0.733116 0.516643 0.017901 0.031838
0 0.389341 0.172938 0.046379 0.079595
0 0.622457 0.942836 0.039056 0.070912
0 0.526037 0.937771 0.018714 0.034732
0 0.658666 0.045586 0.030106 0.053546
0 0.401139 0.109986 0.050448 0.063676
