0 0.877950 0.716353 0.045566 0.086831
0 0.942636 0.641823 0.056143 0.099855
0 0.821806 0.730101 0.048820 0.085384
0 0.341741 0.495658 0.058584 0.091172
0 0.762002 0.039797 0.036615 0.062229
0 0.377950 0.910275 0.044752 0.081042
0 0.670464 0.733719 0.076485 0.121563
0 0.085842 0.280753 0.038242 0.066570
0 0.263222 0.099855 0.033360 0.057887
0 0.335232 0.751809 0.043938 0.076700
0 0.181855 0.144718 0.033360 0.054993
0 0.343369 0.578871 0.016273 0.031838
0 0.013832 0.651230 0.027665 0.072359
0 0.778682 0.680897 0.021155 0.041968
0 0.591538 0.301013 0.017901 0.031838
0 0.766884 0.370478 0.018714 0.034732
0 0.801058 0.032562 0.041497 0.059334
0 0.489829 0.892185 0.026037 0.036179
0 0.453214 0.876990 0.017901 0.034732
0 0.589504 0.834298 0.030106 0.053546
0 0.478845 0.340810 0.020342 0.039074
0 0.176159 0.079595 0.030106 0.052098
0 0.242474 0.536179 0.024410 0.044863
0 0.190806 0.854559 0.046379 0.079595
0 0.584622 0.219247 0.061025 0.102750
0 0.800244 0.500724 0.013832 0.026049
0 0.588283 0.577424 0.021155 0.054993
0 0.904801 0.118669 0.042311 0.081042
0 0.239219 0.597685 0.039056 0.049204
0 0.200163 0.642547 0.026037 0.046310
0 0.200976 0.348770 0.024410 0.049204
0 0.468674 0.942836 0.100895 0.102750
