0 0.235151 0.671491 0.066721 0.144718
0 0.850692 0.712012 0.064280 0.109986
0 0.765663 0.183792 0.061839 0.089725
0 0.716029 0.065123 0.055330 0.078148
0 0.846216 0.107815 0.032547 0.056440
0 0.911717 0.382779 0.038242 0.062229
0 0.434906 0.097685 0.065907 0.125904
0 0.080960 0.827062 0.025224 0.044863
0 0.803906 0.433430 0.024410 0.041968
0 0.849471 0.958032 0.068348 0.081042
0 0.442229 0.762663 0.020342 0.040521
0 0.322213 0.370478 0.048820 0.072359
0 0.936941 0.073082 0.030106 0.050651
0 0.366965 0.109986 0.047193 0.078148
0 0.653784 0.731548 0.018714 0.036179
0 0.190806 0.048480 0.023596 0.039074
0 0.976810 0.379161 0.025224 0.046310
0 0.197315 0.138929 0.021969 0.037627
0 0.067535 0.934153 0.024410 0.044863
0 0.390968 0.087554 0.015460 0.030391
0 0.991456 0.439942 0.015460 0.034732
0 0.994304 0.525326 0.009764 0.086831
