0 0.938568 0.070912 0.054516 0.089725
0 0.923515 0.342258 0.050448 0.088278
0 0.322620 0.767728 0.036615 0.062229
0 0.269325 0.253256 0.052075 0.086831
0 0.209520 0.509407 0.039870 0.075253
0 0.506509 0.784370 0.065907 0.121563
0 0.879577 0.462373 0.045566 0.085384
0 0.162327 0.212012 0.059398 0.096961
0 0.351505 0.870478 0.026037 0.047757
0 0.392596 0.097685 0.028478 0.047757
0 0.491456 0.920405 0.029292 0.054993
0 0.844589 0.028220 0.024410 0.044863
0 0.292107 0.867583 0.019528 0.036179
0 0.281530 0.635311 0.017901 0.034732
0 0.722945 0.355282 0.028478 0.047757
0 0.268511 0.813314 0.024410 0.046310
0 0.334418 0.835022 0.022783 0.043415
0 0.091945 0.438495 0.058584 0.101302
0 0.299024 0.374819 0.059398 0.115774
0 0.428804 0.028220 0.055330 0.056440
0 0.032140 0.526049 0.064280 0.143271
0 0.523596 0.281476 0.017087 0.030391
0 0.425142 0.915340 0.034988 0.062229
0 0.168023 0.547033 0.030106 0.054993
0 0.745728 0.870478 0.052889 0.085384
0 0.117168 0.079595 0.100895 0.107091
