0 0.960944 0.366860 0.061839 0.102750
0 0.107404 0.385673 0.074858 0.111433
0 0.903173 0.799566 0.043938 0.082489
0 0.256713 0.575977 0.051261 0.092619
0 0.185110 0.871925 0.043124 0.076700
0 0.816517 0.151954 0.020342 0.034732
0 0.948739 0.656295 0.053702 0.102750
0 0.734337 0.683068 0.030106 0.049204
0 0.860456 0.311867 0.026851 0.047757
0 0.385273 0.390014 0.028478 0.050651
0 0.058991 0.802460 0.064280 0.108538
0 0.420667 0.258321 0.060212 0.131693
0 0.288039 0.703329 0.066721 0.144718
0 0.136290 0.536179 0.070789 0.117221
0 0.523190 0.604197 0.017901 0.033285
0 0.808381 0.278582 0.026851 0.053546
0 0.829536 0.057887 0.018714 0.034732
0 0.808381 0.105644 0.018714 0.031838
0 0.727421 0.277135 0.019528 0.036179
0 0.692433 0.712735 0.050448 0.102750
0 0.257526 0.211288 0.034988 0.054993
0 0.133849 0.930535 0.052889 0.072359
0 0.012612 0.924023 0.025224 0.085384
0 0.012612 0.128075 0.025224 0.070912
