0 0.842962 0.739508 0.066721 0.112880
0 0.508950 0.916064 0.048007 0.086831
0 0.259561 0.466715 0.066721 0.137482
0 0.845403 0.502894 0.061839 0.102750
0 0.261188 0.840810 0.021155 0.040521
0 0.909276 0.190304 0.036615 0.053546
0 0.803092 0.239508 0.024410 0.041968
0 0.019935 0.910999 0.028478 0.050651
0 0.115948 0.591896 0.023596 0.040521
0 0.161107 0.946454 0.021155 0.037627
0 0.455248 0.539074 0.020342 0.039074
0 0.113914 0.828509 0.027665 0.047757
0 0.335639 0.194645 0.034988 0.053546
0 0.971928 0.182344 0.025224 0.043415
0 0.105777 0.686686 0.021155 0.036179
0 0.990236 0.328509 0.019528 0.066570
0 0.657852 0.517366 0.018714 0.036179
