0 0.187144 0.234443 0.042311 0.072359
0 0.917006 0.340810 0.055330 0.096961
0 0.803092 0.421852 0.047193 0.079595
0 0.855980 0.405933 0.040683 0.076700
0 0.747762 0.709117 0.055330 0.104197
0 0.568755 0.722142 0.055330 0.104197
0 0.035395 0.348770 0.036615 0.063676
0 0.509764 0.843705 0.041497 0.089725
0 0.343369 0.446454 0.040683 0.070912
0 0.647681 0.732996 0.027665 0.053546
0 0.762408 0.374819 0.024410 0.046310
0 0.349878 0.283647 0.016273 0.031838
0 0.384459 0.590449 0.034988 0.066570
0 0.491456 0.573082 0.021155 0.040521
0 0.659886 0.426194 0.074858 0.117221
0 0.674939 0.957308 0.021969 0.041968
0 0.583808 0.513748 0.026851 0.049204
0 0.454841 0.559334 0.017901 0.033285
0 0.439382 0.704776 0.026037 0.046310
0 0.347844 0.209841 0.057771 0.083936
0 0.585028 0.035456 0.017901 0.033285
0 0.065907 0.557164 0.030919 0.054993
0 0.213995 0.549928 0.022783 0.043415
0 0.753051 0.097685 0.020342 0.036179
0 0.984947 0.525326 0.025224 0.043415
0 0.479658 0.068017 0.021969 0.040521
0 0.582587 0.270622 0.019528 0.037627
0 0.534988 0.454414 0.020342 0.040521
0 0.476810 0.654124 0.078112 0.167873
0 0.252238 0.319826 0.029292 0.043415
0 0.253865 0.264834 0.022783 0.037627
