0 0.400325 0.103473 0.047193 0.085384
0 0.660700 0.395803 0.048820 0.091172
0 0.255492 0.502894 0.058584 0.094067
0 0.482913 0.336469 0.033360 0.059334
0 0.855574 0.405210 0.056143 0.089725
0 0.698942 0.225036 0.034174 0.056440
0 0.686737 0.598408 0.065094 0.117221
0 0.705452 0.469609 0.022783 0.041968
0 0.604150 0.332851 0.038242 0.066570
0 0.584622 0.096237 0.046379 0.082489
0 0.093165 0.872648 0.057771 0.109986
0 0.330757 0.259768 0.031733 0.056440
0 0.609439 0.400145 0.047193 0.073806
0 0.417413 0.745297 0.056957 0.098408
0 0.543124 0.716353 0.054516 0.092619
0 0.476810 0.683068 0.039056 0.072359
0 0.469081 0.458755 0.043124 0.086831
0 0.812856 0.747467 0.068348 0.117221
0 0.347030 0.633864 0.020342 0.037627
0 0.313670 0.481910 0.046379 0.083936
0 0.460944 0.141823 0.038242 0.072359
0 0.382832 0.617221 0.039870 0.070912
0 0.768918 0.821274 0.027665 0.053546
0 0.498779 0.213459 0.019528 0.036179
0 0.368186 0.236614 0.030106 0.050651
0 0.611066 0.633140 0.016273 0.030391
0 0.792514 0.347323 0.022783 0.040521
0 0.599675 0.979016 0.034174 0.041968
0 0.331164 0.549204 0.039056 0.068017
0 0.947111 0.133864 0.040683 0.070912
0 0.771766 0.410999 0.051261 0.081042
0 0.743694 0.316932 0.050448 0.121563
0 0.490643 0.887844 0.078112 0.134588
0 0.934500 0.875543 0.056143 0.086831
0 0.484133 0.167873 0.019528 0.034732
0 0.169650 0.784370 0.061025 0.121563
0 0.200976 0.023155 0.040683 0.046310
0 0.882425 0.508683 0.039870 0.068017
0 0.015867 0.544863 0.031733 0.091172
0 0.751831 0.209841 0.029292 0.054993
0 0.416599 0.986252 0.035801 0.027496
