0 0.516273 0.515195 0.135883 0.269175
0 0.893409 0.666425 0.084622 0.149059
0 0.037836 0.502894 0.052889 0.099855
0 0.967453 0.574530 0.063466 0.127352
0 0.415785 0.026773 0.034174 0.053546
0 0.684296 0.050651 0.030919 0.054993
0 0.410090 0.247467 0.019528 0.037627
0 0.133035 0.560781 0.025224 0.041968
0 0.438568 0.295224 0.017901 0.034732
0 0.448332 0.049204 0.017901 0.034732
0 0.912937 0.276411 0.045566 0.075253
0 0.917819 0.840087 0.016273 0.030391
0 0.069162 0.580318 0.027665 0.046310
0 0.813263 0.739508 0.036615 0.063676
0 0.073230 0.301737 0.022783 0.041968
0 0.946705 0.715630 0.023596 0.044863
0 0.126119 0.512301 0.019528 0.040521
0 0.815704 0.835745 0.021969 0.039074
0 0.262815 0.240232 0.060212 0.089725
0 0.834011 0.770622 0.022783 0.036179
0 0.643613 0.877713 0.016273 0.030391
0 0.053295 0.277135 0.023596 0.039074
0 0.958910 0.850217 0.067535 0.140376
0 0.203824 0.031114 0.028478 0.041968
