0 0.342148 0.568017 0.074044 0.134588
0 0.453621 0.188857 0.048007 0.082489
0 0.559398 0.341534 0.044752 0.075253
0 0.259154 0.704776 0.051261 0.098408
0 0.558584 0.869754 0.049634 0.089725
0 0.672498 0.652677 0.051261 0.095514
0 0.664361 0.468886 0.039870 0.078148
0 0.335639 0.959479 0.044752 0.078148
0 0.828316 0.775687 0.078112 0.147612
0 0.496338 0.756151 0.042311 0.073806
0 0.698942 0.539797 0.022783 0.043415
0 0.942229 0.569465 0.026037 0.047757
0 0.354760 0.234443 0.039056 0.095514
0 0.846623 0.876990 0.030106 0.052098
0 0.219691 0.819103 0.045566 0.086831
0 0.367372 0.395080 0.021969 0.037627
0 0.494711 0.918958 0.026037 0.049204
0 0.150529 0.573806 0.022783 0.041968
0 0.290480 0.947178 0.040683 0.076700
0 0.532547 0.570188 0.026851 0.052098
0 0.765663 0.298842 0.019528 0.036179
0 0.456876 0.593343 0.018714 0.037627
0 0.566314 0.218524 0.024410 0.046310
0 0.952400 0.730825 0.041497 0.069465
0 0.146054 0.405933 0.051261 0.088278
0 0.100488 0.678726 0.056143 0.092619
0 0.501221 0.806802 0.016273 0.030391
0 0.841741 0.637482 0.017087 0.033285
0 0.502034 0.604920 0.019528 0.037627
0 0.435720 0.099132 0.046379 0.079595
0 0.862897 0.949349 0.021969 0.040521
0 0.964605 0.660637 0.041497 0.070912
0 0.624898 0.022431 0.024410 0.039074
0 0.393816 0.316208 0.027665 0.050651
0 0.751831 0.737337 0.017901 0.036179
0 0.364524 0.346599 0.026037 0.044863
0 0.229455 0.086831 0.019528 0.028944
0 0.060618 0.271346 0.025224 0.047757
0 0.039056 0.388567 0.022783 0.039074
0 0.076485 0.513025 0.029292 0.044863
0 0.066314 0.863242 0.069162 0.108538
0 0.609845 0.479740 0.090317 0.192475
0 0.744101 0.377713 0.056143 0.101302
0 0.965419 0.416064 0.041497 0.076700
0 0.756306 0.808249 0.038242 0.053546
0 0.320179 0.315485 0.057771 0.092619
0 0.591538 0.138929 0.022783 0.034732
0 0.473963 0.664255 0.059398 0.109986
