0 0.903173 0.842258 0.022783 0.046310
0 0.899512 0.918958 0.044752 0.078148
0 0.988609 0.929088 0.021155 0.049204
0 0.769325 0.740232 0.091945 0.178003
0 0.527665 0.918958 0.062653 0.124457
0 0.541904 0.530391 0.037429 0.070912
0 0.649715 0.479740 0.072417 0.125904
0 0.890968 0.400145 0.065094 0.108538
0 0.757120 0.183792 0.095199 0.156295
0 0.538649 0.109986 0.058584 0.104197
0 0.421888 0.227931 0.048007 0.088278
0 0.373881 0.265557 0.062653 0.105644
0 0.301058 0.427641 0.048820 0.111433
0 0.458503 0.484081 0.039870 0.079595
0 0.547600 0.447902 0.039056 0.073806
0 0.227421 0.615051 0.044752 0.081042
0 0.114321 0.434153 0.026851 0.049204
0 0.101709 0.256151 0.076485 0.101302
0 0.074451 0.844428 0.044752 0.073806
0 0.578112 0.764110 0.018714 0.040521
0 0.340928 0.768452 0.019528 0.034732
0 0.266477 0.352388 0.017087 0.033285
