0 0.248983 0.599855 0.071603 0.123010
0 0.072823 0.265557 0.070789 0.125904
0 0.812856 0.306802 0.042311 0.078148
0 0.332384 0.028220 0.049634 0.056440
0 0.978031 0.575977 0.042311 0.089725
0 0.838080 0.580318 0.040683 0.083936
0 0.713588 0.959479 0.021155 0.040521
0 0.889341 0.245297 0.043938 0.068017
0 0.881204 0.762663 0.024410 0.049204
0 0.574858 0.067294 0.026851 0.044863
0 0.710740 0.875543 0.021969 0.040521
0 0.746949 0.959479 0.017901 0.034732
0 0.282750 0.552822 0.017087 0.031838
0 0.926363 0.963097 0.026851 0.044863
0 0.735964 0.651230 0.023596 0.043415
0 0.788853 0.442836 0.017087 0.031838
0 0.906021 0.783647 0.023596 0.047757
0 0.600081 0.180897 0.025224 0.049204
0 0.630187 0.698987 0.020342 0.037627
0 0.204638 0.282923 0.049634 0.099855
