0 0.701383 0.600579 0.053702 0.112880
0 0.495932 0.568741 0.049634 0.083936
0 0.731489 0.122287 0.063466 0.128799
0 0.090724 0.866136 0.067535 0.123010
0 0.132221 0.513025 0.080553 0.117221
0 0.471928 0.285818 0.076485 0.134588
0 0.026037 0.492041 0.052075 0.101302
0 0.307974 0.539797 0.023596 0.043415
0 0.781123 0.047757 0.030919 0.054993
0 0.136697 0.235166 0.042311 0.068017
0 0.599675 0.484805 0.024410 0.046310
0 0.276241 0.829233 0.030106 0.057887
0 0.490236 0.665702 0.021969 0.037627
0 0.573637 0.525326 0.027665 0.052098
0 0.519528 0.646889 0.025224 0.049204
0 0.673718 0.557887 0.022783 0.044863
0 0.501627 0.698987 0.023596 0.043415
0 0.841741 0.333575 0.025224 0.044863
0 0.969894 0.077424 0.055330 0.091172
0 0.549227 0.831404 0.022783 0.041968
0 0.321400 0.659190 0.034174 0.070912
0 0.935313 0.429812 0.023596 0.046310
0 0.284784 0.955861 0.019528 0.036179
0 0.224980 0.959479 0.048007 0.069465
0 0.272172 0.698263 0.030106 0.056440
0 0.213588 0.310420 0.021969 0.044863
0 0.185517 0.314038 0.021155 0.034732
0 0.169650 0.389291 0.080553 0.092619
0 0.438161 0.072359 0.020342 0.034732
0 0.752238 0.230101 0.020342 0.034732
