0 0.121237 0.968162 0.053702 0.063676
0 0.698535 0.106368 0.100081 0.120116
0 0.455655 0.749638 0.063466 0.107091
0 0.327095 0.910275 0.035801 0.060781
0 0.136290 0.738784 0.064280 0.128799
0 0.253458 0.970333 0.051261 0.056440
0 0.397071 0.290883 0.035801 0.057887
0 0.967860 0.518813 0.041497 0.076700
0 0.193653 0.496382 0.021155 0.037627
0 0.167209 0.619392 0.018714 0.034732
0 0.454434 0.312590 0.021969 0.037627
0 0.497152 0.494211 0.039056 0.062229
0 0.358828 0.270622 0.029292 0.046310
0 0.059805 0.538350 0.043124 0.072359
0 0.558177 0.623734 0.056957 0.095514
0 0.334825 0.091172 0.031733 0.057887
0 0.713588 0.908104 0.021155 0.039074
0 0.769325 0.675832 0.023596 0.040521
0 0.063466 0.826339 0.035801 0.063676
0 0.815704 0.630970 0.026851 0.049204
0 0.779902 0.745297 0.020342 0.034732
0 0.679414 0.955137 0.030919 0.063676
0 0.946705 0.884226 0.023596 0.040521
0 0.359642 0.322721 0.026037 0.037627
0 0.833605 0.921129 0.046379 0.076700
0 0.283157 0.238061 0.019528 0.033285
0 0.381204 0.054269 0.028478 0.044863
0 0.173718 0.429812 0.056143 0.078148
0 0.789260 0.785094 0.026037 0.044863
0 0.445891 0.204052 0.056957 0.092619
0 0.662327 0.985528 0.021155 0.028944
0 0.709927 0.863965 0.036615 0.057887
0 0.523596 0.593343 0.017087 0.031838
0 0.987388 0.765557 0.017087 0.028944
0 0.015053 0.678003 0.020342 0.039074
0 0.985761 0.594790 0.026851 0.107091
0 0.010985 0.290159 0.021969 0.065123
0 0.518714 0.214182 0.062653 0.095514
0 0.561432 0.293777 0.021155 0.031838
0 0.668430 0.323444 0.021969 0.036179
