0 0.827502 0.310420 0.065094 0.099855
0 0.287225 0.086107 0.058584 0.114327
0 0.517494 0.463821 0.045566 0.082489
0 0.337673 0.860347 0.032547 0.056440
0 0.678194 0.690304 0.023596 0.046310
0 0.069569 0.445731 0.031733 0.054993
0 0.153784 0.374096 0.029292 0.047757
0 0.707893 0.681621 0.017901 0.034732
0 0.357608 0.612880 0.030106 0.053546
0 0.469487 0.131693 0.021155 0.040521
0 0.131814 0.531838 0.045566 0.079595
0 0.834011 0.113603 0.060212 0.094067
0 0.070382 0.968162 0.023596 0.040521
0 0.745728 0.842981 0.043124 0.088278
0 0.377543 0.814761 0.024410 0.049204
0 0.290480 0.388567 0.019528 0.036179
0 0.188365 0.535456 0.018714 0.034732
0 0.449552 0.706223 0.054516 0.098408
0 0.190399 0.586107 0.027665 0.063676
0 0.250203 0.526049 0.020342 0.039074
0 0.246949 0.552098 0.013832 0.021708
0 0.536208 0.916787 0.014646 0.027496
0 0.220098 0.845876 0.100081 0.157742
