0 0.451180 0.785094 0.126119 0.204052
0 0.458503 0.451520 0.048007 0.086831
0 0.474369 0.126628 0.061839 0.088278
0 0.668430 0.692475 0.095199 0.163531
0 0.565500 0.594790 0.094386 0.167873
0 0.843775 0.159190 0.047193 0.069465
0 0.362897 0.737337 0.032547 0.056440
0 0.388120 0.444284 0.040683 0.075253
0 0.665175 0.952243 0.078926 0.095514
0 0.796989 0.799566 0.039870 0.073806
0 0.729455 0.036903 0.026851 0.041968
0 0.136290 0.524602 0.031733 0.056440
0 0.165989 0.945731 0.034174 0.062229
0 0.025224 0.659913 0.026037 0.046310
0 0.038242 0.551375 0.024410 0.040521
0 0.095199 0.146889 0.019528 0.036179
0 0.649308 0.032562 0.047193 0.059334
0 0.565500 0.226483 0.016273 0.030391
0 0.534988 0.333575 0.018714 0.036179
0 0.979251 0.338640 0.041497 0.130246
