0 0.548413 0.370478 0.030919 0.052098
0 0.368999 0.240955 0.072417 0.134588
0 0.786819 0.647612 0.045566 0.079595
0 0.539870 0.257598 0.034988 0.066570
0 0.857608 0.180174 0.040683 0.070912
0 0.104557 0.752533 0.059398 0.092619
0 0.627339 0.973951 0.030919 0.052098
0 0.750203 0.902315 0.021155 0.039074
0 0.152563 0.164978 0.057771 0.095514
0 0.398698 0.329957 0.019528 0.037627
0 0.804719 0.784370 0.056957 0.112880
0 0.056957 0.627352 0.056957 0.096961
0 0.910496 0.395080 0.052075 0.086831
0 0.828723 0.853111 0.028478 0.053546
0 0.296176 0.834298 0.024410 0.047757
0 0.600081 0.049928 0.030106 0.050651
0 0.587063 0.140376 0.051261 0.081042
0 0.164361 0.741679 0.024410 0.044863
0 0.345810 0.824891 0.016273 0.034732
0 0.977217 0.361795 0.043938 0.075253
0 0.626119 0.441389 0.018714 0.034732
0 0.750610 0.189580 0.031733 0.052098
0 0.686330 0.327062 0.028478 0.054993
0 0.716029 0.378437 0.069976 0.053546
0 0.718877 0.454414 0.034988 0.066570
0 0.873474 0.560781 0.031733 0.059334
0 0.558584 0.929088 0.070789 0.138929
0 0.336452 0.515919 0.062653 0.143271
0 0.343775 0.670043 0.083808 0.127352
0 0.400732 0.424747 0.036615 0.117221
0 0.136697 0.990593 0.037429 0.041968
