0 0.562653 0.361795 0.051261 0.092619
0 0.237592 0.473951 0.045566 0.091172
0 0.611880 0.057164 0.068348 0.102750
0 0.563466 0.568741 0.038242 0.063676
0 0.575264 0.631693 0.045566 0.076700
0 0.766477 0.463821 0.042311 0.070912
0 0.650936 0.157019 0.035801 0.065123
0 0.478031 0.647612 0.059398 0.096961
0 0.646054 0.325615 0.026037 0.046310
0 0.480879 0.780753 0.017901 0.033285
0 0.648495 0.520260 0.068348 0.111433
0 0.456062 0.770622 0.017087 0.033285
0 0.949146 0.623010 0.031733 0.053546
0 0.132628 0.069465 0.058584 0.086831
0 0.338487 0.075253 0.032547 0.054993
0 0.379170 0.929812 0.043938 0.082489
0 0.970708 0.312590 0.037429 0.063676
0 0.723352 0.447902 0.027665 0.053546
0 0.970301 0.413169 0.046379 0.068017
0 0.361269 0.210564 0.027665 0.050651
0 0.458096 0.375543 0.040683 0.068017
0 0.825468 0.407381 0.038242 0.062229
0 0.424329 0.154848 0.028478 0.046310
0 0.486574 0.402315 0.022783 0.046310
0 0.311635 0.227207 0.026037 0.043415
0 0.914972 0.057887 0.062653 0.092619
0 0.450773 0.418958 0.021155 0.039074
0 0.235964 0.376266 0.037429 0.069465
0 0.322213 0.133864 0.021155 0.036179
0 0.353539 0.138929 0.021969 0.034732
0 0.683076 0.023878 0.028478 0.039074
0 0.992677 0.568017 0.013019 0.059334
0 0.608625 0.813314 0.016273 0.031838
0 0.384459 0.086107 0.046379 0.076700
0 0.798210 0.505065 0.037429 0.054993
0 0.872254 0.934153 0.094386 0.131693
0 0.958910 0.951520 0.082181 0.096961
