0 0.221725 0.379161 0.048007 0.083936
0 0.860352 0.033203 0.025391 0.066406
0 0.499023 0.044922 0.044922 0.023438
0 0.266602 0.090820 0.029297 0.068359
0 0.172852 0.155273 0.025391 0.044922
0 0.872070 0.284180 0.052734 0.048828
0 0.773438 0.378906 0.042969 0.070312
0 0.669922 0.421875 0.023438 0.066406
0 0.110352 0.429688 0.017578 0.054688
0 0.851562 0.432617 0.046875 0.044922
0 0.393555 0.599609 0.029297 0.054688
0 0.607422 0.612305 0.019531 0.076172
0 0.049805 0.634766 0.025391 0.054688
0 0.827148 0.697266 0.025391 0.042969
0 0.167969 0.775391 0.031250 0.097656
0 0.518555 0.834961 0.033203 0.068359
0 0.297852 0.886719 0.029297 0.042969
0 0.386719 0.924805 0.070312 0.080078
0 0.908203 0.949219 0.054688 0.027344
