0 0.372661 0.756151 0.026037 0.065123
0 0.760742 0.161133 0.029297 0.044922
0 0.363281 0.179688 0.039062 0.054688
0 0.649414 0.177734 0.052734 0.050781
0 0.549805 0.238281 0.033203 0.062500
0 0.253906 0.268555 0.042969 0.025391
0 0.763672 0.335938 0.035156 0.058594
0 0.355469 0.375977 0.078125 0.052734
0 0.612305 0.401367 0.021484 0.072266
0 0.100586 0.441406 0.064453 0.042969
0 0.734375 0.531250 0.031250 0.039062
0 0.599609 0.549805 0.039062 0.044922
0 0.526367 0.638672 0.048828 0.078125
0 0.647461 0.736328 0.056641 0.035156
0 0.543945 0.757812 0.021484 0.058594
0 0.484375 0.780273 0.039062 0.041016
0 0.861328 0.817383 0.027344 0.048828
0 0.794922 0.904297 0.035156 0.078125
0 0.687500 0.924805 0.046875 0.091797
0 0.918945 0.905273 0.033203 0.044922
0 0.528320 0.932617 0.052734 0.037109
