0 0.579333 0.473227 0.024410 0.049204
0 0.539062 0.080078 0.039062 0.039062
0 0.930664 0.092773 0.052734 0.068359
0 0.661133 0.140625 0.044922 0.023438
0 0.451172 0.163086 0.035156 0.052734
0 0.210938 0.174805 0.039062 0.029297
0 0.359375 0.293945 0.027344 0.037109
0 0.040039 0.350586 0.033203 0.048828
0 0.754883 0.353516 0.044922 0.058594
0 0.125977 0.373047 0.052734 0.054688
0 0.314453 0.417969 0.050781 0.078125
0 0.862305 0.539062 0.029297 0.039062
0 0.608398 0.594727 0.033203 0.064453
0 0.916992 0.661133 0.029297 0.048828
0 0.826172 0.744141 0.039062 0.085938
0 0.175781 0.744141 0.023438 0.058594
0 0.549805 0.924805 0.025391 0.044922
0 0.953125 0.925781 0.035156 0.042969
