0 0.428397 0.479740 0.028478 0.047757
0 0.470703 0.060547 0.050781 0.058594
0 0.310547 0.052734 0.042969 0.031250
0 0.764648 0.110352 0.021484 0.080078
0 0.013672 0.262695 0.027344 0.037109
0 0.094727 0.304688 0.044922 0.078125
0 0.586914 0.369141 0.056641 0.089844
0 0.907227 0.360352 0.052734 0.064453
0 0.389648 0.375000 0.025391 0.046875
0 0.328125 0.391602 0.042969 0.033203
0 0.722656 0.487305 0.062500 0.095703
0 0.298828 0.497070 0.023438 0.056641
0 0.544922 0.505859 0.039062 0.054688
0 0.193359 0.596680 0.054688 0.056641
0 0.616211 0.672852 0.041016 0.052734
0 0.598633 0.763672 0.056641 0.039062
0 0.110352 0.834961 0.037109 0.048828
0 0.389648 0.899414 0.029297 0.048828
0 0.109375 0.954102 0.035156 0.044922
