0 0.685110 0.390014 0.027665 0.053546
0 0.936523 0.092773 0.041016 0.044922
0 0.672852 0.105469 0.029297 0.039062
0 0.202148 0.145508 0.033203 0.044922
0 0.793945 0.169922 0.029297 0.039062
0 0.696289 0.201172 0.033203 0.035156
0 0.365234 0.250977 0.035156 0.044922
0 0.828125 0.263672 0.027344 0.039062
0 0.286133 0.267578 0.048828 0.027344
0 0.710938 0.298828 0.050781 0.027344
0 0.207031 0.340820 0.027344 0.052734
0 0.046875 0.366211 0.031250 0.044922
0 0.767578 0.379883 0.042969 0.072266
0 0.136719 0.465820 0.035156 0.060547
0 0.249023 0.481445 0.044922 0.083984
0 0.638672 0.503906 0.039062 0.042969
0 0.046875 0.627930 0.027344 0.052734
0 0.450195 0.814453 0.025391 0.050781
0 0.173828 0.930664 0.035156 0.076172
