0 0.619203 0.569465 0.029292 0.053546
0 0.250977 0.010742 0.041016 0.021484
0 0.389648 0.093750 0.029297 0.054688
0 0.362305 0.192383 0.025391 0.044922
0 0.786133 0.196289 0.044922 0.048828
0 0.135742 0.216797 0.025391 0.050781
0 0.703125 0.363281 0.019531 0.093750
0 0.614258 0.377930 0.052734 0.064453
0 0.513672 0.394531 0.035156 0.054688
0 0.415039 0.389648 0.064453 0.021484
0 0.233398 0.455078 0.017578 0.070312
0 0.750977 0.455078 0.044922 0.046875
0 0.455078 0.578125 0.027344 0.046875
0 0.904297 0.632812 0.042969 0.078125
0 0.706055 0.649414 0.025391 0.052734
0 0.157227 0.653320 0.044922 0.048828
0 0.237305 0.686523 0.029297 0.060547
0 0.872070 0.778320 0.048828 0.056641
0 0.871094 0.855469 0.054688 0.035156
