0 0.591538 0.622287 0.022783 0.046310
0 0.133789 0.080078 0.064453 0.027344
0 0.116211 0.359375 0.056641 0.019531
0 0.548828 0.366211 0.035156 0.037109
0 0.614258 0.376953 0.029297 0.054688
0 0.731445 0.432617 0.076172 0.064453
0 0.479492 0.495117 0.025391 0.072266
0 0.258789 0.507812 0.029297 0.054688
0 0.356445 0.529297 0.037109 0.054688
0 0.185547 0.656250 0.054688 0.058594
0 0.418945 0.719727 0.080078 0.068359
0 0.327148 0.755859 0.041016 0.058594
0 0.734375 0.766602 0.039062 0.044922
0 0.140625 0.792969 0.035156 0.042969
0 0.753906 0.890625 0.062500 0.019531
0 0.482422 0.925781 0.027344 0.050781
0 0.278320 0.937500 0.072266 0.070312
0 0.948242 0.960214 0.033203 0.076678
