0 0.539463 0.302460 0.027665 0.049204
0 0.463867 0.078125 0.048828 0.023438
0 0.519531 0.112305 0.027344 0.037109
0 0.793945 0.115234 0.033203 0.039062
0 0.322266 0.172852 0.027344 0.041016
0 0.224609 0.172852 0.042969 0.025391
0 0.080078 0.374023 0.031250 0.044922
0 0.715820 0.387695 0.044922 0.025391
0 0.419922 0.412109 0.023438 0.046875
0 0.359375 0.440430 0.023438 0.060547
0 0.284180 0.612305 0.048828 0.025391
0 0.521484 0.739258 0.031250 0.041016
0 0.296875 0.783203 0.031250 0.070312
0 0.797852 0.845703 0.029297 0.066406
0 0.550781 0.875977 0.027344 0.041016
0 0.846680 0.948242 0.044922 0.033203
0 0.922852 0.955078 0.025391 0.042969
0 0.735352 0.955078 0.033203 0.035156
