0 0.625712 0.569465 0.063466 0.096961
0 0.297852 0.047852 0.037109 0.037109
0 0.988851 0.095703 0.020671 0.042969
0 0.736328 0.155273 0.019531 0.060547
0 0.203125 0.264648 0.031250 0.033203
0 0.138672 0.281250 0.023438 0.054688
0 0.266602 0.453125 0.025391 0.078125
0 0.792969 0.452148 0.039062 0.044922
0 0.704102 0.452148 0.029297 0.037109
0 0.922852 0.558594 0.029297 0.050781
0 0.224609 0.606445 0.050781 0.080078
0 0.705078 0.752930 0.039062 0.072266
0 0.252930 0.736328 0.056641 0.027344
0 0.421875 0.840820 0.023438 0.052734
0 0.079102 0.847656 0.029297 0.062500
0 0.485352 0.878906 0.025391 0.074219
