0 0.425142 0.612156 0.021969 0.037627
0 0.667969 0.085938 0.031250 0.062500
0 0.644531 0.245117 0.023438 0.052734
0 0.678711 0.293945 0.044922 0.029297
0 0.854492 0.299805 0.033203 0.044922
0 0.232422 0.328125 0.023438 0.078125
0 0.934570 0.374023 0.041016 0.044922
0 0.637695 0.436523 0.029297 0.052734
0 0.147461 0.500000 0.056641 0.089844
0 0.954102 0.629883 0.025391 0.060547
0 0.555664 0.699219 0.037109 0.082031
0 0.252930 0.707031 0.052734 0.085938
0 0.482422 0.717773 0.027344 0.064453
0 0.405273 0.704102 0.048828 0.025391
0 0.545898 0.798828 0.033203 0.039062
0 0.081055 0.933594 0.025391 0.046875
0 0.236328 0.940430 0.019531 0.052734
