0 0.524003 0.571635 0.027665 0.049204
0 0.419922 0.088867 0.027344 0.044922
0 0.201172 0.154297 0.031250 0.050781
0 0.416992 0.184570 0.033203 0.041016
0 0.144531 0.232422 0.031250 0.046875
0 0.370117 0.227539 0.044922 0.041016
0 0.107422 0.412109 0.015625 0.062500
0 0.880859 0.413086 0.046875 0.044922
0 0.955078 0.474609 0.027344 0.046875
0 0.409180 0.498047 0.064453 0.058594
0 0.203125 0.504883 0.031250 0.052734
0 0.735352 0.500000 0.041016 0.046875
0 0.862305 0.603516 0.029297 0.093750
0 0.231445 0.614258 0.029297 0.041016
0 0.671875 0.611328 0.035156 0.035156
0 0.403320 0.615234 0.041016 0.027344
0 0.499023 0.660156 0.044922 0.050781
0 0.987874 0.654297 0.022624 0.042969
0 0.861328 0.709961 0.039062 0.033203
0 0.428711 0.779297 0.029297 0.042969
0 0.856445 0.883789 0.037109 0.029297
