0 0.534581 0.596961 0.021155 0.036179
0 0.393555 0.207031 0.021484 0.070312
0 0.249023 0.291016 0.044922 0.031250
0 0.107422 0.321289 0.031250 0.060547
0 0.652344 0.378906 0.046875 0.058594
0 0.776367 0.387695 0.056641 0.025391
0 0.058594 0.410156 0.042969 0.054688
0 0.234375 0.440430 0.023438 0.048828
0 0.580078 0.473633 0.027344 0.048828
0 0.829102 0.478516 0.029297 0.054688
0 0.704102 0.481445 0.025391 0.044922
0 0.143555 0.518555 0.033203 0.041016
0 0.047852 0.570312 0.017578 0.066406
0 0.142578 0.578125 0.027344 0.046875
0 0.875977 0.632812 0.044922 0.046875
0 0.482422 0.701172 0.023438 0.074219
0 0.558594 0.717773 0.046875 0.064453
0 0.374023 0.790039 0.044922 0.056641
0 0.360352 0.857422 0.041016 0.046875
0 0.472656 0.910156 0.054688 0.066406
0 0.214844 0.925781 0.050781 0.070312
0 0.803711 0.950195 0.033203 0.041016
0 0.905273 0.953125 0.048828 0.027344
