0 0.489422 0.486975 0.039870 0.085384
0 0.528320 0.124023 0.048828 0.052734
0 0.359375 0.174805 0.031250 0.037109
0 0.437500 0.207031 0.054688 0.085938
0 0.623047 0.285156 0.050781 0.046875
0 0.317383 0.359375 0.044922 0.027344
0 0.730469 0.404297 0.031250 0.062500
0 0.411133 0.401367 0.048828 0.052734
0 0.139648 0.433594 0.017578 0.082031
0 0.357422 0.507812 0.031250 0.058594
0 0.668945 0.533203 0.025391 0.042969
0 0.367188 0.588867 0.035156 0.056641
0 0.953125 0.625977 0.027344 0.056641
0 0.778320 0.641602 0.044922 0.025391
0 0.952148 0.732422 0.041016 0.039062
0 0.876953 0.746094 0.066406 0.046875
0 0.203125 0.762695 0.015625 0.072266
0 0.768555 0.790039 0.041016 0.041016
0 0.676758 0.869141 0.025391 0.058594
0 0.812500 0.879883 0.042969 0.044922
0 0.919922 0.945312 0.027344 0.062500
0 0.516602 0.966073 0.029297 0.064959
0 0.398438 0.962891 0.027344 0.050781
