0 0.406835 0.336469 0.027665 0.044863
0 0.787109 0.045898 0.046875 0.025391
0 0.703125 0.096680 0.023438 0.052734
0 0.518555 0.151367 0.041016 0.064453
0 0.779297 0.171875 0.054688 0.046875
0 0.266602 0.278320 0.025391 0.048828
0 0.203125 0.306641 0.019531 0.050781
0 0.485352 0.336914 0.029297 0.076172
0 0.655273 0.371094 0.052734 0.050781
0 0.514648 0.488281 0.025391 0.085938
0 0.732422 0.469727 0.027344 0.044922
0 0.405273 0.532227 0.044922 0.048828
0 0.364258 0.616211 0.048828 0.033203
0 0.638672 0.653320 0.031250 0.060547
0 0.735352 0.657227 0.029297 0.060547
0 0.348633 0.744141 0.048828 0.085938
0 0.835938 0.745117 0.050781 0.087891
0 0.637695 0.867188 0.033203 0.042969
0 0.908203 0.906250 0.042969 0.058594
0 0.292969 0.905273 0.023438 0.052734
0 0.780273 0.951172 0.052734 0.054688
