0 0.213995 0.654848 0.043938 0.065123
0 0.848633 0.047852 0.048828 0.033203
0 0.045898 0.097656 0.025391 0.062500
0 0.504883 0.159180 0.056641 0.052734
0 0.168945 0.233398 0.033203 0.041016
0 0.899414 0.278320 0.037109 0.052734
0 0.822266 0.299805 0.039062 0.048828
0 0.518555 0.365234 0.037109 0.046875
0 0.846680 0.375977 0.044922 0.048828
0 0.137695 0.409180 0.033203 0.052734
0 0.581055 0.424805 0.029297 0.037109
0 0.701172 0.464844 0.039062 0.070312
0 0.578125 0.507812 0.042969 0.082031
0 0.391602 0.533203 0.021484 0.042969
0 0.486328 0.538086 0.031250 0.048828
0 0.344727 0.610352 0.052734 0.033203
0 0.643555 0.623047 0.025391 0.054688
0 0.355469 0.753906 0.035156 0.050781
0 0.643555 0.752930 0.033203 0.048828
0 0.529297 0.886719 0.046875 0.027344
0 0.624023 0.971933 0.041016 0.053240
