0 0.490236 0.597685 0.018714 0.037627
0 0.613281 0.030273 0.031250 0.060547
0 0.535156 0.043945 0.042969 0.029297
0 0.125977 0.221680 0.044922 0.048828
0 0.375000 0.236328 0.050781 0.078125
0 0.542969 0.309570 0.027344 0.056641
0 0.108398 0.389648 0.025391 0.083984
0 0.900391 0.402344 0.050781 0.058594
0 0.189453 0.423828 0.046875 0.031250
0 0.749023 0.470703 0.052734 0.101562
0 0.813477 0.582031 0.048828 0.027344
0 0.263672 0.625000 0.027344 0.062500
0 0.066406 0.646484 0.042969 0.054688
0 0.668945 0.670898 0.037109 0.052734
0 0.609375 0.688477 0.035156 0.060547
0 0.457031 0.872070 0.027344 0.060547
0 0.155273 0.937500 0.044922 0.046875
