0 0.542718 0.304631 0.027665 0.056440
0 0.391602 0.015625 0.041016 0.031250
0 0.517578 0.046875 0.078125 0.042969
0 0.325195 0.078125 0.064453 0.019531
0 0.138672 0.131836 0.027344 0.064453
0 0.411133 0.151367 0.044922 0.056641
0 0.306641 0.182617 0.054688 0.048828
0 0.487305 0.186523 0.025391 0.056641
0 0.375977 0.264648 0.041016 0.041016
0 0.232422 0.267578 0.031250 0.039062
0 0.751953 0.296875 0.046875 0.027344
0 0.234375 0.341797 0.023438 0.058594
0 0.114258 0.369141 0.029297 0.050781
0 0.177734 0.411133 0.031250 0.060547
0 0.706055 0.437500 0.041016 0.058594
0 0.954102 0.458008 0.029297 0.044922
0 0.256836 0.641602 0.064453 0.083984
0 0.951172 0.687500 0.019531 0.050781
0 0.828125 0.896484 0.031250 0.035156
0 0.955078 0.952148 0.023438 0.048828
