0 0.812449 0.609262 0.026851 0.046310
0 0.126953 0.048828 0.058594 0.027344
0 0.798828 0.075195 0.031250 0.037109
0 0.891602 0.095703 0.025391 0.050781
0 0.527344 0.124023 0.042969 0.052734
0 0.735352 0.229492 0.037109 0.041016
0 0.509766 0.245117 0.062500 0.056641
0 0.893555 0.338867 0.037109 0.056641
0 0.889648 0.506836 0.080078 0.095703
0 0.767578 0.486328 0.031250 0.039062
0 0.203125 0.637695 0.078125 0.037109
0 0.747070 0.654297 0.041016 0.058594
0 0.041016 0.693359 0.035156 0.054688
0 0.292969 0.746094 0.027344 0.050781
0 0.095703 0.787109 0.054688 0.050781
0 0.259766 0.833008 0.031250 0.056641
0 0.788086 0.830078 0.052734 0.039062
0 0.160156 0.885742 0.050781 0.041016
0 0.888672 0.962167 0.027344 0.072772
