0 0.433686 0.516643 0.037429 0.054993
0 0.357422 0.068359 0.031250 0.050781
0 0.546875 0.126953 0.031250 0.054688
0 0.449219 0.149414 0.031250 0.056641
0 0.062500 0.169922 0.054688 0.039062
0 0.764648 0.250977 0.025391 0.052734
0 0.670898 0.264648 0.033203 0.072266
0 0.263672 0.317383 0.019531 0.060547
0 0.329102 0.331055 0.017578 0.072266
0 0.252930 0.482422 0.048828 0.039062
0 0.607422 0.515625 0.035156 0.035156
0 0.140625 0.666016 0.019531 0.082031
0 0.262695 0.690430 0.033203 0.044922
0 0.933594 0.747070 0.046875 0.064453
0 0.080078 0.771484 0.035156 0.062500
0 0.264648 0.842773 0.025391 0.044922
0 0.937500 0.893555 0.046875 0.080078
0 0.377930 0.905273 0.048828 0.052734
0 0.471680 0.920898 0.048828 0.080078
0 0.236328 0.947266 0.042969 0.054688
