0 0.403987 0.507959 0.038242 0.078148
0 0.242188 0.044922 0.042969 0.042969
0 0.357422 0.091797 0.027344 0.058594
0 0.483398 0.103516 0.017578 0.082031
0 0.072266 0.315430 0.027344 0.052734
0 0.639648 0.366211 0.029297 0.041016
0 0.548828 0.417969 0.027344 0.074219
0 0.954102 0.500000 0.017578 0.058594
0 0.644531 0.597656 0.039062 0.046875
0 0.046875 0.652344 0.023438 0.062500
0 0.512695 0.833008 0.029297 0.072266
0 0.249023 0.839844 0.044922 0.046875
0 0.065430 0.919922 0.048828 0.074219
0 0.203125 0.923828 0.082031 0.070312
0 0.796875 0.933594 0.027344 0.054688
