0 0.412124 0.463097 0.030106 0.057887
0 0.198242 0.043945 0.037109 0.041016
0 0.334961 0.045898 0.033203 0.033203
0 0.452148 0.120117 0.021484 0.060547
0 0.844727 0.124023 0.052734 0.056641
0 0.739258 0.234375 0.037109 0.070312
0 0.408203 0.269531 0.042969 0.074219
0 0.142578 0.279297 0.023438 0.046875
0 0.675781 0.375977 0.027344 0.068359
0 0.282227 0.376953 0.048828 0.054688
0 0.136719 0.375977 0.031250 0.041016
0 0.956055 0.390625 0.029297 0.066406
0 0.703125 0.550781 0.039062 0.027344
0 0.797852 0.628906 0.029297 0.054688
0 0.888672 0.652344 0.031250 0.062500
0 0.140625 0.708984 0.035156 0.054688
0 0.312500 0.768555 0.050781 0.029297
0 0.514648 0.784180 0.029297 0.052734
0 0.136719 0.875000 0.023438 0.042969
0 0.381836 0.890625 0.044922 0.027344
0 0.894531 0.927734 0.035156 0.035156
