0 0.519935 0.633140 0.026037 0.044863
0 0.217773 0.120117 0.056641 0.060547
0 0.731445 0.168945 0.025391 0.080078
0 0.391602 0.210938 0.025391 0.074219
0 0.280273 0.390625 0.052734 0.140625
0 0.608398 0.381836 0.017578 0.060547
0 0.988851 0.433594 0.020671 0.046875
0 0.779297 0.440430 0.058594 0.044922
0 0.362305 0.497070 0.021484 0.056641
0 0.144531 0.522461 0.023438 0.060547
0 0.920898 0.642578 0.029297 0.074219
0 0.124023 0.705078 0.060547 0.054688
0 0.818359 0.741211 0.042969 0.103516
0 0.703125 0.815430 0.027344 0.068359
0 0.217773 0.829102 0.044922 0.021484
0 0.386719 0.873047 0.035156 0.058594
0 0.743164 0.891602 0.044922 0.029297
0 0.455078 0.959961 0.027344 0.041016
