0 0.411310 0.473951 0.039870 0.068017
0 0.902344 0.053711 0.046875 0.033203
0 0.230469 0.070312 0.046875 0.058594
0 0.937500 0.140625 0.046875 0.023438
0 0.089844 0.307617 0.042969 0.064453
0 0.300781 0.403320 0.031250 0.060547
0 0.778320 0.403320 0.048828 0.052734
0 0.690430 0.413086 0.048828 0.068359
0 0.470703 0.499023 0.046875 0.044922
0 0.952148 0.508789 0.037109 0.048828
0 0.695312 0.524414 0.035156 0.064453
0 0.848633 0.594727 0.044922 0.052734
0 0.404297 0.625977 0.050781 0.056641
0 0.508789 0.640625 0.041016 0.042969
0 0.142578 0.700195 0.035156 0.041016
0 0.557617 0.747070 0.044922 0.048828
0 0.181641 0.776367 0.035156 0.048828
0 0.107422 0.813477 0.023438 0.052734
0 0.233398 0.847656 0.029297 0.050781
0 0.377930 0.926758 0.044922 0.083984
0 0.549805 0.915039 0.029297 0.060547
