0 0.494711 0.924023 0.030919 0.050651
0 0.480469 0.069336 0.023438 0.052734
0 0.903320 0.078125 0.048828 0.035156
0 0.652344 0.099609 0.050781 0.050781
0 0.169922 0.125977 0.035156 0.068359
0 0.486328 0.156250 0.023438 0.046875
0 0.620117 0.221680 0.060547 0.048828
0 0.721680 0.219727 0.048828 0.048828
0 0.840820 0.276367 0.048828 0.060547
0 0.954102 0.433594 0.021484 0.050781
0 0.865234 0.625000 0.039062 0.058594
0 0.094727 0.630859 0.052734 0.054688
0 0.889648 0.709961 0.017578 0.052734
0 0.958008 0.815430 0.025391 0.052734
0 0.829102 0.906250 0.041016 0.042969
0 0.138672 0.974862 0.023438 0.047381
