0 0.498779 0.735166 0.066721 0.072359
0 0.299805 0.031250 0.037109 0.062500
0 0.737305 0.098633 0.021484 0.052734
0 0.142578 0.132812 0.031250 0.066406
0 0.611328 0.143555 0.023438 0.072266
0 0.543945 0.151367 0.029297 0.044922
0 0.375977 0.258789 0.041016 0.033203
0 0.098633 0.292969 0.052734 0.042969
0 0.958984 0.328125 0.035156 0.058594
0 0.883789 0.343750 0.033203 0.058594
0 0.410156 0.354492 0.066406 0.068359
0 0.296875 0.360352 0.050781 0.044922
0 0.145508 0.406250 0.072266 0.058594
0 0.952148 0.462891 0.029297 0.062500
0 0.235352 0.502930 0.029297 0.052734
0 0.936523 0.604492 0.044922 0.037109
0 0.657227 0.719727 0.048828 0.048828
0 0.740234 0.751953 0.039062 0.058594
0 0.804688 0.805664 0.042969 0.033203
0 0.299805 0.972909 0.025391 0.051287
