0 0.486168 0.645441 0.021969 0.052098
0 0.881836 0.064453 0.044922 0.054688
0 0.703125 0.064453 0.019531 0.050781
0 0.142578 0.193359 0.023438 0.046875
0 0.389648 0.220703 0.017578 0.097656
0 0.291992 0.259766 0.037109 0.050781
0 0.875000 0.309570 0.046875 0.048828
0 0.794922 0.407227 0.023438 0.048828
0 0.387695 0.439453 0.041016 0.050781
0 0.113281 0.480469 0.027344 0.085938
0 0.484375 0.456055 0.070312 0.021484
0 0.045898 0.505859 0.029297 0.050781
0 0.548828 0.581055 0.027344 0.052734
0 0.920898 0.591797 0.025391 0.042969
0 0.609375 0.716797 0.031250 0.070312
0 0.409180 0.793945 0.048828 0.025391
0 0.901367 0.795898 0.052734 0.021484
0 0.330078 0.831055 0.031250 0.037109
0 0.174805 0.875977 0.037109 0.072266
0 0.532227 0.886719 0.064453 0.035156
0 0.703125 0.889648 0.031250 0.037109
0 0.931641 0.903320 0.054688 0.056641
