0 0.515460 0.261939 0.030106 0.049204
0 0.126953 0.048828 0.054688 0.031250
0 0.671875 0.139648 0.035156 0.037109
0 0.080078 0.201172 0.035156 0.039062
0 0.354492 0.226562 0.033203 0.046875
0 0.748047 0.380859 0.042969 0.054688
0 0.507812 0.435547 0.042969 0.070312
0 0.235352 0.439453 0.025391 0.046875
0 0.713867 0.475586 0.041016 0.052734
0 0.592773 0.547852 0.048828 0.076172
0 0.126953 0.689453 0.046875 0.070312
0 0.768555 0.748047 0.021484 0.054688
0 0.143555 0.843750 0.029297 0.093750
0 0.887695 0.868164 0.037109 0.052734
0 0.781250 0.871094 0.054688 0.054688
0 0.473633 0.898438 0.044922 0.062500
0 0.876953 0.959961 0.039062 0.037109
