0 0.600488 0.507959 0.030919 0.057887
0 0.870117 0.052734 0.052734 0.042969
0 0.375977 0.058594 0.048828 0.046875
0 0.402344 0.187500 0.058594 0.097656
0 0.030273 0.171875 0.060547 0.023438
0 0.625977 0.240234 0.044922 0.050781
0 0.358398 0.286133 0.017578 0.103516
0 0.187500 0.440430 0.054688 0.052734
0 0.547852 0.456055 0.033203 0.037109
0 0.359375 0.530273 0.023438 0.056641
0 0.677734 0.545898 0.035156 0.041016
0 0.423828 0.566406 0.062500 0.046875
0 0.741211 0.678711 0.041016 0.091797
0 0.119141 0.710938 0.046875 0.066406
0 0.267578 0.715820 0.031250 0.056641
0 0.484375 0.732422 0.023438 0.078125
0 0.361328 0.723633 0.027344 0.048828
0 0.875977 0.770508 0.056641 0.044922
0 0.049805 0.817383 0.029297 0.052734
0 0.126953 0.935547 0.046875 0.054688
0 0.784180 0.956055 0.064453 0.021484
