0 0.605777 0.569465 0.023596 0.044863
0 0.296875 0.027344 0.023438 0.054688
0 0.454102 0.030273 0.033203 0.060547
0 0.443359 0.107422 0.039062 0.031250
0 0.933594 0.175781 0.058594 0.074219
0 0.581055 0.249023 0.033203 0.056641
0 0.753906 0.278320 0.050781 0.068359
0 0.077148 0.319336 0.029297 0.056641
0 0.657227 0.325195 0.044922 0.056641
0 0.423828 0.329102 0.027344 0.037109
0 0.954102 0.406250 0.029297 0.058594
0 0.857422 0.416992 0.046875 0.041016
0 0.764648 0.485352 0.041016 0.041016
0 0.046875 0.641602 0.015625 0.072266
0 0.579102 0.767578 0.013672 0.070312
0 0.830078 0.790039 0.035156 0.033203
0 0.050781 0.849609 0.027344 0.050781
0 0.128906 0.945312 0.066406 0.058594
0 0.566406 0.951172 0.066406 0.031250
