0 0.698942 0.698263 0.030919 0.073806
0 0.065430 0.081055 0.044922 0.068359
0 0.595703 0.160156 0.046875 0.050781
0 0.411133 0.179688 0.044922 0.082031
0 0.752930 0.172852 0.041016 0.029297
0 0.297852 0.189453 0.029297 0.058594
0 0.125000 0.200195 0.046875 0.041016
0 0.041992 0.245117 0.029297 0.044922
0 0.232422 0.344727 0.031250 0.056641
0 0.378906 0.445312 0.046875 0.050781
0 0.468750 0.456055 0.046875 0.021484
0 0.358398 0.561523 0.025391 0.052734
0 0.516602 0.570312 0.017578 0.062500
0 0.107422 0.590820 0.027344 0.056641
0 0.623047 0.768555 0.050781 0.087891
0 0.516602 0.803711 0.037109 0.083984
0 0.156250 0.802734 0.042969 0.031250
0 0.766602 0.860352 0.025391 0.056641
0 0.205078 0.868164 0.023438 0.064453
0 0.732422 0.942383 0.023438 0.052734
