0 0.515053 0.467438 0.026037 0.046310
0 0.174805 0.066406 0.025391 0.046875
0 0.301758 0.093750 0.037109 0.062500
0 0.671875 0.099609 0.031250 0.062500
0 0.416992 0.167969 0.033203 0.078125
0 0.792969 0.320312 0.031250 0.046875
0 0.868164 0.360352 0.044922 0.044922
0 0.343750 0.358398 0.050781 0.021484
0 0.166016 0.408203 0.027344 0.054688
0 0.311523 0.484375 0.044922 0.074219
0 0.298828 0.648438 0.035156 0.078125
0 0.976156 0.653320 0.046061 0.041016
0 0.510742 0.717773 0.029297 0.052734
0 0.583008 0.776367 0.041016 0.052734
0 0.200195 0.843750 0.033203 0.070312
0 0.905273 0.860352 0.048828 0.044922
0 0.611328 0.872070 0.070312 0.052734
0 0.118164 0.897461 0.044922 0.048828
0 0.826172 0.898438 0.035156 0.035156
0 0.523438 0.938477 0.046875 0.052734
