0 0.420667 0.619392 0.053702 0.078148
0 0.548828 0.029297 0.019531 0.058594
0 0.477539 0.047852 0.041016 0.037109
0 0.266602 0.107422 0.025391 0.070312
0 0.893555 0.124023 0.025391 0.107422
0 0.147461 0.169922 0.041016 0.027344
0 0.762695 0.193359 0.037109 0.062500
0 0.547852 0.220703 0.029297 0.054688
0 0.130859 0.372070 0.050781 0.052734
0 0.670898 0.434570 0.025391 0.119141
0 0.419922 0.460938 0.019531 0.121094
0 0.794922 0.476562 0.027344 0.109375
0 0.890625 0.448242 0.031250 0.052734
0 0.487305 0.536133 0.021484 0.048828
0 0.560547 0.568359 0.042969 0.058594
0 0.180664 0.639648 0.044922 0.033203
0 0.676758 0.717773 0.025391 0.052734
0 0.791992 0.769531 0.033203 0.039062
0 0.527344 0.811523 0.046875 0.060547
0 0.458984 0.920898 0.027344 0.064453
