0 0.619609 0.592619 0.031733 0.062229
0 0.235352 0.030273 0.029297 0.060547
0 0.859375 0.044922 0.031250 0.042969
0 0.918945 0.109375 0.041016 0.039062
0 0.869141 0.233398 0.046875 0.033203
0 0.318359 0.310547 0.046875 0.046875
0 0.597656 0.298828 0.042969 0.027344
0 0.539062 0.372070 0.050781 0.091797
0 0.437500 0.389648 0.050781 0.087891
0 0.609375 0.390625 0.015625 0.089844
0 0.188477 0.373047 0.044922 0.046875
0 0.783203 0.462891 0.046875 0.046875
0 0.516602 0.505859 0.033203 0.070312
0 0.085938 0.503906 0.082031 0.050781
0 0.359375 0.583008 0.027344 0.083984
0 0.205078 0.609375 0.019531 0.070312
0 0.110352 0.614258 0.080078 0.072266
0 0.766602 0.625000 0.029297 0.062500
0 0.296875 0.919922 0.027344 0.066406
0 0.901367 0.905273 0.044922 0.037109
