0 0.363303 0.534732 0.033360 0.065123
0 0.658203 0.153320 0.054688 0.064453
0 0.891602 0.188477 0.021484 0.044922
0 0.169922 0.226562 0.050781 0.058594
0 0.749023 0.233398 0.044922 0.033203
0 0.953125 0.255859 0.031250 0.050781
0 0.795898 0.311523 0.025391 0.052734
0 0.899414 0.364258 0.048828 0.044922
0 0.636719 0.374023 0.027344 0.048828
0 0.757812 0.497070 0.039062 0.056641
0 0.260742 0.522461 0.021484 0.068359
0 0.609375 0.544922 0.031250 0.078125
0 0.980062 0.583008 0.038249 0.029297
0 0.684570 0.632812 0.048828 0.046875
0 0.124023 0.677734 0.044922 0.050781
0 0.876953 0.713867 0.046875 0.056641
0 0.893555 0.954355 0.033203 0.088397
0 0.409180 0.949219 0.044922 0.031250
