0 0.481286 0.536179 0.031733 0.047757
0 0.421875 0.095703 0.031250 0.058594
0 0.650391 0.093750 0.054688 0.054688
0 0.741211 0.089844 0.029297 0.042969
0 0.879883 0.154297 0.044922 0.058594
0 0.358398 0.253906 0.033203 0.105469
0 0.922852 0.234375 0.076172 0.027344
0 0.868164 0.286133 0.048828 0.048828
0 0.015625 0.339844 0.031250 0.042969
0 0.186523 0.356445 0.048828 0.076172
0 0.297852 0.423828 0.033203 0.042969
0 0.557617 0.480469 0.041016 0.039062
0 0.860352 0.527344 0.033203 0.058594
0 0.266602 0.544922 0.021484 0.085938
0 0.403320 0.532227 0.044922 0.064453
0 0.169922 0.612305 0.070312 0.021484
0 0.661133 0.772461 0.044922 0.068359
0 0.172852 0.778320 0.037109 0.072266
0 0.557617 0.877930 0.048828 0.076172
