0 0.242880 0.831404 0.057771 0.088278
0 0.049805 0.148438 0.025391 0.050781
0 0.747070 0.152344 0.052734 0.062500
0 0.327148 0.215820 0.021484 0.052734
0 0.587891 0.259766 0.050781 0.050781
0 0.606445 0.374023 0.037109 0.068359
0 0.394531 0.389648 0.027344 0.037109
0 0.901367 0.450195 0.048828 0.044922
0 0.823242 0.506836 0.033203 0.060547
0 0.488281 0.511719 0.023438 0.062500
0 0.390625 0.640625 0.031250 0.035156
0 0.542969 0.812500 0.027344 0.050781
0 0.848633 0.817383 0.041016 0.056641
0 0.746094 0.890625 0.058594 0.039062
0 0.456055 0.921875 0.037109 0.042969
