0 0.600488 0.416787 0.043938 0.069465
0 0.134766 0.066406 0.042969 0.058594
0 0.589844 0.158203 0.042969 0.050781
0 0.475586 0.185547 0.044922 0.058594
0 0.080078 0.266602 0.023438 0.068359
0 0.484375 0.283203 0.031250 0.054688
0 0.815430 0.333984 0.048828 0.078125
0 0.203125 0.360352 0.015625 0.068359
0 0.515625 0.372070 0.027344 0.044922
0 0.028320 0.440430 0.056641 0.048828
0 0.769531 0.466797 0.039062 0.066406
0 0.354492 0.499023 0.033203 0.060547
0 0.826172 0.619141 0.023438 0.054688
0 0.115234 0.758789 0.031250 0.060547
0 0.592773 0.777344 0.048828 0.054688
0 0.924805 0.787109 0.021484 0.050781
0 0.247070 0.862305 0.048828 0.048828
0 0.833008 0.905273 0.029297 0.064453
