0 0.660700 0.725760 0.032547 0.053546
0 0.403320 0.048828 0.041016 0.042969
0 0.131836 0.047852 0.044922 0.025391
0 0.887695 0.125977 0.037109 0.060547
0 0.592773 0.153320 0.044922 0.044922
0 0.792969 0.204102 0.031250 0.033203
0 0.295898 0.247070 0.029297 0.056641
0 0.204102 0.290039 0.025391 0.044922
0 0.360352 0.292969 0.029297 0.046875
0 0.797852 0.357422 0.041016 0.050781
0 0.717773 0.410156 0.052734 0.054688
0 0.428711 0.419922 0.041016 0.039062
0 0.509766 0.480469 0.054688 0.082031
0 0.359375 0.481445 0.031250 0.033203
0 0.795898 0.500977 0.029297 0.060547
0 0.484375 0.686523 0.027344 0.080078
0 0.392578 0.689453 0.031250 0.066406
0 0.082031 0.822266 0.023438 0.046875
0 0.513672 0.836914 0.027344 0.072266
0 0.827148 0.882812 0.033203 0.058594
0 0.403320 0.914062 0.048828 0.050781
