0 0.687958 0.374819 0.023596 0.054993
0 0.654297 0.062500 0.050781 0.054688
0 0.843750 0.108398 0.046875 0.029297
0 0.473633 0.202148 0.044922 0.080078
0 0.982015 0.234375 0.034343 0.027344
0 0.173828 0.254883 0.027344 0.048828
0 0.457031 0.255859 0.019531 0.050781
0 0.886719 0.314453 0.027344 0.062500
0 0.703125 0.396484 0.027344 0.078125
0 0.828125 0.407227 0.027344 0.056641
0 0.132812 0.428711 0.050781 0.052734
0 0.971273 0.483398 0.055827 0.025391
0 0.057617 0.574219 0.048828 0.031250
0 0.103516 0.611328 0.039062 0.035156
0 0.266602 0.626953 0.021484 0.050781
0 0.734375 0.633789 0.027344 0.052734
0 0.643555 0.686523 0.033203 0.056641
0 0.541992 0.749023 0.037109 0.044922
0 0.130859 0.801758 0.042969 0.080078
0 0.423828 0.794922 0.031250 0.035156
0 0.387695 0.916016 0.029297 0.085938
0 0.883789 0.950448 0.052734 0.096209
0 0.109375 0.953125 0.039062 0.042969
