0 0.246135 0.440666 0.031733 0.059334
0 0.250000 0.080078 0.050781 0.019531
0 0.045898 0.226562 0.025391 0.078125
0 0.522461 0.252930 0.029297 0.048828
0 0.217773 0.260742 0.060547 0.037109
0 0.731445 0.303711 0.037109 0.052734
0 0.097656 0.460938 0.046875 0.117188
0 0.630859 0.477539 0.046875 0.037109
0 0.666992 0.578125 0.033203 0.085938
0 0.392578 0.631836 0.035156 0.048828
0 0.795898 0.656250 0.033203 0.054688
0 0.266602 0.770508 0.033203 0.091797
0 0.623047 0.734375 0.105469 0.023438
0 0.519531 0.809570 0.031250 0.052734
0 0.698242 0.830078 0.025391 0.039062
0 0.120117 0.844727 0.044922 0.052734
0 0.330078 0.894531 0.031250 0.042969
0 0.885742 0.947266 0.033203 0.066406
