0 0.473963 0.369030 0.043124 0.069465
0 0.248047 0.096680 0.042969 0.044922
0 0.796875 0.136719 0.035156 0.035156
0 0.295898 0.363281 0.029297 0.078125
0 0.108398 0.403320 0.017578 0.107422
0 0.047852 0.673828 0.021484 0.074219
0 0.599609 0.723633 0.046875 0.103516
0 0.946289 0.749023 0.037109 0.064453
0 0.362305 0.749023 0.029297 0.048828
0 0.300781 0.776367 0.027344 0.052734
0 0.890625 0.848633 0.019531 0.052734
0 0.732422 0.855469 0.031250 0.039062
0 0.202148 0.884766 0.033203 0.089844
0 0.427734 0.877930 0.035156 0.068359
0 0.279297 0.875977 0.042969 0.044922
0 0.557617 0.910156 0.041016 0.066406
