0 0.431652 0.495658 0.036615 0.062229
0 0.597656 0.013672 0.042969 0.027344
0 0.199219 0.093750 0.023438 0.046875
0 0.500000 0.157227 0.046875 0.099609
0 0.937500 0.143555 0.046875 0.072266
0 0.935547 0.497070 0.050781 0.052734
0 0.750977 0.511719 0.041016 0.031250
0 0.142578 0.535156 0.027344 0.054688
0 0.885742 0.589844 0.029297 0.117188
0 0.232422 0.591797 0.031250 0.062500
0 0.650391 0.630859 0.050781 0.066406
0 0.671875 0.746094 0.027344 0.070312
0 0.873047 0.780273 0.042969 0.044922
0 0.723633 0.816406 0.048828 0.042969
0 0.785156 0.955078 0.058594 0.015625
