0 0.567941 0.354559 0.084622 0.127352
0 0.828125 0.066406 0.046875 0.066406
0 0.466797 0.064453 0.039062 0.046875
0 0.829102 0.153320 0.025391 0.060547
0 0.711914 0.145508 0.052734 0.041016
0 0.065430 0.209961 0.048828 0.064453
0 0.329102 0.219727 0.021484 0.044922
0 0.916992 0.222656 0.044922 0.054688
0 0.763672 0.250000 0.027344 0.066406
0 0.667969 0.314453 0.031250 0.078125
0 0.923828 0.459961 0.031250 0.076172
0 0.640625 0.487305 0.031250 0.033203
0 0.860352 0.532227 0.025391 0.052734
0 0.685547 0.544922 0.039062 0.035156
0 0.206055 0.582031 0.033203 0.039062
0 0.329102 0.672852 0.033203 0.037109
0 0.637695 0.688477 0.033203 0.060547
0 0.317383 0.746094 0.044922 0.050781
0 0.137695 0.763672 0.021484 0.070312
0 0.622070 0.810547 0.048828 0.050781
0 0.549805 0.964120 0.037109 0.068865
