0 0.563059 0.733719 0.017901 0.031838
0 0.766602 0.132812 0.041016 0.058594
0 0.238281 0.175781 0.031250 0.050781
0 0.497070 0.205078 0.044922 0.023438
0 0.256836 0.362305 0.056641 0.041016
0 0.086914 0.389648 0.044922 0.048828
0 0.502930 0.408203 0.044922 0.054688
0 0.650391 0.435547 0.058594 0.074219
0 0.885742 0.479492 0.029297 0.033203
0 0.737305 0.497070 0.029297 0.064453
0 0.815430 0.605469 0.041016 0.058594
0 0.089844 0.648438 0.042969 0.050781
0 0.632812 0.668945 0.054688 0.029297
0 0.859375 0.679688 0.027344 0.039062
0 0.207031 0.780273 0.031250 0.060547
0 0.457031 0.803711 0.042969 0.044922
0 0.791016 0.885742 0.050781 0.025391
0 0.393555 0.919922 0.033203 0.085938
