0 0.402360 0.369754 0.049634 0.091172
0 0.436523 0.095703 0.048828 0.054688
0 0.934570 0.123047 0.044922 0.046875
0 0.015625 0.161133 0.031250 0.044922
0 0.482422 0.238281 0.031250 0.035156
0 0.668945 0.281250 0.029297 0.046875
0 0.159180 0.295898 0.052734 0.044922
0 0.484375 0.337891 0.031250 0.066406
0 0.751953 0.390625 0.066406 0.042969
0 0.630859 0.408203 0.042969 0.046875
0 0.278320 0.483398 0.041016 0.041016
0 0.642578 0.616211 0.019531 0.080078
0 0.936523 0.716797 0.048828 0.054688
0 0.345703 0.726562 0.046875 0.050781
0 0.878906 0.849609 0.046875 0.062500
0 0.988851 0.840820 0.020671 0.041016
0 0.085938 0.856445 0.046875 0.052734
0 0.523438 0.862305 0.035156 0.068359
