0 0.480472 0.445731 0.036615 0.072359
0 0.362305 0.084961 0.029297 0.044922
0 0.792969 0.135742 0.039062 0.041016
0 0.704102 0.190430 0.025391 0.052734
0 0.524414 0.249023 0.056641 0.072266
0 0.787109 0.265625 0.050781 0.039062
0 0.265625 0.380859 0.027344 0.046875
0 0.201172 0.396484 0.023438 0.054688
0 0.099609 0.403320 0.035156 0.056641
0 0.398438 0.432617 0.039062 0.068359
0 0.649414 0.473633 0.060547 0.064453
0 0.404297 0.652344 0.042969 0.046875
0 0.639648 0.773438 0.037109 0.066406
0 0.744141 0.777344 0.050781 0.066406
0 0.840820 0.863281 0.044922 0.082031
0 0.346680 0.871094 0.041016 0.062500
0 0.624023 0.853516 0.044922 0.027344
0 0.679688 0.943359 0.039062 0.042969
