0 0.651343 0.797395 0.057771 0.092619
0 0.242188 0.068359 0.042969 0.046875
0 0.597656 0.140625 0.046875 0.066406
0 0.574219 0.235352 0.078125 0.021484
0 0.500000 0.278320 0.046875 0.052734
0 0.952148 0.287109 0.025391 0.066406
0 0.331055 0.292969 0.080078 0.027344
0 0.403320 0.442383 0.037109 0.044922
0 0.435547 0.655273 0.042969 0.056641
0 0.953125 0.661133 0.027344 0.048828
0 0.135742 0.703125 0.037109 0.035156
0 0.904297 0.739258 0.046875 0.080078
0 0.233398 0.754883 0.025391 0.052734
0 0.353516 0.890625 0.027344 0.070312
0 0.889648 0.937500 0.025391 0.058594
0 0.672852 0.938477 0.021484 0.044922
