0 0.733116 0.583936 0.029292 0.050651
0 0.427734 0.049805 0.082031 0.033203
0 0.138672 0.121094 0.035156 0.050781
0 0.402344 0.199219 0.042969 0.074219
0 0.750000 0.404297 0.058594 0.050781
0 0.861328 0.488281 0.039062 0.039062
0 0.284180 0.531250 0.052734 0.039062
0 0.185547 0.543945 0.058594 0.033203
0 0.888672 0.612305 0.023438 0.080078
0 0.229492 0.718750 0.076172 0.070312
0 0.062500 0.782227 0.054688 0.138672
0 0.815430 0.767578 0.048828 0.074219
0 0.673828 0.883789 0.027344 0.083984
0 0.326172 0.897461 0.035156 0.060547
0 0.391602 0.961190 0.025391 0.074725
0 0.809570 0.958008 0.044922 0.033203
