0 0.439382 0.484805 0.056957 0.081042
0 0.220703 0.077148 0.046875 0.068359
0 0.984945 0.090820 0.028483 0.048828
0 0.888672 0.197266 0.019531 0.062500
0 0.421875 0.197266 0.031250 0.054688
0 0.607422 0.225586 0.027344 0.076172
0 0.294922 0.277344 0.035156 0.054688
0 0.174805 0.285156 0.033203 0.050781
0 0.336914 0.375000 0.048828 0.058594
0 0.041992 0.390625 0.083984 0.023438
0 0.309570 0.490234 0.044922 0.058594
0 0.561523 0.532227 0.044922 0.048828
0 0.263672 0.583984 0.031250 0.058594
0 0.921875 0.582031 0.031250 0.042969
0 0.113281 0.666992 0.027344 0.064453
0 0.045898 0.713867 0.029297 0.060547
0 0.324219 0.842773 0.031250 0.056641
0 0.891602 0.864258 0.029297 0.048828
0 0.630859 0.953125 0.058594 0.031250
0 0.886719 0.970956 0.019531 0.055193
