0 0.506103 0.522431 0.035801 0.063676
0 0.689453 0.113281 0.046875 0.027344
0 0.946289 0.117188 0.041016 0.035156
0 0.577148 0.176758 0.025391 0.083984
0 0.418945 0.187500 0.029297 0.054688
0 0.345703 0.222656 0.046875 0.042969
0 0.458008 0.359375 0.037109 0.050781
0 0.196289 0.422852 0.037109 0.037109
0 0.870117 0.426758 0.072266 0.048828
0 0.131836 0.427734 0.056641 0.031250
0 0.152344 0.561523 0.062500 0.111328
0 0.876953 0.601562 0.050781 0.066406
0 0.546875 0.644531 0.019531 0.082031
0 0.456055 0.691406 0.025391 0.050781
0 0.707031 0.701172 0.070312 0.027344
0 0.359375 0.799805 0.023438 0.072266
0 0.612305 0.802734 0.033203 0.046875
0 0.531250 0.932617 0.046875 0.060547
