0 0.485354 0.264834 0.034988 0.049204
0 0.097656 0.152344 0.050781 0.058594
0 0.370117 0.161133 0.052734 0.064453
0 0.219727 0.248047 0.041016 0.042969
0 0.792969 0.266602 0.031250 0.037109
0 0.654297 0.299805 0.050781 0.083984
0 0.859375 0.341797 0.023438 0.058594
0 0.546875 0.378906 0.039062 0.058594
0 0.789062 0.418945 0.054688 0.025391
0 0.333984 0.437500 0.039062 0.054688
0 0.905273 0.425781 0.048828 0.027344
0 0.159180 0.468750 0.044922 0.054688
0 0.950195 0.527344 0.033203 0.062500
0 0.772461 0.573242 0.037109 0.044922
0 0.869141 0.595703 0.042969 0.054688
0 0.576172 0.654297 0.019531 0.050781
0 0.077148 0.679688 0.025391 0.070312
