0 0.438161 0.472504 0.039870 0.091172
0 0.149414 0.046875 0.044922 0.023438
0 0.497070 0.156250 0.044922 0.042969
0 0.751953 0.250977 0.042969 0.048828
0 0.111328 0.275391 0.019531 0.054688
0 0.167969 0.372070 0.035156 0.064453
0 0.047852 0.377930 0.025391 0.052734
0 0.514648 0.558594 0.029297 0.050781
0 0.047852 0.574219 0.013672 0.074219
0 0.308594 0.564453 0.042969 0.058594
0 0.640625 0.611328 0.031250 0.066406
0 0.378906 0.627930 0.050781 0.048828
0 0.951172 0.640625 0.019531 0.066406
0 0.140625 0.711914 0.023438 0.056641
0 0.370117 0.709961 0.044922 0.041016
0 0.583984 0.705078 0.050781 0.031250
0 0.231445 0.743164 0.029297 0.044922
0 0.437500 0.942636 0.046875 0.111834
0 0.786133 0.938477 0.048828 0.044922
0 0.310547 0.941406 0.042969 0.046875
