0 0.311229 0.722865 0.030106 0.050651
0 0.764648 0.220703 0.029297 0.058594
0 0.607422 0.285156 0.027344 0.050781
0 0.172852 0.302734 0.025391 0.058594
0 0.285156 0.343750 0.039062 0.039062
0 0.890625 0.360352 0.019531 0.072266
0 0.776367 0.383789 0.044922 0.052734
0 0.486328 0.396484 0.015625 0.058594
0 0.076172 0.469727 0.035156 0.048828
0 0.259766 0.477539 0.039062 0.060547
0 0.706055 0.534180 0.025391 0.048828
0 0.766602 0.563477 0.025391 0.041016
0 0.164062 0.602539 0.031250 0.052734
0 0.362305 0.616211 0.021484 0.056641
0 0.671875 0.687500 0.019531 0.050781
0 0.594727 0.763672 0.052734 0.074219
0 0.512695 0.769531 0.033203 0.039062
0 0.885742 0.796875 0.033203 0.031250
0 0.265625 0.827148 0.019531 0.064453
0 0.537109 0.832031 0.062500 0.050781
0 0.457031 0.913086 0.078125 0.060547
0 0.642578 0.940430 0.027344 0.044922
