0 0.774207 0.298842 0.039870 0.056440
0 0.610352 0.028320 0.021484 0.056641
0 0.914062 0.120117 0.050781 0.037109
0 0.887695 0.186523 0.021484 0.044922
0 0.651367 0.236328 0.044922 0.031250
0 0.973226 0.238281 0.051921 0.027344
0 0.245117 0.265625 0.044922 0.023438
0 0.064453 0.293945 0.050781 0.037109
0 0.605469 0.336914 0.027344 0.091797
0 0.905273 0.386719 0.041016 0.058594
0 0.140625 0.383789 0.039062 0.033203
0 0.750977 0.406250 0.044922 0.046875
0 0.264648 0.429688 0.033203 0.074219
0 0.877930 0.450195 0.041016 0.041016
0 0.956055 0.482422 0.033203 0.042969
0 0.618164 0.514648 0.041016 0.060547
0 0.666992 0.529297 0.029297 0.054688
0 0.515625 0.602539 0.031250 0.044922
0 0.048828 0.681641 0.023438 0.058594
0 0.256836 0.776367 0.048828 0.048828
0 0.107422 0.843750 0.027344 0.042969
0 0.917969 0.879883 0.042969 0.064453
0 0.767578 0.913086 0.031250 0.044922
