0 0.390561 0.615774 0.039056 0.070912
0 0.624023 0.065430 0.044922 0.052734
0 0.043945 0.250977 0.029297 0.056641
0 0.874023 0.333008 0.044922 0.076172
0 0.166016 0.449219 0.035156 0.093750
0 0.375000 0.479492 0.046875 0.037109
0 0.244141 0.544922 0.054688 0.023438
0 0.265625 0.627930 0.031250 0.060547
0 0.082031 0.627930 0.031250 0.052734
0 0.370117 0.723633 0.048828 0.052734
0 0.578125 0.800781 0.027344 0.082031
0 0.420898 0.807617 0.029297 0.056641
0 0.893555 0.923828 0.017578 0.062500
0 0.799805 0.925781 0.033203 0.050781
0 0.384766 0.953125 0.085938 0.027344
