0 0.644833 0.535456 0.023596 0.037627
0 0.621094 0.080078 0.042969 0.031250
0 0.375000 0.146484 0.050781 0.093750
0 0.875000 0.144531 0.054688 0.031250
0 0.520508 0.214844 0.025391 0.046875
0 0.092773 0.326172 0.048828 0.027344
0 0.127930 0.410156 0.048828 0.062500
0 0.922852 0.433594 0.025391 0.054688
0 0.125000 0.562500 0.054688 0.054688
0 0.282227 0.653320 0.048828 0.048828
0 0.671875 0.664062 0.031250 0.066406
0 0.909180 0.707031 0.048828 0.082031
0 0.095703 0.725586 0.042969 0.048828
0 0.439453 0.750000 0.046875 0.054688
0 0.827148 0.819336 0.021484 0.056641
0 0.390625 0.880859 0.035156 0.066406
0 0.526367 0.908203 0.048828 0.042969
0 0.078125 0.953125 0.031250 0.035156
