0 0.549634 0.274240 0.025224 0.036179
0 0.865234 0.060547 0.039062 0.054688
0 0.658203 0.224609 0.050781 0.066406
0 0.375977 0.224609 0.044922 0.039062
0 0.891602 0.267578 0.037109 0.039062
0 0.170898 0.303711 0.029297 0.072266
0 0.953125 0.343750 0.027344 0.054688
0 0.795898 0.399414 0.029297 0.052734
0 0.905273 0.441406 0.044922 0.062500
0 0.956055 0.610352 0.017578 0.072266
0 0.358398 0.624023 0.037109 0.060547
0 0.987874 0.683594 0.022624 0.042969
0 0.684570 0.720703 0.052734 0.050781
0 0.112305 0.761719 0.025391 0.042969
0 0.887695 0.806641 0.025391 0.054688
0 0.832031 0.897461 0.023438 0.044922
0 0.911133 0.910156 0.052734 0.070312
