0 0.386900 0.546310 0.031733 0.059334
0 0.551758 0.060547 0.037109 0.062500
0 0.761719 0.154297 0.039062 0.058594
0 0.364258 0.185547 0.029297 0.062500
0 0.843750 0.281250 0.050781 0.050781
0 0.603516 0.360352 0.039062 0.052734
0 0.204102 0.372070 0.080078 0.052734
0 0.528320 0.438477 0.064453 0.064453
0 0.975179 0.424805 0.048014 0.037109
0 0.109375 0.436523 0.031250 0.048828
0 0.953125 0.514648 0.023438 0.064453
0 0.591797 0.533203 0.042969 0.042969
0 0.793945 0.685547 0.029297 0.062500
0 0.684570 0.710938 0.052734 0.105469
0 0.938477 0.956308 0.048828 0.084490
