0 0.497559 0.572359 0.043124 0.068017
0 0.781250 0.047852 0.042969 0.033203
0 0.958008 0.090820 0.029297 0.044922
0 0.893555 0.123047 0.025391 0.058594
0 0.321289 0.172852 0.033203 0.048828
0 0.135742 0.235352 0.044922 0.052734
0 0.686523 0.385742 0.041016 0.029297
0 0.191406 0.392578 0.042969 0.035156
0 0.323242 0.391602 0.052734 0.033203
0 0.592773 0.412109 0.044922 0.050781
0 0.938477 0.423828 0.048828 0.023438
0 0.597656 0.512695 0.058594 0.076172
0 0.686523 0.550781 0.044922 0.035156
0 0.328125 0.666016 0.023438 0.074219
0 0.061523 0.673828 0.060547 0.023438
0 0.265625 0.707031 0.027344 0.046875
0 0.266602 0.833008 0.033203 0.064453
0 0.548828 0.835938 0.031250 0.042969
0 0.097656 0.870117 0.046875 0.099609
