0 0.618389 0.638929 0.027665 0.050651
0 0.545898 0.122070 0.025391 0.048828
0 0.357422 0.273438 0.035156 0.066406
0 0.844727 0.267578 0.041016 0.023438
0 0.094727 0.345703 0.044922 0.054688
0 0.754883 0.365234 0.048828 0.058594
0 0.351562 0.396484 0.050781 0.062500
0 0.606445 0.433594 0.025391 0.109375
0 0.766602 0.462891 0.037109 0.046875
0 0.094727 0.592773 0.044922 0.048828
0 0.170898 0.651367 0.021484 0.052734
0 0.739258 0.713867 0.033203 0.052734
0 0.410156 0.747070 0.046875 0.044922
0 0.155273 0.771484 0.044922 0.042969
0 0.834961 0.770508 0.025391 0.041016
0 0.794922 0.818359 0.035156 0.050781
0 0.376953 0.858398 0.042969 0.025391
0 0.610352 0.871094 0.025391 0.046875
0 0.300781 0.969003 0.031250 0.059100
