0 0.506916 0.572359 0.021155 0.039074
0 0.893555 0.152344 0.037109 0.066406
0 0.153320 0.150391 0.048828 0.054688
0 0.703125 0.158203 0.019531 0.050781
0 0.140625 0.279297 0.027344 0.062500
0 0.290039 0.353516 0.056641 0.031250
0 0.880859 0.401367 0.050781 0.064453
0 0.114258 0.419922 0.029297 0.078125
0 0.446289 0.428711 0.048828 0.033203
0 0.797852 0.500000 0.025391 0.054688
0 0.388672 0.536133 0.039062 0.056641
0 0.610352 0.539062 0.025391 0.062500
0 0.109375 0.582031 0.027344 0.082031
0 0.045898 0.615234 0.029297 0.042969
0 0.806641 0.669922 0.039062 0.035156
0 0.550781 0.689453 0.027344 0.058594
0 0.935547 0.688477 0.042969 0.052734
0 0.172852 0.736328 0.033203 0.035156
0 0.732422 0.812500 0.027344 0.046875
0 0.609375 0.840820 0.035156 0.068359
0 0.236328 0.845703 0.027344 0.046875
0 0.916992 0.910156 0.029297 0.046875
