0 0.478438 0.746020 0.040683 0.073806
0 0.513672 0.126953 0.023438 0.050781
0 0.955078 0.134766 0.031250 0.046875
0 0.829102 0.189453 0.025391 0.093750
0 0.735352 0.278320 0.029297 0.056641
0 0.802734 0.373047 0.035156 0.042969
0 0.738281 0.458984 0.042969 0.062500
0 0.958984 0.527344 0.039062 0.058594
0 0.956055 0.626953 0.021484 0.058594
0 0.517578 0.639648 0.035156 0.037109
0 0.875000 0.639648 0.042969 0.033203
0 0.230469 0.652344 0.027344 0.042969
0 0.636719 0.655273 0.082031 0.048828
0 0.050781 0.666016 0.027344 0.050781
0 0.735352 0.724609 0.033203 0.054688
0 0.953125 0.746094 0.027344 0.046875
0 0.889648 0.749023 0.033203 0.044922
0 0.655273 0.779297 0.048828 0.054688
0 0.753906 0.808594 0.050781 0.046875
0 0.743164 0.880859 0.044922 0.046875
0 0.891602 0.919922 0.029297 0.039062
