0 0.569976 0.403763 0.036615 0.057887
0 0.912109 0.064453 0.050781 0.058594
0 0.268555 0.119141 0.025391 0.050781
0 0.609375 0.157227 0.027344 0.052734
0 0.832031 0.247070 0.031250 0.052734
0 0.250000 0.252930 0.050781 0.052734
0 0.453125 0.251953 0.027344 0.042969
0 0.591797 0.360352 0.042969 0.072266
0 0.951172 0.372070 0.027344 0.056641
0 0.516602 0.406250 0.033203 0.058594
0 0.773438 0.410156 0.054688 0.062500
0 0.488281 0.505859 0.031250 0.058594
0 0.408203 0.515625 0.042969 0.070312
0 0.230469 0.715820 0.031250 0.056641
0 0.751953 0.764648 0.042969 0.033203
0 0.787109 0.877930 0.046875 0.060547
0 0.516602 0.901367 0.029297 0.068359
0 0.361328 0.895508 0.035156 0.048828
0 0.894531 0.937500 0.019531 0.062500
