0 0.494304 0.916787 0.021969 0.039074
0 0.693359 0.154297 0.046875 0.058594
0 0.944336 0.155273 0.037109 0.037109
0 0.048828 0.189453 0.027344 0.058594
0 0.379883 0.188477 0.068359 0.052734
0 0.506836 0.193359 0.052734 0.042969
0 0.924805 0.243164 0.029297 0.048828
0 0.547852 0.280273 0.025391 0.044922
0 0.865234 0.361328 0.050781 0.027344
0 0.284180 0.438477 0.044922 0.052734
0 0.779297 0.452148 0.039062 0.068359
0 0.829102 0.607422 0.033203 0.039062
0 0.548828 0.674805 0.027344 0.037109
0 0.144531 0.705078 0.039062 0.062500
0 0.953125 0.705078 0.031250 0.039062
0 0.793945 0.825195 0.033203 0.048828
0 0.909180 0.920898 0.126953 0.025391
0 0.762695 0.933594 0.025391 0.046875
