0 0.339300 0.623734 0.035801 0.066570
0 0.452148 0.059570 0.029297 0.056641
0 0.640625 0.065430 0.023438 0.052734
0 0.171875 0.069336 0.031250 0.052734
0 0.593750 0.169922 0.046875 0.074219
0 0.361328 0.193359 0.027344 0.058594
0 0.510742 0.265625 0.033203 0.066406
0 0.591797 0.306641 0.039062 0.050781
0 0.359375 0.342773 0.027344 0.056641
0 0.264648 0.400391 0.025391 0.050781
0 0.717773 0.456055 0.044922 0.033203
0 0.144531 0.478516 0.027344 0.050781
0 0.216797 0.483398 0.050781 0.025391
0 0.608398 0.523438 0.025391 0.058594
0 0.132812 0.544922 0.027344 0.042969
0 0.234375 0.620117 0.031250 0.107422
0 0.323242 0.708008 0.041016 0.037109
0 0.774414 0.705078 0.044922 0.027344
0 0.456055 0.751953 0.029297 0.054688
0 0.635742 0.784180 0.025391 0.044922
0 0.919922 0.838867 0.027344 0.064453
0 0.172852 0.848633 0.029297 0.068359
