0 0.437347 0.763386 0.041497 0.082489
0 0.377930 0.045898 0.048828 0.029297
0 0.941406 0.116211 0.042969 0.060547
0 0.674805 0.138672 0.041016 0.050781
0 0.858398 0.214844 0.029297 0.058594
0 0.873047 0.284180 0.046875 0.044922
0 0.434570 0.401367 0.041016 0.048828
0 0.693359 0.445312 0.054688 0.050781
0 0.126953 0.534180 0.042969 0.041016
0 0.738281 0.609375 0.042969 0.062500
0 0.140625 0.681641 0.023438 0.062500
0 0.263672 0.698242 0.031250 0.056641
0 0.095703 0.766602 0.042969 0.029297
0 0.750977 0.832031 0.048828 0.082031
0 0.264648 0.841797 0.025391 0.062500
0 0.125977 0.880859 0.044922 0.062500
0 0.986898 0.892578 0.024577 0.042969
