0 0.511798 0.735166 0.021155 0.040521
0 0.371094 0.129883 0.054688 0.056641
0 0.858398 0.229492 0.037109 0.087891
0 0.132812 0.303711 0.046875 0.064453
0 0.589844 0.358398 0.046875 0.025391
0 0.823242 0.374023 0.041016 0.052734
0 0.087891 0.404297 0.054688 0.042969
0 0.259766 0.409180 0.035156 0.048828
0 0.795898 0.421875 0.029297 0.039062
0 0.278320 0.510742 0.060547 0.068359
0 0.677734 0.542969 0.027344 0.042969
0 0.954102 0.577148 0.021484 0.080078
0 0.121094 0.736328 0.078125 0.031250
0 0.588867 0.732422 0.056641 0.023438
0 0.780273 0.769531 0.044922 0.082031
0 0.482422 0.855469 0.027344 0.062500
0 0.231445 0.872070 0.017578 0.052734
0 0.955078 0.956055 0.027344 0.044922
0 0.250977 0.971933 0.041016 0.053240
