0 0.528478 0.345876 0.048007 0.072359
0 0.512695 0.078125 0.033203 0.031250
0 0.125977 0.090820 0.048828 0.048828
0 0.219727 0.102539 0.041016 0.052734
0 0.610352 0.125000 0.025391 0.050781
0 0.921875 0.128906 0.019531 0.062500
0 0.325195 0.157227 0.056641 0.048828
0 0.383789 0.169922 0.041016 0.046875
0 0.603516 0.225586 0.031250 0.041016
0 0.052734 0.251953 0.027344 0.050781
0 0.796875 0.315430 0.023438 0.068359
0 0.448242 0.370117 0.044922 0.048828
0 0.796875 0.409180 0.023438 0.056641
0 0.307617 0.460938 0.052734 0.074219
0 0.394531 0.526367 0.031250 0.060547
0 0.812500 0.609375 0.042969 0.066406
0 0.233398 0.598633 0.033203 0.041016
0 0.093750 0.647461 0.042969 0.080078
0 0.474609 0.704102 0.054688 0.029297
0 0.261719 0.858398 0.031250 0.033203
0 0.390625 0.896484 0.027344 0.058594
