0 0.552889 0.368307 0.043124 0.082489
0 0.297852 0.077148 0.021484 0.107422
0 0.416992 0.058594 0.037109 0.058594
0 0.836914 0.060547 0.041016 0.054688
0 0.488281 0.071289 0.035156 0.068359
0 0.200195 0.124023 0.080078 0.056641
0 0.853516 0.247070 0.035156 0.052734
0 0.205078 0.261719 0.042969 0.058594
0 0.654297 0.276367 0.046875 0.048828
0 0.045898 0.438477 0.029297 0.064453
0 0.720703 0.453125 0.050781 0.023438
0 0.988851 0.464844 0.020671 0.042969
0 0.884766 0.471680 0.031250 0.052734
0 0.298828 0.622070 0.019531 0.068359
0 0.685547 0.604492 0.046875 0.025391
0 0.740234 0.643555 0.039062 0.033203
0 0.873047 0.670898 0.042969 0.025391
0 0.656250 0.700195 0.042969 0.029297
0 0.313477 0.720703 0.041016 0.054688
0 0.422852 0.751953 0.021484 0.054688
0 0.250977 0.782227 0.044922 0.048828
0 0.098633 0.797852 0.044922 0.033203
0 0.294922 0.875977 0.042969 0.056641
0 0.398438 0.932617 0.058594 0.048828
0 0.222656 0.983651 0.042969 0.029803
