0 0.497559 0.439219 0.085435 0.108538
0 0.517578 0.044922 0.035156 0.031250
0 0.909180 0.068359 0.044922 0.042969
0 0.515625 0.174805 0.027344 0.080078
0 0.684570 0.248047 0.041016 0.050781
0 0.607422 0.343750 0.015625 0.097656
0 0.158203 0.376953 0.042969 0.050781
0 0.668945 0.432617 0.029297 0.064453
0 0.860352 0.455078 0.033203 0.046875
0 0.263672 0.501953 0.027344 0.054688
0 0.785156 0.513672 0.058594 0.027344
0 0.375000 0.591797 0.042969 0.050781
0 0.871094 0.720703 0.046875 0.050781
0 0.766602 0.806641 0.025391 0.062500
0 0.204102 0.810547 0.025391 0.050781
0 0.670898 0.874023 0.021484 0.048828
