0 0.387307 0.573082 0.024410 0.043415
0 0.359375 0.113281 0.031250 0.035156
0 0.359375 0.217773 0.031250 0.041016
0 0.482422 0.297852 0.023438 0.048828
0 0.125977 0.356445 0.048828 0.025391
0 0.804688 0.397461 0.058594 0.080078
0 0.651367 0.418945 0.056641 0.076172
0 0.184570 0.509766 0.103516 0.031250
0 0.668945 0.528320 0.021484 0.056641
0 0.231445 0.619141 0.048828 0.046875
0 0.105469 0.724609 0.027344 0.074219
0 0.988851 0.750000 0.020671 0.039062
0 0.729492 0.763672 0.044922 0.042969
0 0.467773 0.841797 0.048828 0.050781
0 0.606445 0.886719 0.029297 0.039062
0 0.734375 0.902344 0.027344 0.050781
0 0.875000 0.969003 0.042969 0.059100
0 0.954102 0.974862 0.017578 0.047381
