0 0.558991 0.549204 0.032547 0.070912
0 0.625000 0.076172 0.050781 0.074219
0 0.545898 0.103516 0.033203 0.050781
0 0.253906 0.123047 0.050781 0.066406
0 0.556641 0.240234 0.046875 0.058594
0 0.423828 0.280273 0.031250 0.056641
0 0.563477 0.389648 0.041016 0.029297
0 0.936523 0.421875 0.048828 0.039062
0 0.297852 0.646484 0.021484 0.054688
0 0.828125 0.763672 0.031250 0.078125
0 0.919922 0.771484 0.023438 0.097656
0 0.167969 0.797852 0.046875 0.099609
0 0.422852 0.869141 0.033203 0.046875
0 0.829102 0.878906 0.029297 0.058594
