0 0.419854 0.663531 0.032547 0.056440
0 0.717773 0.080078 0.044922 0.066406
0 0.558594 0.098633 0.042969 0.052734
0 0.515625 0.189453 0.074219 0.046875
0 0.645508 0.259766 0.033203 0.046875
0 0.082031 0.309570 0.078125 0.052734
0 0.112305 0.394531 0.037109 0.035156
0 0.621094 0.404297 0.042969 0.050781
0 0.278320 0.412109 0.056641 0.058594
0 0.547852 0.507812 0.037109 0.054688
0 0.169922 0.515625 0.039062 0.031250
0 0.269531 0.550781 0.031250 0.039062
0 0.283203 0.593750 0.046875 0.062500
0 0.641602 0.694336 0.072266 0.044922
0 0.919922 0.780273 0.031250 0.072266
0 0.407227 0.846680 0.044922 0.052734
0 0.558594 0.861328 0.054688 0.039062
0 0.403320 0.931641 0.056641 0.050781
0 0.755859 0.952148 0.046875 0.029297
