0 0.589504 0.512301 0.021969 0.040521
0 0.871094 0.065430 0.054688 0.041016
0 0.457031 0.101562 0.035156 0.050781
0 0.781250 0.202148 0.046875 0.021484
0 0.598633 0.249023 0.044922 0.048828
0 0.927734 0.256836 0.046875 0.048828
0 0.507812 0.274414 0.031250 0.041016
0 0.436523 0.298828 0.044922 0.042969
0 0.229492 0.375000 0.048828 0.058594
0 0.498047 0.406250 0.046875 0.066406
0 0.969320 0.394531 0.059733 0.023438
0 0.718750 0.420898 0.050781 0.068359
0 0.828125 0.408203 0.031250 0.039062
0 0.092773 0.473633 0.048828 0.048828
0 0.421875 0.473633 0.023438 0.048828
0 0.266602 0.478516 0.033203 0.042969
0 0.954102 0.539062 0.025391 0.058594
0 0.156250 0.604492 0.042969 0.041016
0 0.497070 0.621094 0.044922 0.054688
0 0.887695 0.632812 0.037109 0.054688
0 0.501953 0.740234 0.050781 0.035156
0 0.418945 0.885742 0.044922 0.029297
0 0.874023 0.970956 0.041016 0.055193
