0 0.500407 0.530391 0.034174 0.056440
0 0.080078 0.061523 0.019531 0.044922
0 0.560547 0.089844 0.050781 0.074219
0 0.481445 0.142578 0.021484 0.070312
0 0.887695 0.166992 0.037109 0.060547
0 0.653320 0.280273 0.048828 0.056641
0 0.365234 0.316406 0.039062 0.054688
0 0.887695 0.315430 0.025391 0.052734
0 0.283203 0.404297 0.046875 0.050781
0 0.442383 0.412109 0.056641 0.054688
0 0.131836 0.422852 0.052734 0.021484
0 0.736328 0.452148 0.027344 0.072266
0 0.390625 0.500977 0.027344 0.048828
0 0.202148 0.530273 0.033203 0.068359
0 0.328125 0.679688 0.023438 0.050781
0 0.419922 0.687500 0.027344 0.054688
0 0.114258 0.733398 0.044922 0.056641
0 0.422852 0.798828 0.025391 0.078125
0 0.106445 0.907227 0.029297 0.107422
0 0.392578 0.900391 0.027344 0.046875
0 0.750000 0.969980 0.050781 0.057147
