0 0.376322 0.504342 0.025224 0.053546
0 0.289062 0.059570 0.046875 0.056641
0 0.656250 0.110352 0.046875 0.025391
0 0.141602 0.125977 0.021484 0.044922
0 0.532227 0.241211 0.048828 0.060547
0 0.639648 0.245117 0.029297 0.064453
0 0.874023 0.248047 0.044922 0.042969
0 0.605469 0.356445 0.023438 0.048828
0 0.718750 0.398438 0.046875 0.050781
0 0.153320 0.423828 0.056641 0.074219
0 0.106445 0.568359 0.021484 0.050781
0 0.303711 0.748047 0.052734 0.058594
0 0.607422 0.843750 0.023438 0.058594
0 0.642578 0.948242 0.031250 0.060547
