0 0.557771 0.693198 0.041497 0.069465
0 0.262695 0.089844 0.029297 0.046875
0 0.857422 0.154297 0.027344 0.050781
0 0.384766 0.211914 0.039062 0.056641
0 0.824219 0.267578 0.027344 0.035156
0 0.952148 0.291992 0.033203 0.056641
0 0.113281 0.379883 0.031250 0.044922
0 0.756836 0.404297 0.052734 0.054688
0 0.592773 0.514648 0.060547 0.052734
0 0.566406 0.668945 0.042969 0.033203
0 0.236328 0.705078 0.027344 0.074219
0 0.671875 0.716797 0.019531 0.054688
0 0.168945 0.739258 0.025391 0.080078
0 0.341797 0.786133 0.062500 0.056641
0 0.096680 0.808594 0.048828 0.054688
0 0.174805 0.871094 0.041016 0.050781
0 0.589844 0.916992 0.066406 0.087891
0 0.780273 0.969003 0.052734 0.059100
0 0.954102 0.975839 0.033203 0.045428
