0 0.326282 0.714906 0.026037 0.052098
0 0.374023 0.152344 0.044922 0.050781
0 0.638672 0.179688 0.031250 0.054688
0 0.934570 0.345703 0.041016 0.046875
0 0.079102 0.384766 0.025391 0.062500
0 0.167969 0.449219 0.042969 0.039062
0 0.786133 0.454102 0.044922 0.033203
0 0.277344 0.477539 0.039062 0.048828
0 0.736328 0.501953 0.019531 0.046875
0 0.609375 0.548828 0.015625 0.070312
0 0.768555 0.596680 0.029297 0.056641
0 0.908203 0.671875 0.046875 0.019531
0 0.810547 0.721680 0.050781 0.052734
0 0.127930 0.775391 0.044922 0.058594
0 0.262695 0.784180 0.025391 0.068359
0 0.623047 0.846680 0.039062 0.041016
0 0.422852 0.864258 0.068359 0.068359
0 0.328125 0.879883 0.027344 0.048828
0 0.892578 0.941406 0.027344 0.050781
0 0.420898 0.968026 0.091797 0.061053
0 0.791992 0.968026 0.037109 0.061053
