0 0.628560 0.788712 0.023596 0.052098
0 0.326172 0.087891 0.027344 0.054688
0 0.609375 0.085938 0.027344 0.046875
0 0.107422 0.253906 0.027344 0.046875
0 0.720703 0.268555 0.046875 0.025391
0 0.427734 0.344727 0.027344 0.044922
0 0.750977 0.344727 0.044922 0.044922
0 0.630859 0.392578 0.054688 0.074219
0 0.162109 0.649414 0.046875 0.056641
0 0.203125 0.750000 0.027344 0.062500
0 0.737305 0.833984 0.029297 0.082031
0 0.202148 0.872070 0.025391 0.048828
0 0.480469 0.879883 0.046875 0.060547
0 0.330078 0.885742 0.023438 0.068359
0 0.388672 0.950195 0.031250 0.033203
0 0.746094 0.954102 0.042969 0.029297
