0 0.351098 0.547757 0.023596 0.044863
0 0.268555 0.089844 0.037109 0.062500
0 0.944336 0.153320 0.044922 0.056641
0 0.863281 0.251953 0.031250 0.050781
0 0.301758 0.307617 0.037109 0.064453
0 0.799805 0.429688 0.025391 0.082031
0 0.716797 0.425781 0.042969 0.039062
0 0.120117 0.454102 0.048828 0.025391
0 0.904297 0.500977 0.039062 0.048828
0 0.654297 0.565430 0.042969 0.056641
0 0.891602 0.586914 0.025391 0.048828
0 0.453125 0.708008 0.019531 0.087891
0 0.640625 0.759766 0.015625 0.085938
0 0.961507 0.748047 0.075358 0.046875
0 0.746094 0.754883 0.042969 0.048828
0 0.453125 0.866211 0.031250 0.044922
0 0.541016 0.871094 0.039062 0.054688
0 0.791016 0.912109 0.042969 0.078125
0 0.912109 0.919922 0.085938 0.085938
0 0.426758 0.953125 0.076172 0.027344
