0 0.462571 0.544863 0.028478 0.059334
0 0.377930 0.024414 0.044922 0.048828
0 0.610352 0.028320 0.021484 0.056641
0 0.752930 0.023438 0.041016 0.046875
0 0.345703 0.110352 0.042969 0.021484
0 0.956055 0.143555 0.029297 0.080078
0 0.216797 0.216797 0.042969 0.046875
0 0.316406 0.269531 0.046875 0.070312
0 0.463867 0.390625 0.044922 0.027344
0 0.150391 0.450195 0.046875 0.056641
0 0.656250 0.530273 0.050781 0.044922
0 0.168945 0.549805 0.021484 0.044922
0 0.500977 0.640625 0.048828 0.023438
0 0.860352 0.673828 0.037109 0.039062
0 0.456055 0.698242 0.029297 0.041016
0 0.593750 0.807617 0.050781 0.064453
0 0.917969 0.935547 0.035156 0.050781
0 0.649414 0.946289 0.052734 0.052734
0 0.743164 0.956055 0.041016 0.037109
