0 0.378763 0.556440 0.038242 0.068017
0 0.107422 0.084961 0.031250 0.041016
0 0.817383 0.080078 0.052734 0.031250
0 0.389648 0.091797 0.025391 0.046875
0 0.262695 0.127930 0.025391 0.044922
0 0.075195 0.422852 0.072266 0.083984
0 0.233398 0.469727 0.033203 0.060547
0 0.582031 0.466797 0.035156 0.058594
0 0.141602 0.545898 0.029297 0.041016
0 0.297852 0.607422 0.029297 0.042969
0 0.637695 0.625000 0.041016 0.058594
0 0.233398 0.651367 0.033203 0.091797
0 0.114258 0.686523 0.029297 0.056641
0 0.808594 0.704102 0.050781 0.029297
0 0.596680 0.725586 0.048828 0.048828
0 0.079102 0.892578 0.041016 0.042969
0 0.921875 0.937500 0.031250 0.066406
0 0.481445 0.934570 0.025391 0.048828
