0 0.531326 0.709841 0.022783 0.050651
0 0.989828 0.090820 0.018718 0.041016
0 0.200195 0.113281 0.037109 0.031250
0 0.849609 0.113281 0.050781 0.031250
0 0.545898 0.127930 0.025391 0.044922
0 0.361328 0.160156 0.031250 0.070312
0 0.797852 0.150391 0.029297 0.042969
0 0.920898 0.221680 0.025391 0.052734
0 0.736328 0.279297 0.027344 0.050781
0 0.202148 0.376953 0.017578 0.109375
0 0.529297 0.472656 0.042969 0.042969
0 0.263672 0.549805 0.023438 0.060547
0 0.435547 0.565430 0.042969 0.052734
0 0.297852 0.749023 0.025391 0.056641
0 0.735352 0.783203 0.037109 0.070312
0 0.399414 0.792969 0.037109 0.042969
0 0.832031 0.792969 0.042969 0.023438
0 0.475586 0.896484 0.048828 0.113281
0 0.524414 0.976815 0.033203 0.043475
