0 0.420667 0.212735 0.037429 0.072359
0 0.930664 0.087891 0.052734 0.058594
0 0.763672 0.114258 0.031250 0.056641
0 0.514648 0.121094 0.029297 0.058594
0 0.494141 0.220703 0.042969 0.074219
0 0.579102 0.216797 0.029297 0.062500
0 0.046875 0.219727 0.035156 0.064453
0 0.176758 0.393555 0.021484 0.048828
0 0.763672 0.536133 0.035156 0.068359
0 0.515625 0.538086 0.031250 0.068359
0 0.376953 0.523438 0.046875 0.031250
0 0.876953 0.701172 0.046875 0.027344
0 0.639648 0.726562 0.025391 0.062500
0 0.171875 0.810547 0.023438 0.058594
0 0.952148 0.846680 0.029297 0.060547
0 0.814453 0.938477 0.046875 0.076172
0 0.969320 0.921875 0.059733 0.023438
