0 0.537429 0.479740 0.033360 0.065123
0 0.079102 0.066406 0.025391 0.062500
0 0.623047 0.122070 0.042969 0.048828
0 0.735352 0.203125 0.041016 0.042969
0 0.600586 0.242188 0.048828 0.058594
0 0.110352 0.392578 0.025391 0.082031
0 0.877930 0.394531 0.048828 0.078125
0 0.781250 0.413086 0.062500 0.072266
0 0.700195 0.452148 0.021484 0.068359
0 0.454102 0.462891 0.029297 0.042969
0 0.700195 0.571289 0.033203 0.068359
0 0.385742 0.582031 0.025391 0.042969
0 0.544922 0.625977 0.031250 0.060547
0 0.935547 0.648438 0.046875 0.054688
0 0.630859 0.705078 0.046875 0.039062
0 0.388672 0.707031 0.027344 0.039062
0 0.736328 0.728516 0.023438 0.054688
0 0.315430 0.809570 0.044922 0.052734
0 0.904297 0.843750 0.046875 0.046875
0 0.112305 0.860352 0.025391 0.044922
0 0.297852 0.955331 0.021484 0.086443
0 0.811523 0.940430 0.048828 0.060547
