0 0.348251 0.372648 0.035801 0.068017
0 0.791992 0.152344 0.029297 0.046875
0 0.296875 0.250977 0.031250 0.052734
0 0.156250 0.252930 0.042969 0.041016
0 0.733398 0.339844 0.033203 0.050781
0 0.874023 0.395508 0.044922 0.091797
0 0.130859 0.409180 0.046875 0.048828
0 0.544922 0.441406 0.031250 0.050781
0 0.861328 0.478516 0.031250 0.046875
0 0.325195 0.503906 0.029297 0.050781
0 0.704102 0.515625 0.033203 0.046875
0 0.903320 0.718750 0.044922 0.050781
0 0.682617 0.725586 0.044922 0.060547
0 0.826172 0.808594 0.023438 0.058594
0 0.733398 0.853516 0.029297 0.062500
0 0.912109 0.939453 0.050781 0.062500
