0 0.645647 0.662808 0.030106 0.063676
0 0.857422 0.096680 0.039062 0.056641
0 0.233398 0.123047 0.025391 0.058594
0 0.484375 0.170898 0.015625 0.072266
0 0.296875 0.229492 0.023438 0.044922
0 0.360352 0.412109 0.017578 0.054688
0 0.481445 0.483398 0.048828 0.041016
0 0.952148 0.636719 0.029297 0.035156
0 0.733398 0.685547 0.025391 0.046875
0 0.107422 0.738281 0.023438 0.050781
0 0.472656 0.782227 0.054688 0.052734
0 0.751953 0.876953 0.046875 0.070312
0 0.264648 0.907227 0.033203 0.041016
0 0.375977 0.937500 0.044922 0.054688
0 0.639648 0.936523 0.021484 0.052734
0 0.781250 0.973886 0.042969 0.049334
