0 0.577705 0.315485 0.035801 0.063676
0 0.513672 0.049805 0.085938 0.033203
0 0.388672 0.115234 0.035156 0.070312
0 0.687500 0.182617 0.046875 0.044922
0 0.982992 0.236328 0.032389 0.027344
0 0.677734 0.375000 0.027344 0.054688
0 0.909180 0.404297 0.052734 0.050781
0 0.361328 0.517578 0.031250 0.035156
0 0.435547 0.521484 0.046875 0.031250
0 0.735352 0.532227 0.021484 0.052734
0 0.515625 0.578125 0.066406 0.015625
0 0.434570 0.604492 0.048828 0.025391
0 0.520508 0.669922 0.033203 0.031250
0 0.872070 0.809570 0.052734 0.103516
0 0.551758 0.888672 0.080078 0.148438
0 0.922852 0.898438 0.021484 0.050781
