0 0.393002 0.473227 0.076485 0.115774
0 0.232422 0.064453 0.039062 0.074219
0 0.067383 0.096680 0.064453 0.052734
0 0.182617 0.234375 0.048828 0.035156
0 0.324219 0.242188 0.027344 0.054688
0 0.172852 0.389648 0.021484 0.072266
0 0.264648 0.410156 0.021484 0.050781
0 0.748047 0.434570 0.046875 0.060547
0 0.420898 0.498047 0.033203 0.070312
0 0.580078 0.564453 0.023438 0.058594
0 0.278320 0.594727 0.048828 0.052734
0 0.675781 0.584961 0.031250 0.037109
0 0.407227 0.681641 0.044922 0.058594
0 0.814453 0.871094 0.050781 0.054688
0 0.249023 0.859375 0.048828 0.023438
0 0.905273 0.903320 0.052734 0.060547
0 0.123047 0.941406 0.054688 0.046875
