0 0.272986 0.434153 0.041497 0.081042
0 0.496094 0.071289 0.050781 0.044922
0 0.577148 0.068359 0.025391 0.042969
0 0.361328 0.138672 0.031250 0.074219
0 0.236328 0.154297 0.035156 0.074219
0 0.796875 0.163086 0.027344 0.048828
0 0.419922 0.169922 0.031250 0.035156
0 0.627930 0.267578 0.052734 0.066406
0 0.367188 0.264648 0.054688 0.044922
0 0.768555 0.279297 0.021484 0.046875
0 0.481445 0.297852 0.037109 0.033203
0 0.613281 0.422852 0.046875 0.158203
0 0.545898 0.391602 0.017578 0.080078
0 0.186523 0.467773 0.052734 0.056641
0 0.393555 0.593750 0.037109 0.066406
0 0.779297 0.846680 0.046875 0.052734
0 0.205078 0.926758 0.031250 0.041016
0 0.783203 0.953125 0.046875 0.035156
