0 0.363710 0.498553 0.048820 0.076700
0 0.558594 0.127930 0.042969 0.044922
0 0.625000 0.203125 0.050781 0.027344
0 0.458984 0.335938 0.035156 0.050781
0 0.670898 0.344727 0.029297 0.060547
0 0.144531 0.354492 0.074219 0.033203
0 0.159180 0.434570 0.044922 0.056641
0 0.639648 0.484375 0.080078 0.097656
0 0.171875 0.588867 0.027344 0.048828
0 0.531250 0.592773 0.042969 0.048828
0 0.234375 0.625000 0.019531 0.046875
0 0.104492 0.630859 0.033203 0.046875
0 0.860352 0.642578 0.013672 0.070312
0 0.614258 0.636719 0.033203 0.042969
0 0.359375 0.683594 0.023438 0.062500
0 0.530273 0.750000 0.041016 0.062500
0 0.255859 0.754883 0.046875 0.052734
0 0.637695 0.911133 0.025391 0.052734
0 0.106445 0.948242 0.033203 0.041016
0 0.885742 0.970956 0.021484 0.055193
