0 0.570789 0.520260 0.041497 0.082489
0 0.856445 0.016602 0.033203 0.033203
0 0.433594 0.048828 0.050781 0.031250
0 0.577148 0.111328 0.033203 0.042969
0 0.280273 0.159180 0.052734 0.048828
0 0.408203 0.202148 0.042969 0.068359
0 0.860352 0.421875 0.037109 0.035156
0 0.298828 0.435547 0.023438 0.058594
0 0.719727 0.442383 0.060547 0.060547
0 0.043945 0.443359 0.021484 0.046875
0 0.838867 0.587891 0.041016 0.050781
0 0.974203 0.610352 0.049968 0.021484
0 0.656250 0.722656 0.050781 0.058594
0 0.847656 0.729492 0.046875 0.021484
0 0.263672 0.753906 0.027344 0.058594
0 0.441406 0.826172 0.042969 0.085938
0 0.842773 0.816406 0.044922 0.039062
0 0.954102 0.897461 0.025391 0.083984
