0 0.296989 0.708394 0.055330 0.091172
0 0.629883 0.187500 0.048828 0.058594
0 0.389648 0.223633 0.025391 0.056641
0 0.865234 0.229492 0.070312 0.041016
0 0.169922 0.318359 0.023438 0.054688
0 0.227539 0.400391 0.048828 0.046875
0 0.233398 0.498047 0.025391 0.054688
0 0.078125 0.539062 0.027344 0.046875
0 0.652344 0.594727 0.042969 0.060547
0 0.795898 0.595703 0.025391 0.050781
0 0.232422 0.657227 0.019531 0.052734
0 0.705078 0.713867 0.027344 0.048828
0 0.831055 0.714844 0.029297 0.054688
0 0.119141 0.750977 0.046875 0.056641
0 0.705078 0.814453 0.023438 0.050781
0 0.120117 0.828125 0.041016 0.031250
0 0.889648 0.879883 0.041016 0.083984
0 0.543945 0.875977 0.017578 0.060547
0 0.112305 0.914062 0.025391 0.054688
0 0.480469 0.933594 0.023438 0.054688
0 0.556641 0.954102 0.050781 0.048828
