0 0.630187 0.578148 0.034988 0.059334
0 0.976156 0.090820 0.046061 0.044922
0 0.409180 0.176758 0.044922 0.080078
0 0.233398 0.207031 0.033203 0.078125
0 0.145508 0.260742 0.044922 0.029297
0 0.362305 0.344727 0.037109 0.064453
0 0.141602 0.424805 0.037109 0.052734
0 0.512695 0.429688 0.025391 0.050781
0 0.480469 0.503906 0.042969 0.046875
0 0.457031 0.580078 0.027344 0.042969
0 0.325195 0.636719 0.091797 0.070312
0 0.784180 0.733398 0.052734 0.083984
0 0.216797 0.765625 0.050781 0.027344
0 0.475586 0.826172 0.037109 0.074219
0 0.632812 0.861328 0.050781 0.042969
0 0.860352 0.957031 0.044922 0.035156
0 0.785156 0.961914 0.058594 0.029297
