0 0.904394 0.433430 0.023596 0.041968
0 0.565430 0.026367 0.048828 0.052734
0 0.952148 0.057617 0.029297 0.044922
0 0.512695 0.156250 0.025391 0.058594
0 0.670898 0.155273 0.025391 0.056641
0 0.360352 0.245117 0.029297 0.068359
0 0.448242 0.265625 0.033203 0.035156
0 0.532227 0.297852 0.044922 0.044922
0 0.909180 0.369141 0.041016 0.039062
0 0.708984 0.412109 0.031250 0.062500
0 0.081055 0.480469 0.025391 0.074219
0 0.705078 0.496094 0.027344 0.070312
0 0.245117 0.581055 0.041016 0.041016
0 0.063477 0.626953 0.048828 0.058594
0 0.405273 0.619141 0.044922 0.042969
0 0.579102 0.622070 0.033203 0.044922
0 0.957031 0.672852 0.031250 0.037109
0 0.873047 0.692383 0.042969 0.056641
0 0.262695 0.755859 0.029297 0.054688
0 0.775391 0.766602 0.046875 0.037109
0 0.853516 0.859375 0.027344 0.042969
0 0.502930 0.887695 0.044922 0.041016
0 0.768555 0.933594 0.025391 0.074219
