0 0.580960 0.542692 0.039056 0.078148
0 0.918945 0.020508 0.025391 0.041016
0 0.041992 0.094727 0.029297 0.048828
0 0.652344 0.101562 0.046875 0.050781
0 0.527344 0.152344 0.042969 0.070312
0 0.448242 0.188477 0.029297 0.052734
0 0.375977 0.203125 0.056641 0.019531
0 0.824219 0.248047 0.035156 0.058594
0 0.284180 0.267578 0.048828 0.027344
0 0.741211 0.359375 0.037109 0.066406
0 0.251953 0.378906 0.046875 0.050781
0 0.547852 0.383789 0.025391 0.056641
0 0.737305 0.535156 0.029297 0.050781
0 0.081055 0.610352 0.033203 0.064453
0 0.951172 0.666992 0.027344 0.044922
0 0.120117 0.750000 0.048828 0.070312
0 0.387695 0.773438 0.029297 0.070312
0 0.251953 0.808594 0.046875 0.058594
