0 0.711554 0.281476 0.015460 0.041968
0 0.548828 0.235352 0.039062 0.037109
0 0.390625 0.261719 0.039062 0.042969
0 0.342773 0.371094 0.048828 0.046875
0 0.486328 0.393555 0.078125 0.076172
0 0.360352 0.427734 0.033203 0.031250
0 0.649414 0.469727 0.044922 0.107422
0 0.622070 0.640625 0.048828 0.031250
0 0.125000 0.694336 0.042969 0.033203
0 0.571289 0.737305 0.044922 0.091797
0 0.642578 0.744141 0.031250 0.085938
0 0.269531 0.841797 0.035156 0.074219
0 0.363281 0.871094 0.027344 0.066406
0 0.141602 0.867188 0.037109 0.054688
0 0.879883 0.959961 0.029297 0.041016
