0 0.556957 0.596237 0.020342 0.040521
0 0.736328 0.060547 0.023438 0.046875
0 0.988851 0.112305 0.020671 0.072266
0 0.422852 0.116211 0.029297 0.041016
0 0.347656 0.136719 0.046875 0.039062
0 0.104492 0.389648 0.025391 0.041016
0 0.399414 0.422852 0.041016 0.037109
0 0.900391 0.443359 0.046875 0.050781
0 0.221680 0.639648 0.056641 0.091797
0 0.953125 0.733398 0.027344 0.072266
0 0.859375 0.739258 0.019531 0.080078
0 0.448242 0.753906 0.041016 0.046875
0 0.617188 0.814453 0.054688 0.066406
0 0.044922 0.842773 0.027344 0.056641
0 0.526367 0.854492 0.048828 0.076172
0 0.607422 0.897461 0.023438 0.052734
0 0.441406 0.938477 0.078125 0.056641
0 0.916992 0.944336 0.033203 0.056641
