0 0.580553 0.622287 0.028478 0.049204
0 0.066406 0.099609 0.046875 0.046875
0 0.546875 0.114258 0.035156 0.052734
0 0.639648 0.153320 0.033203 0.060547
0 0.404297 0.303711 0.042969 0.056641
0 0.587891 0.358398 0.046875 0.021484
0 0.096680 0.425781 0.044922 0.093750
0 0.612305 0.425781 0.029297 0.039062
0 0.487305 0.437500 0.021484 0.046875
0 0.635742 0.527344 0.033203 0.054688
0 0.423828 0.623047 0.023438 0.054688
0 0.112305 0.665039 0.017578 0.056641
0 0.626953 0.767578 0.054688 0.046875
0 0.748047 0.800781 0.046875 0.082031
0 0.828125 0.908203 0.023438 0.046875
0 0.891602 0.935547 0.037109 0.062500
0 0.356445 0.964120 0.025391 0.068865
