0 0.460537 0.215630 0.019528 0.031838
0 0.170898 0.054688 0.029297 0.039062
0 0.934570 0.081055 0.044922 0.087891
0 0.100586 0.131836 0.037109 0.052734
0 0.170898 0.185547 0.025391 0.062500
0 0.919922 0.187500 0.023438 0.054688
0 0.359375 0.194336 0.023438 0.048828
0 0.825195 0.246094 0.037109 0.058594
0 0.659180 0.266602 0.041016 0.037109
0 0.125000 0.283203 0.042969 0.046875
0 0.276367 0.309570 0.041016 0.056641
0 0.484375 0.360352 0.035156 0.033203
0 0.237305 0.407227 0.033203 0.056641
0 0.106445 0.438477 0.041016 0.091797
0 0.560547 0.456055 0.046875 0.076172
0 0.292969 0.510742 0.035156 0.041016
0 0.235352 0.591797 0.021484 0.046875
0 0.175781 0.669922 0.031250 0.042969
0 0.721680 0.722656 0.048828 0.046875
0 0.905273 0.737305 0.052734 0.029297
0 0.648438 0.908203 0.031250 0.058594
