0 0.483727 0.835022 0.064280 0.078148
0 0.386719 0.047852 0.039062 0.037109
0 0.529297 0.112305 0.054688 0.072266
0 0.333008 0.214844 0.044922 0.062500
0 0.530273 0.251953 0.048828 0.046875
0 0.827148 0.293945 0.033203 0.041016
0 0.598633 0.347656 0.044922 0.058594
0 0.128906 0.362305 0.050781 0.037109
0 0.829102 0.420898 0.029297 0.083984
0 0.942383 0.411133 0.052734 0.048828
0 0.110352 0.422852 0.017578 0.056641
0 0.982015 0.484375 0.034343 0.070312
0 0.546875 0.500000 0.023438 0.089844
0 0.875977 0.636719 0.052734 0.039062
0 0.685547 0.709961 0.039062 0.037109
0 0.171875 0.732422 0.031250 0.039062
0 0.734375 0.800781 0.035156 0.035156
0 0.810547 0.838867 0.046875 0.044922
0 0.512695 0.922852 0.037109 0.029297
0 0.228516 0.968026 0.023438 0.061053
