0 0.385679 0.462373 0.042311 0.085384
0 0.111328 0.088867 0.019531 0.052734
0 0.376953 0.100586 0.046875 0.048828
0 0.502930 0.154297 0.044922 0.046875
0 0.299805 0.203125 0.072266 0.027344
0 0.385742 0.256836 0.029297 0.060547
0 0.066406 0.281250 0.050781 0.050781
0 0.611328 0.361328 0.039062 0.085938
0 0.455078 0.356445 0.042969 0.025391
0 0.798828 0.420898 0.031250 0.041016
0 0.470703 0.499023 0.050781 0.056641
0 0.863281 0.544922 0.035156 0.039062
0 0.125977 0.552734 0.056641 0.039062
0 0.407227 0.657227 0.041016 0.044922
0 0.918945 0.737305 0.033203 0.072266
0 0.474609 0.747070 0.039062 0.056641
0 0.717773 0.833984 0.041016 0.027344
0 0.416992 0.862305 0.029297 0.037109
