0 0.477624 0.714182 0.047193 0.070912
0 0.625977 0.027344 0.048828 0.054688
0 0.235352 0.067383 0.029297 0.095703
0 0.392578 0.053711 0.035156 0.033203
0 0.128906 0.090820 0.054688 0.052734
0 0.546875 0.125000 0.023438 0.054688
0 0.358398 0.202148 0.033203 0.072266
0 0.673828 0.224609 0.031250 0.050781
0 0.577148 0.303711 0.033203 0.048828
0 0.297852 0.310547 0.029297 0.054688
0 0.673828 0.362305 0.035156 0.037109
0 0.671875 0.466797 0.019531 0.050781
0 0.913086 0.468750 0.041016 0.042969
0 0.827148 0.493164 0.033203 0.056641
0 0.934570 0.531250 0.056641 0.046875
0 0.762695 0.562500 0.021484 0.046875
0 0.168945 0.598633 0.025391 0.056641
0 0.955078 0.633789 0.015625 0.076172
0 0.830078 0.654297 0.019531 0.050781
0 0.277344 0.723633 0.050781 0.052734
