0 0.435313 0.636035 0.030919 0.053546
0 0.687500 0.266602 0.054688 0.041016
0 0.303711 0.353516 0.033203 0.050781
0 0.112305 0.383789 0.044922 0.072266
0 0.454102 0.377930 0.029297 0.060547
0 0.696289 0.393555 0.083984 0.044922
0 0.324219 0.437500 0.046875 0.058594
0 0.717773 0.468750 0.060547 0.042969
0 0.078125 0.505859 0.023438 0.046875
0 0.249023 0.670898 0.056641 0.037109
0 0.584961 0.779297 0.060547 0.066406
0 0.567383 0.914062 0.048828 0.117188
0 0.401367 0.940430 0.041016 0.052734
0 0.298828 0.954102 0.027344 0.037109
0 0.167969 0.970956 0.023438 0.055193
