0 0.425956 0.536179 0.046379 0.102750
0 0.376953 0.028320 0.046875 0.056641
0 0.945312 0.060547 0.046875 0.050781
0 0.780273 0.063477 0.041016 0.041016
0 0.298828 0.277344 0.031250 0.046875
0 0.125977 0.344727 0.052734 0.056641
0 0.078125 0.423828 0.023438 0.070312
0 0.236328 0.446289 0.023438 0.083984
0 0.703125 0.472656 0.070312 0.105469
0 0.529297 0.481445 0.042969 0.025391
0 0.607422 0.596680 0.035156 0.052734
0 0.731445 0.640625 0.033203 0.031250
0 0.347656 0.751953 0.042969 0.046875
0 0.622070 0.844727 0.044922 0.048828
