0 0.263629 0.539797 0.073230 0.118669
0 0.216797 0.060547 0.046875 0.066406
0 0.108398 0.267578 0.037109 0.089844
0 0.397461 0.268555 0.064453 0.076172
0 0.027344 0.277344 0.054688 0.039062
0 0.750000 0.386719 0.042969 0.027344
0 0.238281 0.438477 0.019531 0.095703
0 0.159180 0.432617 0.048828 0.064453
0 0.069336 0.463867 0.048828 0.044922
0 0.887695 0.472656 0.037109 0.042969
0 0.718750 0.485352 0.062500 0.033203
0 0.816406 0.745117 0.046875 0.048828
0 0.625977 0.739258 0.056641 0.021484
0 0.470703 0.828125 0.062500 0.148438
0 0.955078 0.947266 0.019531 0.054688
