0 0.543531 0.536903 0.021155 0.043415
0 0.387695 0.014648 0.037109 0.029297
0 0.639648 0.091797 0.021484 0.054688
0 0.761719 0.117188 0.035156 0.050781
0 0.925781 0.112305 0.039062 0.041016
0 0.621094 0.128906 0.042969 0.042969
0 0.050781 0.234375 0.027344 0.074219
0 0.545898 0.316406 0.029297 0.046875
0 0.474609 0.335938 0.050781 0.050781
0 0.248047 0.400391 0.050781 0.054688
0 0.145508 0.446289 0.080078 0.103516
0 0.906250 0.437500 0.042969 0.050781
0 0.201172 0.500977 0.035156 0.041016
0 0.490234 0.577148 0.035156 0.037109
0 0.572266 0.730469 0.035156 0.039062
0 0.919922 0.778320 0.027344 0.056641
0 0.827148 0.785156 0.029297 0.054688
0 0.486328 0.879883 0.035156 0.060547
0 0.906250 0.916992 0.042969 0.041016
0 0.421875 0.950195 0.066406 0.029297
0 0.811523 0.955078 0.044922 0.042969
0 0.158203 0.983651 0.046875 0.029803
