0 0.401139 0.510130 0.053702 0.096961
0 0.079102 0.271484 0.029297 0.054688
0 0.113281 0.422852 0.082031 0.099609
0 0.658203 0.424805 0.042969 0.025391
0 0.048828 0.531250 0.023438 0.054688
0 0.700195 0.547852 0.037109 0.056641
0 0.167969 0.630859 0.039062 0.046875
0 0.237305 0.660156 0.017578 0.058594
0 0.670898 0.689453 0.033203 0.062500
0 0.387695 0.748047 0.033203 0.066406
0 0.788086 0.781250 0.048828 0.117188
0 0.708984 0.828125 0.058594 0.027344
0 0.917969 0.846680 0.019531 0.048828
0 0.221680 0.866211 0.044922 0.064453
0 0.327148 0.874023 0.021484 0.048828
0 0.520508 0.908203 0.033203 0.058594
0 0.744141 0.937500 0.046875 0.058594
