0 0.447925 0.581766 0.074044 0.136035
0 0.129883 0.050781 0.056641 0.035156
0 0.048828 0.073242 0.031250 0.037109
0 0.487305 0.087891 0.029297 0.054688
0 0.857422 0.158203 0.035156 0.054688
0 0.394531 0.185547 0.019531 0.050781
0 0.512695 0.217773 0.017578 0.103516
0 0.130859 0.453125 0.050781 0.046875
0 0.877930 0.485352 0.056641 0.033203
0 0.436523 0.557617 0.044922 0.044922
0 0.294922 0.608398 0.027344 0.056641
0 0.119141 0.643555 0.046875 0.048828
0 0.610352 0.757812 0.029297 0.082031
0 0.953125 0.849609 0.031250 0.062500
0 0.776367 0.873047 0.052734 0.070312
0 0.513672 0.892578 0.039062 0.101562
0 0.223633 0.905273 0.048828 0.064453
0 0.409180 0.950195 0.048828 0.033203
