0 0.503255 0.421129 0.033360 0.060781
0 0.777344 0.064453 0.042969 0.050781
0 0.128906 0.105469 0.050781 0.082031
0 0.544922 0.154297 0.031250 0.058594
0 0.885742 0.222656 0.029297 0.054688
0 0.409180 0.237305 0.052734 0.029297
0 0.287109 0.266602 0.050781 0.025391
0 0.563477 0.281250 0.044922 0.046875
0 0.410156 0.339844 0.054688 0.097656
0 0.045898 0.409180 0.033203 0.056641
0 0.175781 0.416016 0.027344 0.039062
0 0.362305 0.468750 0.033203 0.058594
0 0.203125 0.500000 0.023438 0.050781
0 0.372070 0.563477 0.044922 0.048828
0 0.261719 0.595703 0.074219 0.054688
0 0.364258 0.725586 0.029297 0.099609
0 0.257812 0.700195 0.054688 0.029297
