0 0.513832 0.500724 0.057771 0.101302
0 0.951172 0.104492 0.031250 0.072266
0 0.365234 0.095703 0.031250 0.046875
0 0.859375 0.115234 0.031250 0.062500
0 0.627930 0.280273 0.052734 0.056641
0 0.849609 0.356445 0.046875 0.029297
0 0.395508 0.389648 0.025391 0.052734
0 0.716797 0.389648 0.046875 0.029297
0 0.736328 0.501953 0.039062 0.054688
0 0.606445 0.531250 0.025391 0.054688
0 0.517578 0.627930 0.027344 0.056641
0 0.082031 0.682617 0.035156 0.072266
0 0.643555 0.728516 0.029297 0.082031
0 0.889648 0.704102 0.033203 0.033203
0 0.267578 0.720703 0.031250 0.058594
0 0.732422 0.717773 0.027344 0.048828
0 0.876953 0.764648 0.046875 0.021484
0 0.768555 0.836914 0.068359 0.103516
0 0.110352 0.891602 0.025391 0.087891
0 0.229492 0.958008 0.025391 0.044922
0 0.859375 0.952148 0.070312 0.033203
0 0.952148 0.973886 0.029297 0.049334
