0 0.580960 0.400868 0.024410 0.037627
0 0.921875 0.027344 0.019531 0.054688
0 0.248047 0.031250 0.042969 0.050781
0 0.455078 0.047852 0.031250 0.033203
0 0.767578 0.132812 0.027344 0.070312
0 0.123047 0.135742 0.058594 0.052734
0 0.467773 0.212891 0.052734 0.066406
0 0.613281 0.250000 0.027344 0.058594
0 0.048828 0.273438 0.031250 0.058594
0 0.171875 0.358398 0.082031 0.072266
0 0.720703 0.351562 0.050781 0.062500
0 0.778320 0.486328 0.044922 0.082031
0 0.782227 0.750977 0.048828 0.048828
0 0.436523 0.848633 0.056641 0.052734
0 0.582031 0.918945 0.089844 0.029297
0 0.829102 0.921875 0.087891 0.027344
0 0.405273 0.936523 0.060547 0.052734
0 0.296875 0.944336 0.023438 0.056641
