0 0.362897 0.789436 0.073230 0.137482
0 0.500977 0.147461 0.041016 0.056641
0 0.313477 0.159180 0.056641 0.052734
0 0.603516 0.175781 0.035156 0.035156
0 0.110352 0.250977 0.029297 0.052734
0 0.182617 0.384766 0.056641 0.082031
0 0.740234 0.469727 0.031250 0.044922
0 0.377930 0.487305 0.056641 0.033203
0 0.233398 0.500977 0.029297 0.041016
0 0.791016 0.577148 0.031250 0.037109
0 0.984945 0.589844 0.028483 0.039062
0 0.141602 0.865234 0.029297 0.039062
0 0.933594 0.936523 0.050781 0.064453
0 0.505859 0.937500 0.050781 0.058594
