0 0.724980 0.406657 0.021155 0.037627
0 0.297852 0.029297 0.021484 0.058594
0 0.138672 0.062500 0.027344 0.050781
0 0.514648 0.139648 0.033203 0.041016
0 0.094727 0.248047 0.041016 0.046875
0 0.856445 0.327148 0.037109 0.048828
0 0.145508 0.359375 0.037109 0.035156
0 0.977132 0.410156 0.044108 0.050781
0 0.875977 0.457031 0.056641 0.035156
0 0.148438 0.465820 0.035156 0.041016
0 0.731445 0.576172 0.033203 0.039062
0 0.137695 0.638672 0.033203 0.031250
0 0.100586 0.739258 0.033203 0.048828
0 0.284180 0.748047 0.044922 0.062500
0 0.953125 0.770508 0.023438 0.080078
0 0.831055 0.837891 0.025391 0.050781
0 0.500977 0.873047 0.037109 0.042969
0 0.545898 0.947266 0.037109 0.054688
0 0.956055 0.976815 0.025391 0.043475
