0 0.486168 0.715630 0.046379 0.091172
0 0.354492 0.093750 0.033203 0.050781
0 0.294922 0.193359 0.019531 0.050781
0 0.450195 0.204102 0.037109 0.029297
0 0.501953 0.379883 0.050781 0.052734
0 0.796875 0.464844 0.027344 0.058594
0 0.609375 0.467773 0.031250 0.060547
0 0.517578 0.518555 0.027344 0.044922
0 0.120117 0.589844 0.041016 0.066406
0 0.608398 0.657227 0.025391 0.056641
0 0.762695 0.669922 0.025391 0.078125
0 0.939453 0.661133 0.046875 0.048828
0 0.248047 0.692383 0.046875 0.087891
0 0.095703 0.686523 0.042969 0.056641
0 0.833008 0.870117 0.033203 0.060547
0 0.486328 0.886719 0.035156 0.035156
0 0.127930 0.889648 0.064453 0.037109
0 0.732422 0.937500 0.078125 0.054688
