0 0.760374 0.878437 0.025224 0.046310
0 0.939453 0.062500 0.046875 0.050781
0 0.387695 0.105469 0.037109 0.039062
0 0.160156 0.215820 0.046875 0.068359
0 0.795898 0.233398 0.029297 0.076172
0 0.262695 0.248047 0.044922 0.058594
0 0.926758 0.347656 0.037109 0.054688
0 0.731445 0.363281 0.048828 0.035156
0 0.875977 0.466797 0.052734 0.058594
0 0.390625 0.470703 0.019531 0.050781
0 0.796875 0.627930 0.019531 0.048828
0 0.322266 0.754883 0.042969 0.052734
0 0.751953 0.756836 0.046875 0.056641
0 0.498047 0.794922 0.046875 0.085938
0 0.420898 0.809570 0.025391 0.056641
0 0.264648 0.814453 0.021484 0.046875
0 0.081055 0.819336 0.021484 0.048828
0 0.489258 0.924805 0.041016 0.048828
