0 0.484540 0.531114 0.028478 0.046310
0 0.293945 0.168945 0.037109 0.044922
0 0.875000 0.218750 0.050781 0.050781
0 0.431641 0.235352 0.058594 0.025391
0 0.387695 0.348633 0.037109 0.056641
0 0.124023 0.381836 0.056641 0.056641
0 0.048828 0.403320 0.019531 0.052734
0 0.785156 0.453125 0.046875 0.050781
0 0.548828 0.471680 0.027344 0.056641
0 0.714844 0.590820 0.046875 0.056641
0 0.605469 0.596680 0.035156 0.060547
0 0.180664 0.750977 0.044922 0.060547
0 0.921875 0.765625 0.027344 0.039062
0 0.521484 0.767578 0.039062 0.035156
0 0.795898 0.829102 0.025391 0.048828
0 0.920898 0.896484 0.037109 0.058594
0 0.827148 0.934570 0.017578 0.056641
0 0.117188 0.949219 0.042969 0.046875
