0 0.417819 0.610709 0.033360 0.069465
0 0.766602 0.078125 0.021484 0.082031
0 0.798828 0.225586 0.027344 0.060547
0 0.163086 0.387695 0.056641 0.052734
0 0.245117 0.423828 0.037109 0.039062
0 0.107422 0.440430 0.035156 0.041016
0 0.671875 0.504883 0.023438 0.064453
0 0.609375 0.523438 0.027344 0.078125
0 0.191406 0.526367 0.046875 0.072266
0 0.610352 0.696289 0.033203 0.048828
0 0.083008 0.709961 0.041016 0.037109
0 0.533203 0.700195 0.050781 0.017578
0 0.609375 0.765625 0.035156 0.039062
0 0.480469 0.845703 0.035156 0.062500
0 0.675781 0.836914 0.039062 0.048828
0 0.215820 0.857422 0.060547 0.058594
0 0.327148 0.915039 0.037109 0.080078
0 0.829102 0.929688 0.021484 0.058594
