0 0.442636 0.533285 0.053702 0.091172
0 0.732422 0.199219 0.039062 0.050781
0 0.835938 0.261719 0.035156 0.035156
0 0.640625 0.305664 0.031250 0.060547
0 0.029297 0.294922 0.058594 0.031250
0 0.761719 0.301758 0.031250 0.041016
0 0.894531 0.310547 0.027344 0.058594
0 0.863281 0.366211 0.027344 0.044922
0 0.491211 0.375977 0.041016 0.052734
0 0.138672 0.443359 0.042969 0.058594
0 0.284180 0.529297 0.052734 0.046875
0 0.889648 0.555664 0.013672 0.087891
0 0.607422 0.550781 0.023438 0.070312
0 0.736328 0.562500 0.023438 0.050781
0 0.668945 0.624023 0.033203 0.056641
0 0.144531 0.869141 0.035156 0.054688
0 0.953125 0.934570 0.027344 0.048828
