0 0.682669 0.645441 0.030919 0.078148
0 0.687500 0.370117 0.050781 0.052734
0 0.125977 0.408203 0.056641 0.117188
0 0.770508 0.387695 0.076172 0.033203
0 0.625977 0.422852 0.048828 0.033203
0 0.792969 0.478516 0.035156 0.042969
0 0.250977 0.522461 0.048828 0.068359
0 0.946289 0.640625 0.044922 0.050781
0 0.171875 0.751953 0.023438 0.054688
0 0.748047 0.777344 0.046875 0.046875
0 0.858398 0.832031 0.033203 0.089844
0 0.545898 0.842773 0.029297 0.037109
0 0.727539 0.918945 0.033203 0.041016
0 0.381836 0.953378 0.060547 0.090350
0 0.886719 0.967050 0.015625 0.063006
