0 0.258340 0.576700 0.043124 0.079595
0 0.834961 0.050781 0.033203 0.035156
0 0.263672 0.144531 0.031250 0.035156
0 0.833008 0.145508 0.033203 0.037109
0 0.895508 0.138672 0.060547 0.027344
0 0.250000 0.207031 0.050781 0.046875
0 0.732422 0.271484 0.027344 0.039062
0 0.800781 0.281250 0.023438 0.046875
0 0.859375 0.315430 0.023438 0.056641
0 0.955078 0.375000 0.023438 0.050781
0 0.388672 0.389648 0.046875 0.029297
0 0.134766 0.531250 0.039062 0.070312
0 0.518555 0.608398 0.033203 0.041016
0 0.950195 0.648438 0.025391 0.070312
0 0.748047 0.684570 0.054688 0.044922
0 0.872070 0.688477 0.041016 0.044922
0 0.278320 0.720703 0.044922 0.058594
0 0.901367 0.790039 0.044922 0.060547
0 0.163086 0.796875 0.044922 0.039062
0 0.190430 0.875000 0.041016 0.042969
0 0.123047 0.935547 0.054688 0.054688
0 0.956055 0.953125 0.021484 0.042969
0 0.744141 0.951172 0.046875 0.023438
