0 0.530106 0.546310 0.043124 0.073806
0 0.422852 0.030273 0.025391 0.060547
0 0.361328 0.125977 0.027344 0.099609
0 0.736328 0.125000 0.039062 0.066406
0 0.125977 0.122070 0.044922 0.048828
0 0.294922 0.127930 0.023438 0.052734
0 0.486328 0.155273 0.031250 0.060547
0 0.857422 0.203125 0.039062 0.042969
0 0.161133 0.297852 0.044922 0.037109
0 0.521484 0.377930 0.082031 0.052734
0 0.749023 0.394531 0.052734 0.027344
0 0.285156 0.422852 0.062500 0.033203
0 0.760742 0.461914 0.041016 0.060547
0 0.489258 0.628906 0.033203 0.050781
0 0.875977 0.645508 0.052734 0.068359
0 0.391602 0.645508 0.033203 0.060547
0 0.783203 0.781250 0.046875 0.054688
0 0.898438 0.878906 0.066406 0.054688
0 0.550781 0.937500 0.031250 0.050781
0 0.958984 0.958261 0.027344 0.080584
0 0.806641 0.956055 0.054688 0.017578
