0 0.440602 0.325615 0.028478 0.057887
0 0.404297 0.014648 0.042969 0.029297
0 0.255859 0.139648 0.054688 0.044922
0 0.670898 0.142578 0.037109 0.031250
0 0.342773 0.219727 0.044922 0.048828
0 0.580078 0.292969 0.031250 0.035156
0 0.309570 0.403320 0.048828 0.056641
0 0.517578 0.429688 0.046875 0.058594
0 0.361328 0.443359 0.027344 0.042969
0 0.589844 0.482422 0.042969 0.070312
0 0.986898 0.497070 0.024577 0.041016
0 0.829102 0.516602 0.037109 0.044922
0 0.667969 0.536133 0.031250 0.048828
0 0.248047 0.622070 0.062500 0.064453
0 0.081055 0.641602 0.091797 0.037109
0 0.107422 0.754883 0.062500 0.064453
0 0.219727 0.770508 0.052734 0.080078
0 0.011719 0.846680 0.023438 0.048828
