0 0.450366 0.180897 0.025224 0.043415
0 0.406250 0.047852 0.042969 0.041016
0 0.234375 0.086914 0.027344 0.052734
0 0.672852 0.125977 0.029297 0.056641
0 0.253906 0.183594 0.042969 0.050781
0 0.014648 0.374023 0.029297 0.041016
0 0.826172 0.378906 0.027344 0.054688
0 0.432617 0.406250 0.044922 0.054688
0 0.606445 0.432617 0.041016 0.087891
0 0.099609 0.440430 0.066406 0.052734
0 0.861328 0.627930 0.023438 0.048828
0 0.955078 0.628906 0.015625 0.054688
0 0.170898 0.692383 0.025391 0.072266
0 0.483398 0.767578 0.021484 0.070312
0 0.392578 0.794922 0.019531 0.082031
0 0.250977 0.809570 0.044922 0.052734
0 0.870117 0.938730 0.048828 0.119647
0 0.468750 0.956308 0.058594 0.084490
0 0.230469 0.967050 0.023438 0.063006
