0 0.325468 0.289436 0.035801 0.052098
0 0.856445 0.020508 0.025391 0.041016
0 0.205078 0.059570 0.023438 0.041016
0 0.245117 0.108398 0.041016 0.044922
0 0.908203 0.281250 0.046875 0.050781
0 0.796875 0.335938 0.031250 0.046875
0 0.987874 0.410156 0.022624 0.046875
0 0.790039 0.423828 0.044922 0.039062
0 0.875000 0.444336 0.050781 0.068359
0 0.468750 0.463867 0.062500 0.072266
0 0.549805 0.457031 0.029297 0.042969
0 0.246094 0.574219 0.042969 0.101562
0 0.859375 0.601562 0.027344 0.062500
0 0.627930 0.602539 0.044922 0.033203
0 0.452148 0.644531 0.025391 0.039062
0 0.106445 0.714844 0.041016 0.058594
0 0.085938 0.813477 0.039062 0.048828
0 0.840820 0.861328 0.044922 0.089844
0 0.750000 0.873047 0.046875 0.046875
0 0.560547 0.914062 0.039062 0.035156
0 0.175781 0.929688 0.019531 0.050781
0 0.100586 0.949219 0.048828 0.042969
