0 0.481692 0.661360 0.029292 0.054993
0 0.309570 0.082031 0.041016 0.031250
0 0.483398 0.112305 0.013672 0.072266
0 0.292969 0.150391 0.023438 0.058594
0 0.850586 0.155273 0.056641 0.056641
0 0.953125 0.319336 0.031250 0.041016
0 0.580078 0.367188 0.031250 0.082031
0 0.108398 0.360352 0.037109 0.044922
0 0.747070 0.364258 0.044922 0.052734
0 0.681641 0.426758 0.054688 0.119141
0 0.361328 0.438477 0.023438 0.056641
0 0.942383 0.419922 0.052734 0.019531
0 0.839844 0.450195 0.054688 0.037109
0 0.594727 0.536133 0.048828 0.103516
0 0.890625 0.559570 0.019531 0.064453
0 0.330078 0.673828 0.031250 0.042969
0 0.545898 0.689453 0.021484 0.058594
0 0.087891 0.815430 0.042969 0.060547
0 0.318359 0.827148 0.042969 0.025391
0 0.199219 0.927734 0.046875 0.031250
