0 0.287632 0.435601 0.025224 0.046310
0 0.912109 0.139648 0.046875 0.037109
0 0.403320 0.195312 0.044922 0.046875
0 0.192383 0.221680 0.048828 0.041016
0 0.583008 0.252930 0.033203 0.048828
0 0.285156 0.265625 0.050781 0.027344
0 0.676758 0.369141 0.021484 0.050781
0 0.041016 0.410156 0.042969 0.074219
0 0.171875 0.425781 0.035156 0.082031
0 0.487305 0.511719 0.029297 0.066406
0 0.236328 0.539062 0.027344 0.058594
0 0.360352 0.599609 0.021484 0.046875
0 0.275391 0.606445 0.046875 0.021484
0 0.104492 0.614258 0.107422 0.033203
0 0.360352 0.680664 0.021484 0.044922
0 0.577148 0.723633 0.025391 0.052734
0 0.125977 0.827148 0.048828 0.033203
0 0.900391 0.954355 0.050781 0.088397
