0 0.485761 0.471780 0.021155 0.037627
0 0.512695 0.087891 0.025391 0.046875
0 0.410156 0.139648 0.042969 0.044922
0 0.470703 0.250000 0.046875 0.046875
0 0.632812 0.260742 0.042969 0.052734
0 0.173828 0.321289 0.027344 0.076172
0 0.793945 0.300781 0.037109 0.027344
0 0.969320 0.483398 0.059733 0.025391
0 0.871094 0.548828 0.042969 0.027344
0 0.670898 0.580078 0.029297 0.042969
0 0.795898 0.664062 0.033203 0.085938
0 0.387695 0.831055 0.037109 0.087891
0 0.125977 0.904297 0.041016 0.046875
0 0.885742 0.949219 0.025391 0.046875
0 0.579102 0.977792 0.021484 0.041522
