0 0.576485 0.670767 0.030106 0.059334
0 0.674805 0.061523 0.025391 0.052734
0 0.434570 0.159180 0.056641 0.052734
0 0.918945 0.162109 0.021484 0.050781
0 0.045898 0.178711 0.025391 0.064453
0 0.612305 0.375000 0.052734 0.101562
0 0.785156 0.470703 0.058594 0.058594
0 0.904297 0.492188 0.042969 0.054688
0 0.159180 0.496094 0.041016 0.050781
0 0.621094 0.520508 0.046875 0.080078
0 0.028320 0.581055 0.056641 0.033203
0 0.913086 0.597656 0.044922 0.058594
0 0.356445 0.617188 0.029297 0.078125
0 0.747070 0.630859 0.044922 0.046875
0 0.291992 0.689453 0.029297 0.058594
0 0.490234 0.737305 0.031250 0.033203
0 0.386719 0.771484 0.031250 0.058594
0 0.160156 0.837891 0.050781 0.050781
