0 0.387307 0.712735 0.034174 0.065123
0 0.421875 0.058594 0.027344 0.042969
0 0.263672 0.141602 0.031250 0.033203
0 0.418945 0.235352 0.044922 0.052734
0 0.172852 0.266602 0.025391 0.037109
0 0.485352 0.303711 0.033203 0.052734
0 0.526367 0.435547 0.048828 0.062500
0 0.297852 0.440430 0.029297 0.068359
0 0.941406 0.450195 0.042969 0.029297
0 0.683594 0.519531 0.050781 0.039062
0 0.080078 0.538086 0.027344 0.044922
0 0.766602 0.559570 0.025391 0.056641
0 0.293945 0.587891 0.029297 0.054688
0 0.447266 0.597656 0.031250 0.054688
0 0.676758 0.620117 0.029297 0.052734
0 0.799805 0.674805 0.076172 0.021484
0 0.512695 0.714844 0.025391 0.054688
0 0.161133 0.708008 0.044922 0.029297
0 0.330078 0.725586 0.031250 0.048828
0 0.699219 0.837891 0.031250 0.074219
0 0.873047 0.835938 0.042969 0.062500
0 0.768555 0.870117 0.041016 0.064453
0 0.390625 0.893555 0.031250 0.037109
0 0.174805 0.937500 0.029297 0.046875
0 0.896484 0.975839 0.031250 0.045428
