0 0.377136 0.494211 0.044752 0.079595
0 0.762695 0.172852 0.033203 0.033203
0 0.437500 0.211914 0.046875 0.060547
0 0.348633 0.245117 0.056641 0.052734
0 0.630859 0.262695 0.046875 0.033203
0 0.527344 0.295898 0.050781 0.091797
0 0.123047 0.345703 0.050781 0.046875
0 0.613281 0.355469 0.039062 0.046875
0 0.450195 0.459961 0.021484 0.060547
0 0.548828 0.459961 0.031250 0.044922
0 0.644531 0.467773 0.031250 0.056641
0 0.881836 0.517578 0.056641 0.027344
0 0.519531 0.580078 0.027344 0.062500
0 0.113281 0.612305 0.058594 0.025391
0 0.604492 0.612305 0.080078 0.021484
0 0.232422 0.731445 0.019531 0.072266
0 0.218750 0.841797 0.050781 0.050781
0 0.053711 0.905273 0.052734 0.052734
0 0.824219 0.968026 0.023438 0.061053
