0 0.609845 0.829957 0.051261 0.105644
0 0.400391 0.125977 0.058594 0.048828
0 0.920898 0.141602 0.033203 0.041016
0 0.350586 0.223633 0.048828 0.048828
0 0.446289 0.354492 0.048828 0.052734
0 0.173828 0.395508 0.023438 0.060547
0 0.504883 0.529297 0.044922 0.062500
0 0.608398 0.618164 0.033203 0.060547
0 0.810547 0.611328 0.050781 0.035156
0 0.107422 0.748047 0.027344 0.058594
0 0.364258 0.735352 0.044922 0.029297
0 0.764648 0.813477 0.021484 0.103516
0 0.952148 0.832031 0.033203 0.050781
0 0.237305 0.857422 0.029297 0.070312
0 0.079102 0.850586 0.021484 0.052734
0 0.403320 0.892578 0.056641 0.074219
0 0.486328 0.907227 0.023438 0.052734
0 0.090820 0.917969 0.041016 0.031250
0 0.328125 0.932617 0.019531 0.052734
0 0.706055 0.957031 0.037109 0.035156
