0 0.520342 0.848046 0.043124 0.057887
0 0.395508 0.206055 0.021484 0.048828
0 0.122070 0.402344 0.044922 0.109375
0 0.561523 0.441406 0.048828 0.050781
0 0.422852 0.530273 0.037109 0.072266
0 0.687500 0.547852 0.042969 0.037109
0 0.641602 0.612305 0.033203 0.080078
0 0.456055 0.668945 0.033203 0.056641
0 0.602539 0.705078 0.033203 0.050781
0 0.268555 0.703125 0.033203 0.031250
0 0.101562 0.728516 0.031250 0.050781
0 0.823242 0.748047 0.060547 0.066406
0 0.206055 0.768555 0.029297 0.080078
0 0.454102 0.877930 0.029297 0.048828
0 0.794922 0.936523 0.078125 0.064453
