0 0.417819 0.424747 0.034988 0.068017
0 0.476562 0.144531 0.035156 0.066406
0 0.261719 0.140625 0.035156 0.031250
0 0.057617 0.190430 0.048828 0.052734
0 0.630859 0.200195 0.046875 0.037109
0 0.535156 0.292969 0.046875 0.058594
0 0.738281 0.387695 0.027344 0.048828
0 0.828125 0.439453 0.023438 0.050781
0 0.375977 0.469727 0.044922 0.048828
0 0.893555 0.598633 0.029297 0.052734
0 0.549805 0.640625 0.029297 0.074219
0 0.110352 0.668945 0.048828 0.076172
0 0.639648 0.681641 0.017578 0.066406
0 0.456055 0.702148 0.037109 0.048828
0 0.539062 0.750977 0.046875 0.056641
0 0.045898 0.841797 0.021484 0.050781
0 0.220703 0.846680 0.054688 0.052734
0 0.546875 0.925781 0.027344 0.039062
