0 0.456469 0.691751 0.042311 0.078148
0 0.720703 0.077148 0.046875 0.017578
0 0.194336 0.234375 0.037109 0.031250
0 0.675781 0.359375 0.027344 0.039062
0 0.074219 0.388672 0.019531 0.074219
0 0.157227 0.411133 0.048828 0.095703
0 0.326172 0.411133 0.023438 0.048828
0 0.450195 0.455078 0.029297 0.085938
0 0.264648 0.532227 0.025391 0.056641
0 0.719727 0.552734 0.044922 0.074219
0 0.296875 0.591797 0.023438 0.050781
0 0.140625 0.688477 0.019531 0.060547
0 0.645508 0.758789 0.095703 0.091797
0 0.937500 0.766602 0.042969 0.072266
0 0.298828 0.798828 0.027344 0.039062
0 0.045898 0.833008 0.021484 0.080078
0 0.295898 0.917969 0.021484 0.058594
0 0.761719 0.931641 0.027344 0.066406
0 0.132812 0.956055 0.050781 0.021484
