0 0.531326 0.500000 0.037429 0.062229
0 0.266602 0.095703 0.021484 0.046875
0 0.419922 0.108398 0.035156 0.037109
0 0.255859 0.198242 0.042969 0.037109
0 0.416992 0.292969 0.033203 0.039062
0 0.167969 0.327148 0.031250 0.044922
0 0.600586 0.347656 0.029297 0.042969
0 0.483398 0.375000 0.029297 0.050781
0 0.296875 0.500977 0.031250 0.060547
0 0.953125 0.519531 0.027344 0.054688
0 0.688477 0.593750 0.052734 0.050781
0 0.083984 0.595703 0.039062 0.042969
0 0.768555 0.633789 0.033203 0.044922
0 0.281250 0.656250 0.050781 0.054688
0 0.451172 0.679688 0.027344 0.046875
0 0.567383 0.676758 0.048828 0.021484
0 0.690430 0.697266 0.044922 0.050781
0 0.856445 0.757812 0.033203 0.050781
0 0.799805 0.757812 0.037109 0.046875
0 0.520508 0.791016 0.029297 0.058594
0 0.389648 0.796875 0.021484 0.062500
0 0.324219 0.812500 0.023438 0.046875
0 0.711914 0.931641 0.048828 0.058594
0 0.881836 0.937500 0.044922 0.050781
0 0.776367 0.961914 0.048828 0.033203
