0 0.904394 0.433430 0.023596 0.041968
0 0.504883 0.148438 0.052734 0.089844
0 0.530273 0.288086 0.044922 0.052734
0 0.640625 0.341797 0.019531 0.054688
0 0.328125 0.424805 0.023438 0.083984
0 0.702148 0.477539 0.021484 0.142578
0 0.203125 0.455078 0.019531 0.078125
0 0.078125 0.485352 0.023438 0.087891
0 0.358398 0.507812 0.021484 0.078125
0 0.312500 0.586914 0.050781 0.060547
0 0.410156 0.610352 0.050781 0.033203
0 0.062500 0.638672 0.046875 0.078125
0 0.958984 0.669922 0.046875 0.031250
0 0.875000 0.701172 0.046875 0.023438
0 0.250000 0.764648 0.054688 0.087891
0 0.514648 0.752930 0.021484 0.056641
0 0.765625 0.765625 0.039062 0.027344
0 0.673828 0.808594 0.031250 0.050781
0 0.500977 0.869141 0.044922 0.042969
0 0.504883 0.936523 0.037109 0.044922
0 0.892578 0.957031 0.035156 0.035156
0 0.239258 0.981698 0.041016 0.033709
