0 0.456876 0.450072 0.041497 0.069465
0 0.646484 0.026367 0.023438 0.052734
0 0.579102 0.099609 0.025391 0.050781
0 0.467773 0.131836 0.060547 0.068359
0 0.218750 0.137695 0.050781 0.029297
0 0.846680 0.158203 0.060547 0.058594
0 0.984945 0.300781 0.028483 0.046875
0 0.380859 0.438477 0.050781 0.064453
0 0.125977 0.515625 0.052734 0.093750
0 0.559570 0.645508 0.048828 0.037109
0 0.014648 0.669922 0.029297 0.031250
0 0.642578 0.702148 0.023438 0.048828
0 0.026367 0.751953 0.052734 0.054688
0 0.214844 0.767578 0.050781 0.027344
0 0.796875 0.796875 0.039062 0.054688
0 0.159180 0.937500 0.060547 0.062500
0 0.658203 0.954355 0.062500 0.088397
0 0.345703 0.939453 0.046875 0.042969
