0 0.410090 0.516643 0.024410 0.046310
0 0.411133 0.014648 0.041016 0.029297
0 0.348633 0.092773 0.048828 0.064453
0 0.828125 0.091797 0.023438 0.050781
0 0.217773 0.110352 0.044922 0.021484
0 0.095703 0.148438 0.058594 0.074219
0 0.754883 0.161133 0.048828 0.048828
0 0.160156 0.250000 0.070312 0.066406
0 0.781250 0.281250 0.066406 0.125000
0 0.108398 0.378906 0.033203 0.054688
0 0.606445 0.420898 0.041016 0.037109
0 0.171875 0.441406 0.031250 0.058594
0 0.253906 0.438477 0.042969 0.056641
0 0.732422 0.487305 0.039062 0.044922
0 0.253906 0.509766 0.042969 0.035156
0 0.160156 0.534180 0.050781 0.064453
0 0.342773 0.578125 0.048828 0.078125
0 0.375000 0.625000 0.050781 0.058594
0 0.643555 0.643555 0.083984 0.076172
0 0.778320 0.733398 0.056641 0.087891
0 0.310547 0.728516 0.042969 0.027344
0 0.905273 0.858398 0.052734 0.072266
0 0.441406 0.857422 0.046875 0.023438
0 0.437500 0.965097 0.050781 0.066912
