0 0.417819 0.424747 0.034988 0.068017
0 0.721680 0.105469 0.056641 0.035156
0 0.454102 0.142578 0.080078 0.078125
0 0.058594 0.188477 0.058594 0.064453
0 0.202148 0.173828 0.033203 0.035156
0 0.635742 0.200195 0.041016 0.044922
0 0.531250 0.272461 0.046875 0.064453
0 0.553711 0.324219 0.037109 0.035156
0 0.721680 0.335938 0.041016 0.042969
0 0.744141 0.420898 0.062500 0.095703
0 0.095703 0.422852 0.046875 0.025391
0 0.915039 0.607422 0.076172 0.082031
0 0.281250 0.657227 0.046875 0.119141
0 0.546875 0.657227 0.031250 0.052734
0 0.655273 0.650391 0.044922 0.035156
0 0.108398 0.662109 0.029297 0.050781
0 0.454102 0.701172 0.025391 0.074219
0 0.545898 0.754883 0.037109 0.060547
0 0.218750 0.842773 0.058594 0.068359
0 0.793945 0.937753 0.087891 0.121600
0 0.390625 0.967050 0.019531 0.063006
