0 0.262408 0.471056 0.069162 0.128799
0 0.769531 0.023438 0.082031 0.046875
0 0.338867 0.187500 0.060547 0.058594
0 0.908203 0.189453 0.062500 0.058594
0 0.796875 0.240234 0.039062 0.050781
0 0.984945 0.327148 0.028483 0.048828
0 0.236328 0.438477 0.027344 0.099609
0 0.388672 0.473633 0.019531 0.056641
0 0.839844 0.485352 0.070312 0.048828
0 0.912109 0.545898 0.042969 0.025391
0 0.107422 0.599609 0.027344 0.042969
0 0.843750 0.736328 0.058594 0.105469
0 0.109375 0.827148 0.039062 0.060547
0 0.394531 0.840820 0.031250 0.044922
0 0.278320 0.842773 0.044922 0.044922
0 0.502930 0.920898 0.056641 0.099609
0 0.015625 0.909180 0.031250 0.060547
0 0.857422 0.920898 0.027344 0.083984
0 0.169922 0.951172 0.035156 0.035156
0 0.086914 0.981698 0.044922 0.033709
