0 0.380391 0.610709 0.031733 0.063676
0 0.547852 0.106445 0.041016 0.080078
0 0.765625 0.205078 0.042969 0.039062
0 0.348633 0.237305 0.076172 0.052734
0 0.982992 0.364258 0.032389 0.033203
0 0.202148 0.417969 0.087891 0.101562
0 0.611328 0.420898 0.035156 0.033203
0 0.523438 0.487305 0.078125 0.095703
0 0.954102 0.573242 0.029297 0.044922
0 0.690430 0.669922 0.044922 0.023438
0 0.426758 0.732422 0.029297 0.035156
0 0.684570 0.791992 0.068359 0.150391
0 0.797852 0.750000 0.037109 0.066406
0 0.247070 0.842773 0.044922 0.048828
