0 0.553702 0.553546 0.021969 0.041968
0 0.363281 0.013672 0.062500 0.027344
0 0.201172 0.076172 0.070312 0.085938
0 0.313477 0.141602 0.048828 0.025391
0 0.558594 0.186523 0.050781 0.060547
0 0.296875 0.252930 0.027344 0.126953
0 0.416992 0.222656 0.044922 0.062500
0 0.485352 0.246094 0.037109 0.066406
0 0.835938 0.233398 0.046875 0.033203
0 0.184570 0.314453 0.056641 0.050781
0 0.657227 0.455078 0.056641 0.097656
0 0.859375 0.427734 0.027344 0.042969
0 0.202148 0.453125 0.037109 0.039062
0 0.012695 0.624023 0.025391 0.052734
0 0.901367 0.667969 0.052734 0.082031
0 0.988851 0.657227 0.020671 0.044922
0 0.696289 0.803711 0.044922 0.060547
0 0.313477 0.856445 0.048828 0.072266
0 0.747070 0.860352 0.048828 0.037109
0 0.893555 0.877930 0.037109 0.060547
0 0.660156 0.919922 0.050781 0.085938
0 0.308594 0.967050 0.042969 0.063006
