0 0.320993 0.355282 0.044752 0.073806
0 0.373047 0.059570 0.058594 0.119141
0 0.516602 0.018555 0.033203 0.037109
0 0.154297 0.093750 0.062500 0.062500
0 0.609375 0.095703 0.035156 0.062500
0 0.982992 0.109375 0.032389 0.031250
0 0.967367 0.219727 0.063639 0.107422
0 0.202148 0.284180 0.080078 0.068359
0 0.192383 0.360352 0.044922 0.029297
0 0.202148 0.462891 0.021484 0.054688
0 0.011719 0.497070 0.023438 0.044922
0 0.465820 0.625977 0.056641 0.072266
0 0.474609 0.764648 0.082031 0.107422
0 0.856445 0.765625 0.033203 0.031250
0 0.767578 0.817383 0.027344 0.048828
0 0.591797 0.906250 0.062500 0.074219
0 0.845703 0.889648 0.054688 0.025391
0 0.422852 0.910156 0.021484 0.046875
