0 0.653377 0.678003 0.042311 0.088278
0 0.421875 0.125977 0.027344 0.177734
0 0.986898 0.107422 0.024577 0.039062
0 0.644531 0.125977 0.031250 0.052734
0 0.787109 0.167969 0.054688 0.085938
0 0.672852 0.186523 0.025391 0.060547
0 0.435547 0.321289 0.058594 0.115234
0 0.201172 0.314453 0.035156 0.058594
0 0.527344 0.473633 0.050781 0.048828
0 0.717773 0.573242 0.056641 0.080078
0 0.466797 0.572266 0.062500 0.035156
0 0.406250 0.627930 0.046875 0.044922
0 0.952148 0.634766 0.037109 0.046875
0 0.096680 0.773438 0.041016 0.050781
0 0.079102 0.860352 0.025391 0.083984
0 0.625977 0.952401 0.056641 0.092303
