0 0.569976 0.403763 0.036615 0.057887
0 0.453125 0.029297 0.027344 0.058594
0 0.910156 0.061523 0.058594 0.056641
0 0.277344 0.117188 0.050781 0.062500
0 0.830078 0.127930 0.027344 0.048828
0 0.598633 0.154297 0.044922 0.050781
0 0.838867 0.256836 0.052734 0.087891
0 0.249023 0.259766 0.060547 0.078125
0 0.952148 0.373047 0.029297 0.050781
0 0.779297 0.404297 0.058594 0.066406
0 0.521484 0.413086 0.031250 0.052734
0 0.486328 0.513672 0.027344 0.085938
0 0.407227 0.517578 0.044922 0.082031
0 0.423828 0.743164 0.023438 0.060547
0 0.467773 0.793945 0.048828 0.033203
0 0.199219 0.806641 0.027344 0.042969
0 0.780273 0.889648 0.060547 0.095703
0 0.355469 0.883789 0.031250 0.037109
0 0.517578 0.900391 0.035156 0.070312
