0 0.420667 0.212735 0.037429 0.072359
0 0.578125 0.074219 0.039062 0.097656
0 0.922852 0.078125 0.041016 0.031250
0 0.763672 0.118164 0.039062 0.072266
0 0.523438 0.122070 0.039062 0.052734
0 0.330078 0.142578 0.074219 0.027344
0 0.486328 0.208008 0.031250 0.083984
0 0.047852 0.230469 0.033203 0.042969
0 0.436523 0.386719 0.048828 0.085938
0 0.171875 0.420898 0.015625 0.068359
0 0.467773 0.441406 0.044922 0.054688
0 0.217773 0.472656 0.044922 0.042969
0 0.762695 0.534180 0.037109 0.072266
0 0.516602 0.541992 0.029297 0.076172
0 0.703125 0.686523 0.027344 0.056641
0 0.026367 0.691406 0.052734 0.046875
0 0.639648 0.734375 0.021484 0.078125
0 0.716797 0.752930 0.042969 0.044922
0 0.169922 0.812500 0.035156 0.070312
0 0.671875 0.813477 0.019531 0.044922
0 0.954102 0.842773 0.029297 0.056641
0 0.815430 0.938730 0.060547 0.119647
