0 0.483320 0.434877 0.034174 0.068017
0 0.454102 0.015625 0.037109 0.031250
0 0.198242 0.062500 0.044922 0.054688
0 0.264648 0.082031 0.037109 0.031250
0 0.765625 0.167969 0.074219 0.082031
0 0.126953 0.183594 0.058594 0.097656
0 0.481445 0.324219 0.037109 0.039062
0 0.074219 0.413086 0.035156 0.083984
0 0.826172 0.487305 0.031250 0.091797
0 0.504883 0.512695 0.048828 0.080078
0 0.604492 0.571289 0.048828 0.095703
0 0.781250 0.625977 0.054688 0.052734
0 0.345703 0.670898 0.058594 0.091797
0 0.828125 0.722656 0.031250 0.070312
0 0.745117 0.727539 0.044922 0.056641
0 0.452148 0.837891 0.080078 0.113281
0 0.764648 0.850586 0.033203 0.048828
0 0.597656 0.930664 0.046875 0.064453
0 0.419922 0.983651 0.031250 0.029803
