0 0.385679 0.462373 0.042311 0.085384
0 0.423828 0.020508 0.027344 0.041016
0 0.281250 0.048828 0.058594 0.039062
0 0.123047 0.091797 0.058594 0.062500
0 0.908203 0.088867 0.050781 0.052734
0 0.375977 0.110352 0.056641 0.033203
0 0.012695 0.154297 0.025391 0.046875
0 0.308594 0.175781 0.058594 0.089844
0 0.510742 0.156250 0.029297 0.042969
0 0.391602 0.257812 0.025391 0.042969
0 0.974203 0.263672 0.049968 0.027344
0 0.076172 0.283203 0.035156 0.054688
0 0.608398 0.355469 0.033203 0.078125
0 0.962891 0.392578 0.042969 0.031250
0 0.472656 0.483398 0.050781 0.083984
0 0.902344 0.468750 0.042969 0.050781
0 0.866211 0.545898 0.044922 0.052734
0 0.036133 0.549805 0.041016 0.033203
0 0.136719 0.548828 0.035156 0.031250
0 0.409180 0.669922 0.052734 0.085938
0 0.922852 0.738281 0.033203 0.097656
0 0.480469 0.750977 0.035156 0.056641
0 0.284180 0.767578 0.048828 0.078125
0 0.717773 0.829102 0.048828 0.029297
