0 0.494304 0.916787 0.021969 0.039074
0 0.483398 0.059570 0.021484 0.056641
0 0.013672 0.116211 0.027344 0.052734
0 0.692383 0.157227 0.064453 0.068359
0 0.838867 0.231445 0.091797 0.154297
0 0.046875 0.187500 0.035156 0.054688
0 0.517578 0.196289 0.039062 0.048828
0 0.923828 0.247070 0.035156 0.064453
0 0.549805 0.282227 0.029297 0.048828
0 0.780273 0.459961 0.052734 0.134766
0 0.012695 0.459961 0.025391 0.037109
0 0.045898 0.565430 0.029297 0.123047
0 0.871094 0.543945 0.046875 0.025391
0 0.986898 0.560547 0.024577 0.046875
0 0.011719 0.656250 0.023438 0.042969
0 0.141602 0.708984 0.037109 0.054688
0 0.798828 0.827148 0.035156 0.033203
0 0.918945 0.922852 0.060547 0.037109
