0 0.503255 0.421129 0.033360 0.060781
0 0.357422 0.074219 0.027344 0.089844
0 0.692383 0.059570 0.044922 0.056641
0 0.794922 0.076172 0.085938 0.089844
0 0.133789 0.110352 0.072266 0.095703
0 0.251953 0.103516 0.062500 0.082031
0 0.547852 0.154297 0.037109 0.062500
0 0.321289 0.139648 0.037109 0.029297
0 0.484375 0.159180 0.027344 0.048828
0 0.280273 0.173828 0.044922 0.031250
0 0.549805 0.281250 0.033203 0.066406
0 0.406250 0.341797 0.058594 0.113281
0 0.042969 0.408203 0.035156 0.066406
0 0.363281 0.447266 0.039062 0.117188
0 0.202148 0.509766 0.029297 0.035156
0 0.360352 0.564453 0.029297 0.078125
0 0.250977 0.594727 0.056641 0.056641
0 0.357422 0.754883 0.031250 0.052734
0 0.079102 0.980722 0.029297 0.035662
0 0.198242 0.980722 0.029297 0.035662
