0 0.487795 0.536179 0.041497 0.065123
0 0.045898 0.090820 0.033203 0.052734
0 0.918945 0.314453 0.087891 0.121094
0 0.766602 0.486328 0.029297 0.039062
0 0.546875 0.544922 0.039062 0.035156
0 0.362305 0.652344 0.044922 0.074219
0 0.222656 0.677734 0.058594 0.058594
0 0.700195 0.700195 0.103516 0.099609
0 0.296875 0.787109 0.039062 0.101562
0 0.765625 0.800781 0.023438 0.105469
0 0.065430 0.794922 0.056641 0.078125
0 0.217773 0.815430 0.056641 0.107422
0 0.592773 0.800781 0.060547 0.078125
0 0.547852 0.871094 0.029297 0.062500
0 0.013672 0.982675 0.027344 0.031756
