0 0.481692 0.633140 0.032547 0.068017
0 0.983968 0.151367 0.030436 0.052734
0 0.290039 0.221680 0.037109 0.048828
0 0.244141 0.281250 0.046875 0.117188
0 0.422852 0.295898 0.017578 0.080078
0 0.094727 0.306641 0.048828 0.062500
0 0.862305 0.383789 0.037109 0.052734
0 0.921875 0.537109 0.031250 0.054688
0 0.192383 0.579102 0.060547 0.091797
0 0.568359 0.598633 0.050781 0.056641
0 0.920898 0.642578 0.033203 0.085938
0 0.348633 0.632812 0.044922 0.046875
0 0.011719 0.635742 0.023438 0.037109
0 0.186523 0.708984 0.064453 0.089844
0 0.436523 0.771484 0.052734 0.070312
0 0.743164 0.844727 0.052734 0.064453
0 0.987874 0.972909 0.022624 0.051287
0 0.451172 0.984628 0.039062 0.027850
