0 0.439382 0.484805 0.056957 0.081042
0 0.608398 0.016602 0.029297 0.033203
0 0.751953 0.056641 0.050781 0.062500
0 0.217773 0.076172 0.056641 0.082031
0 0.561523 0.086914 0.048828 0.072266
0 0.988851 0.090820 0.020671 0.041016
0 0.062500 0.157227 0.050781 0.052734
0 0.449219 0.187500 0.082031 0.066406
0 0.605469 0.221680 0.039062 0.052734
0 0.288086 0.279297 0.048828 0.066406
0 0.177734 0.300781 0.042969 0.082031
0 0.330078 0.376953 0.035156 0.062500
0 0.016602 0.390625 0.033203 0.039062
0 0.302734 0.497070 0.039062 0.060547
0 0.553711 0.535156 0.033203 0.042969
0 0.264648 0.580078 0.033203 0.066406
0 0.922852 0.588867 0.029297 0.056641
0 0.192383 0.578125 0.048828 0.027344
0 0.107422 0.670898 0.031250 0.080078
0 0.045898 0.716797 0.029297 0.062500
0 0.125000 0.770508 0.050781 0.119141
0 0.314453 0.834961 0.050781 0.080078
0 0.252930 0.862305 0.048828 0.076172
0 0.143555 0.918945 0.033203 0.095703
0 0.628906 0.952148 0.054688 0.033203
0 0.250977 0.985605 0.052734 0.025897
