0 0.738405 0.555716 0.031733 0.078148
0 0.626953 0.063477 0.050781 0.048828
0 0.123047 0.108398 0.058594 0.029297
0 0.193359 0.148438 0.054688 0.070312
0 0.421875 0.173828 0.023438 0.089844
0 0.100586 0.174805 0.052734 0.041016
0 0.324219 0.169922 0.035156 0.031250
0 0.454102 0.279297 0.021484 0.070312
0 0.864258 0.328125 0.080078 0.097656
0 0.046875 0.359375 0.039062 0.039062
0 0.081055 0.405273 0.029297 0.052734
0 0.951172 0.453125 0.035156 0.035156
0 0.561523 0.506836 0.048828 0.048828
0 0.799805 0.543945 0.041016 0.037109
0 0.323242 0.575195 0.033203 0.037109
0 0.506836 0.671875 0.068359 0.027344
0 0.348633 0.705078 0.056641 0.042969
0 0.762695 0.798828 0.087891 0.222656
0 0.483398 0.734375 0.033203 0.035156
