0 0.370627 0.484805 0.030106 0.060781
0 0.266602 0.059570 0.076172 0.119141
0 0.330078 0.045898 0.027344 0.091797
0 0.779297 0.079102 0.058594 0.064453
0 0.555664 0.128906 0.060547 0.054688
0 0.171875 0.226562 0.019531 0.066406
0 0.689453 0.231445 0.046875 0.029297
0 0.908203 0.237305 0.046875 0.025391
0 0.895508 0.303711 0.025391 0.060547
0 0.547852 0.330078 0.029297 0.082031
0 0.625977 0.413086 0.041016 0.052734
0 0.127930 0.436523 0.052734 0.060547
0 0.783203 0.440430 0.050781 0.048828
0 0.250977 0.454102 0.052734 0.037109
0 0.332031 0.595703 0.027344 0.058594
0 0.421875 0.628906 0.027344 0.058594
0 0.156250 0.671875 0.050781 0.085938
0 0.941406 0.714844 0.039062 0.101562
0 0.700195 0.774414 0.025391 0.044922
0 0.421875 0.892578 0.031250 0.042969
0 0.151367 0.905273 0.048828 0.056641
0 0.800781 0.953378 0.031250 0.090350
0 0.042969 0.938477 0.035156 0.056641
