0 0.592758 0.243849 0.025224 0.036179
0 0.436523 0.085938 0.056641 0.093750
0 0.322266 0.100586 0.046875 0.060547
0 0.655273 0.139648 0.060547 0.037109
0 0.233398 0.201172 0.033203 0.097656
0 0.651367 0.215820 0.068359 0.060547
0 0.926758 0.204102 0.037109 0.029297
0 0.028320 0.227539 0.056641 0.052734
0 0.108398 0.331055 0.033203 0.080078
0 0.805664 0.365234 0.052734 0.062500
0 0.465820 0.418945 0.048828 0.087891
0 0.235352 0.424805 0.025391 0.091797
0 0.615234 0.438477 0.042969 0.111328
0 0.026367 0.485352 0.052734 0.021484
0 0.423828 0.501953 0.023438 0.050781
0 0.130859 0.549805 0.066406 0.087891
0 0.719727 0.560547 0.044922 0.054688
0 0.578125 0.606445 0.031250 0.060547
0 0.794922 0.704102 0.085938 0.091797
0 0.656250 0.681641 0.050781 0.042969
0 0.654297 0.765625 0.046875 0.027344
