0 0.812449 0.609262 0.026851 0.046310
0 0.125977 0.059570 0.056641 0.056641
0 0.890625 0.097656 0.039062 0.050781
0 0.026367 0.130859 0.052734 0.050781
0 0.531250 0.127930 0.046875 0.044922
0 0.325195 0.161133 0.072266 0.103516
0 0.910156 0.171875 0.058594 0.031250
0 0.811523 0.235352 0.056641 0.091797
0 0.512695 0.249023 0.083984 0.064453
0 0.891602 0.322266 0.068359 0.097656
0 0.577148 0.345703 0.021484 0.042969
0 0.186523 0.472656 0.044922 0.050781
0 0.889648 0.497070 0.025391 0.056641
0 0.041016 0.701172 0.042969 0.031250
0 0.092773 0.793945 0.056641 0.087891
0 0.162109 0.893555 0.046875 0.044922
0 0.890625 0.975839 0.027344 0.045428
