0 0.799430 0.459479 0.057771 0.102750
0 0.663086 0.021484 0.044922 0.042969
0 0.467773 0.096680 0.052734 0.115234
0 0.512695 0.164062 0.080078 0.113281
0 0.455078 0.307617 0.027344 0.107422
0 0.672852 0.326172 0.029297 0.035156
0 0.533203 0.463867 0.046875 0.064453
0 0.953125 0.502930 0.027344 0.056641
0 0.110352 0.512695 0.029297 0.037109
0 0.576172 0.614258 0.027344 0.041016
0 0.121094 0.671875 0.058594 0.140625
0 0.594727 0.655273 0.044922 0.044922
0 0.014648 0.708008 0.029297 0.041016
0 0.693359 0.793945 0.058594 0.103516
0 0.281250 0.799805 0.054688 0.087891
0 0.950195 0.786133 0.029297 0.048828
0 0.593750 0.809570 0.046875 0.056641
0 0.579102 0.935547 0.025391 0.058594
0 0.843750 0.971933 0.046875 0.053240
