0 0.553702 0.571635 0.069162 0.109986
0 0.881836 0.049805 0.048828 0.029297
0 0.361328 0.077148 0.035156 0.029297
0 0.578125 0.137695 0.082031 0.083984
0 0.385742 0.226562 0.037109 0.054688
0 0.513672 0.249023 0.031250 0.056641
0 0.313477 0.289062 0.052734 0.050781
0 0.013672 0.314453 0.027344 0.050781
0 0.580078 0.335938 0.023438 0.054688
0 0.405273 0.404297 0.044922 0.054688
0 0.812500 0.437500 0.050781 0.054688
0 0.011719 0.450195 0.023438 0.072266
0 0.955078 0.506836 0.042969 0.052734
0 0.762695 0.528320 0.025391 0.048828
0 0.751953 0.607422 0.050781 0.042969
0 0.189453 0.763672 0.058594 0.093750
0 0.766602 0.737305 0.029297 0.041016
0 0.411133 0.903320 0.048828 0.052734
0 0.607422 0.924805 0.031250 0.083984
0 0.250977 0.931641 0.048828 0.054688
0 0.012695 0.941406 0.025391 0.058594
0 0.934570 0.947266 0.056641 0.050781
0 0.174805 0.975839 0.029297 0.045428
0 0.077148 0.983651 0.029297 0.029803
