0 0.639138 0.423300 0.018714 0.036179
0 0.324219 0.050781 0.039062 0.050781
0 0.871094 0.071289 0.054688 0.064453
0 0.385742 0.091797 0.041016 0.066406
0 0.483398 0.096680 0.044922 0.056641
0 0.936523 0.142578 0.056641 0.085938
0 0.514648 0.184570 0.025391 0.044922
0 0.984945 0.244141 0.028483 0.054688
0 0.546875 0.255859 0.019531 0.058594
0 0.878906 0.363281 0.058594 0.089844
0 0.787109 0.612305 0.046875 0.087891
0 0.860352 0.691406 0.029297 0.046875
0 0.124023 0.757812 0.060547 0.058594
0 0.629883 0.831055 0.048828 0.076172
0 0.266602 0.833984 0.021484 0.054688
0 0.235352 0.914062 0.017578 0.066406
0 0.449219 0.938730 0.078125 0.119647
0 0.829102 0.903320 0.021484 0.048828
0 0.604492 0.985605 0.033203 0.025897
