0 0.580960 0.542692 0.039056 0.078148
0 0.396484 0.091797 0.074219 0.070312
0 0.656250 0.103516 0.054688 0.082031
0 0.261719 0.119141 0.023438 0.050781
0 0.531250 0.160156 0.050781 0.054688
0 0.449219 0.192383 0.035156 0.056641
0 0.825195 0.246094 0.025391 0.050781
0 0.905273 0.296875 0.048828 0.082031
0 0.276367 0.270508 0.056641 0.025391
0 0.739258 0.350586 0.037109 0.048828
0 0.546875 0.383789 0.027344 0.076172
0 0.731445 0.523438 0.029297 0.039062
0 0.686523 0.530273 0.041016 0.044922
0 0.842773 0.605469 0.052734 0.085938
0 0.075195 0.606445 0.033203 0.076172
0 0.120117 0.755859 0.044922 0.070312
0 0.377930 0.773438 0.044922 0.085938
0 0.250977 0.809570 0.052734 0.064453
0 0.455078 0.867188 0.031250 0.062500
0 0.951172 0.907227 0.035156 0.048828
