0 0.727421 0.787265 0.021155 0.049204
0 0.458008 0.082031 0.041016 0.035156
0 0.457031 0.150391 0.027344 0.054688
0 0.796875 0.167969 0.019531 0.050781
0 0.223633 0.172852 0.048828 0.021484
0 0.109375 0.220703 0.078125 0.054688
0 0.768555 0.254883 0.017578 0.048828
0 0.407227 0.354492 0.048828 0.103516
0 0.785156 0.329102 0.054688 0.029297
0 0.972249 0.337891 0.053874 0.050781
0 0.090820 0.633789 0.064453 0.107422
0 0.815430 0.668945 0.060547 0.087891
0 0.327148 0.691406 0.017578 0.054688
0 0.557617 0.751953 0.052734 0.117188
0 0.607422 0.752930 0.019531 0.052734
0 0.576172 0.858398 0.023438 0.068359
0 0.347656 0.857422 0.050781 0.035156
0 0.655273 0.932617 0.048828 0.064453
0 0.453125 0.985605 0.066406 0.025897
