0 0.609845 0.829957 0.051261 0.105644
0 0.045898 0.090820 0.025391 0.044922
0 0.410156 0.136719 0.050781 0.042969
0 0.344727 0.226562 0.060547 0.062500
0 0.025391 0.250977 0.050781 0.044922
0 0.291992 0.304688 0.029297 0.042969
0 0.283203 0.343750 0.050781 0.054688
0 0.446289 0.356445 0.044922 0.037109
0 0.295898 0.440430 0.025391 0.072266
0 0.486328 0.464844 0.027344 0.046875
0 0.500977 0.542969 0.052734 0.089844
0 0.814453 0.625000 0.054688 0.101562
0 0.609375 0.624023 0.023438 0.052734
0 0.111328 0.757812 0.039062 0.093750
0 0.775391 0.829102 0.046875 0.083984
0 0.234375 0.847656 0.023438 0.089844
0 0.954102 0.828125 0.037109 0.042969
0 0.088867 0.876953 0.048828 0.121094
0 0.471680 0.893555 0.052734 0.083984
0 0.812500 0.918945 0.046875 0.025391
0 0.703125 0.952148 0.031250 0.044922
0 0.864258 0.955078 0.041016 0.031250
0 0.232422 0.972909 0.015625 0.051287
