0 0.605777 0.569465 0.023596 0.044863
0 0.298828 0.022461 0.023438 0.044922
0 0.439453 0.029297 0.058594 0.058594
0 0.796875 0.065430 0.074219 0.064453
0 0.609375 0.120117 0.066406 0.052734
0 0.936523 0.184570 0.056641 0.056641
0 0.590820 0.235352 0.048828 0.083984
0 0.012695 0.250977 0.025391 0.044922
0 0.761719 0.281250 0.042969 0.062500
0 0.661133 0.311523 0.048828 0.095703
0 0.077148 0.317383 0.033203 0.060547
0 0.422852 0.329102 0.033203 0.041016
0 0.360352 0.385742 0.025391 0.052734
0 0.958008 0.408203 0.041016 0.058594
0 0.754883 0.483398 0.052734 0.033203
0 0.757812 0.576172 0.046875 0.031250
0 0.893555 0.607422 0.037109 0.031250
0 0.044922 0.631836 0.031250 0.064453
0 0.918945 0.660156 0.029297 0.066406
0 0.572266 0.810547 0.031250 0.062500
0 0.047852 0.843750 0.025391 0.050781
0 0.123047 0.938477 0.058594 0.072266
