0 0.279089 0.267004 0.055330 0.094067
0 0.540039 0.013672 0.037109 0.027344
0 0.851562 0.020508 0.046875 0.041016
0 0.078125 0.054688 0.027344 0.042969
0 0.670898 0.063477 0.029297 0.052734
0 0.142578 0.095703 0.023438 0.054688
0 0.045898 0.116211 0.025391 0.064453
0 0.621094 0.143555 0.050781 0.052734
0 0.772461 0.213867 0.041016 0.064453
0 0.685547 0.220703 0.054688 0.058594
0 0.012695 0.313477 0.025391 0.060547
0 0.081055 0.378906 0.029297 0.109375
0 0.066406 0.504883 0.050781 0.068359
0 0.675781 0.561523 0.027344 0.056641
0 0.797852 0.616211 0.029297 0.037109
0 0.810547 0.659180 0.046875 0.052734
0 0.082031 0.693359 0.035156 0.078125
0 0.201172 0.752930 0.019531 0.091797
0 0.874023 0.737305 0.044922 0.021484
0 0.832031 0.762695 0.035156 0.029297
0 0.877930 0.792969 0.044922 0.027344
0 0.594727 0.899414 0.048828 0.048828
0 0.560547 0.970956 0.046875 0.055193
0 0.670898 0.982675 0.029297 0.031756
