0 0.747356 0.472504 0.041497 0.076700
0 0.405273 0.069336 0.060547 0.068359
0 0.012695 0.134766 0.025391 0.054688
0 0.858398 0.156250 0.033203 0.070312
0 0.472656 0.177734 0.058594 0.085938
0 0.800781 0.206055 0.035156 0.064453
0 0.360352 0.217773 0.021484 0.052734
0 0.133789 0.250977 0.044922 0.068359
0 0.111328 0.373047 0.093750 0.058594
0 0.221680 0.562500 0.044922 0.054688
0 0.924805 0.637695 0.037109 0.091797
0 0.455078 0.644531 0.019531 0.085938
0 0.587891 0.806641 0.042969 0.050781
0 0.899414 0.834961 0.048828 0.087891
0 0.327148 0.908203 0.037109 0.054688
0 0.766602 0.940430 0.041016 0.080078
0 0.435547 0.967050 0.046875 0.063006
