0 0.788853 0.667149 0.026851 0.049204
0 0.359375 0.058594 0.031250 0.054688
0 0.045898 0.075195 0.029297 0.037109
0 0.799805 0.172852 0.068359 0.095703
0 0.292969 0.176758 0.035156 0.048828
0 0.301758 0.249023 0.076172 0.060547
0 0.531250 0.277344 0.046875 0.062500
0 0.217773 0.389648 0.048828 0.021484
0 0.189453 0.500977 0.050781 0.111328
0 0.937500 0.631836 0.054688 0.103516
0 0.608398 0.749023 0.021484 0.060547
0 0.127930 0.764648 0.048828 0.076172
0 0.809570 0.829102 0.052734 0.146484
0 0.262695 0.806641 0.029297 0.042969
0 0.934570 0.828125 0.048828 0.082031
0 0.248047 0.931641 0.046875 0.050781
0 0.905273 0.920898 0.052734 0.029297
0 0.012695 0.973886 0.025391 0.049334
