0 0.506509 0.511577 0.057771 0.114327
0 0.427734 0.014648 0.039062 0.029297
0 0.344727 0.083984 0.048828 0.078125
0 0.092773 0.181641 0.064453 0.066406
0 0.501953 0.233398 0.050781 0.080078
0 0.612305 0.243164 0.033203 0.087891
0 0.810547 0.375000 0.058594 0.066406
0 0.217773 0.419922 0.048828 0.023438
0 0.140625 0.637695 0.031250 0.037109
0 0.263672 0.660156 0.019531 0.050781
0 0.750000 0.704102 0.054688 0.115234
0 0.639648 0.713867 0.025391 0.044922
0 0.907227 0.721680 0.056641 0.056641
0 0.144531 0.782227 0.039062 0.068359
0 0.920898 0.792969 0.029297 0.035156
0 0.685547 0.839844 0.054688 0.054688
0 0.206055 0.874023 0.080078 0.060547
0 0.864258 0.923828 0.033203 0.093750
0 0.485352 0.947266 0.033203 0.046875
0 0.285156 0.972909 0.050781 0.051287
