0 0.478438 0.746020 0.040683 0.073806
0 0.237305 0.024414 0.025391 0.048828
0 0.704102 0.018555 0.025391 0.037109
0 0.578125 0.063477 0.031250 0.056641
0 0.249023 0.122070 0.048828 0.056641
0 0.512695 0.125000 0.025391 0.062500
0 0.954102 0.140625 0.037109 0.042969
0 0.111328 0.140625 0.035156 0.031250
0 0.699219 0.185547 0.031250 0.046875
0 0.295898 0.185547 0.029297 0.042969
0 0.829102 0.202148 0.017578 0.076172
0 0.626953 0.208008 0.058594 0.076172
0 0.736328 0.280273 0.035156 0.068359
0 0.142578 0.310547 0.023438 0.054688
0 0.808594 0.374023 0.050781 0.048828
0 0.886719 0.407227 0.031250 0.119141
0 0.736328 0.459961 0.035156 0.048828
0 0.955078 0.532227 0.023438 0.044922
0 0.825195 0.588867 0.033203 0.048828
0 0.862305 0.655273 0.029297 0.052734
0 0.045898 0.662109 0.029297 0.050781
0 0.734375 0.724609 0.031250 0.062500
0 0.882812 0.750977 0.058594 0.052734
0 0.660156 0.779297 0.046875 0.066406
0 0.552734 0.805664 0.039062 0.052734
