0 0.567535 0.544863 0.056143 0.082489
0 0.285156 0.123047 0.054688 0.105469
0 0.782227 0.150391 0.052734 0.058594
0 0.700195 0.170898 0.033203 0.037109
0 0.629883 0.174805 0.052734 0.025391
0 0.934570 0.212891 0.048828 0.105469
0 0.471680 0.188477 0.052734 0.048828
0 0.125977 0.235352 0.056641 0.072266
0 0.334961 0.230469 0.044922 0.042969
0 0.656250 0.326172 0.058594 0.050781
0 0.421875 0.328125 0.031250 0.039062
0 0.359375 0.376953 0.031250 0.058594
0 0.295898 0.396484 0.033203 0.042969
0 0.704102 0.458008 0.029297 0.048828
0 0.983968 0.484375 0.030436 0.039062
0 0.106445 0.500000 0.037109 0.062500
0 0.233398 0.539062 0.033203 0.058594
0 0.464844 0.565430 0.050781 0.103516
0 0.984945 0.593750 0.028483 0.058594
0 0.762695 0.641602 0.068359 0.029297
0 0.234375 0.660156 0.027344 0.058594
0 0.580078 0.812500 0.031250 0.113281
0 0.481445 0.840820 0.072266 0.052734
0 0.972249 0.827148 0.053874 0.017578
