0 0.455655 0.610709 0.026037 0.049204
0 0.621094 0.012695 0.046875 0.025391
0 0.678711 0.057617 0.041016 0.052734
0 0.224609 0.086914 0.046875 0.044922
0 0.734375 0.128906 0.035156 0.062500
0 0.014648 0.138672 0.029297 0.031250
0 0.629883 0.154297 0.048828 0.058594
0 0.193359 0.308594 0.046875 0.058594
0 0.388672 0.311523 0.023438 0.056641
0 0.761719 0.326172 0.046875 0.039062
0 0.010742 0.391602 0.021484 0.072266
0 0.108398 0.425781 0.029297 0.089844
0 0.516602 0.409180 0.029297 0.052734
0 0.735352 0.435547 0.087891 0.062500
0 0.607422 0.487305 0.039062 0.087891
0 0.415039 0.489258 0.041016 0.029297
0 0.527344 0.609375 0.054688 0.082031
0 0.807617 0.808594 0.060547 0.167969
0 0.385742 0.906250 0.037109 0.054688
0 0.545898 0.962167 0.017578 0.072772
0 0.234375 0.966073 0.031250 0.064959
