0 0.362897 0.789436 0.073230 0.137482
0 0.362305 0.016602 0.029297 0.033203
0 0.311523 0.155273 0.060547 0.056641
0 0.709961 0.203125 0.095703 0.019531
0 0.110352 0.260742 0.029297 0.041016
0 0.186523 0.377930 0.068359 0.095703
0 0.807617 0.589844 0.052734 0.062500
0 0.985921 0.603516 0.026530 0.070312
0 0.266602 0.644531 0.076172 0.082031
0 0.441406 0.706055 0.042969 0.025391
0 0.248047 0.733398 0.066406 0.029297
0 0.382812 0.746094 0.082031 0.050781
0 0.935547 0.937500 0.062500 0.066406
0 0.514648 0.937500 0.033203 0.062500
0 0.821289 0.978769 0.064453 0.039568
0 0.106445 0.980722 0.025391 0.035662
