0 0.435313 0.636035 0.030919 0.053546
0 0.628906 0.075195 0.054688 0.083984
0 0.461914 0.092773 0.048828 0.056641
0 0.574219 0.157227 0.023438 0.048828
0 0.686523 0.260742 0.060547 0.080078
0 0.438477 0.370117 0.048828 0.099609
0 0.300781 0.362305 0.031250 0.037109
0 0.695312 0.430664 0.109375 0.115234
0 0.314453 0.451172 0.058594 0.085938
0 0.079102 0.513672 0.021484 0.070312
0 0.126953 0.625000 0.042969 0.042969
0 0.809570 0.626953 0.048828 0.050781
0 0.254883 0.671875 0.044922 0.027344
0 0.563477 0.932617 0.064453 0.068359
0 0.276367 0.942383 0.052734 0.052734
