0 0.397884 0.782200 0.045566 0.076700
0 0.666992 0.062500 0.060547 0.066406
0 0.578125 0.073242 0.031250 0.083984
0 0.306641 0.079102 0.062500 0.076172
0 0.531250 0.136719 0.046875 0.031250
0 0.419922 0.285156 0.078125 0.113281
0 0.263672 0.268555 0.035156 0.041016
0 0.637695 0.306641 0.033203 0.062500
0 0.228516 0.590820 0.042969 0.068359
0 0.044922 0.702148 0.039062 0.041016
0 0.169922 0.729492 0.039062 0.083984
0 0.387695 0.747070 0.025391 0.056641
0 0.627930 0.749023 0.056641 0.056641
0 0.418945 0.785156 0.029297 0.046875
0 0.309570 0.841797 0.048828 0.105469
0 0.811523 0.849609 0.056641 0.113281
0 0.418945 0.901367 0.033203 0.076172
0 0.892578 0.938477 0.027344 0.056641
0 0.262695 0.953125 0.033203 0.035156
0 0.329102 0.966073 0.021484 0.064959
0 0.562500 0.974862 0.054688 0.047381
