0 0.415785 0.699711 0.043938 0.079595
0 0.327148 0.046875 0.033203 0.031250
0 0.970296 0.074219 0.057780 0.042969
0 0.826172 0.089844 0.027344 0.062500
0 0.768555 0.100586 0.029297 0.044922
0 0.234375 0.108398 0.035156 0.033203
0 0.352539 0.107422 0.033203 0.031250
0 0.749023 0.202148 0.052734 0.083984
0 0.383789 0.268555 0.037109 0.037109
0 0.290039 0.363281 0.044922 0.058594
0 0.873047 0.406250 0.050781 0.109375
0 0.264648 0.422852 0.029297 0.037109
0 0.139648 0.476562 0.021484 0.089844
0 0.375000 0.590820 0.042969 0.048828
0 0.077148 0.635742 0.033203 0.044922
0 0.902344 0.687500 0.050781 0.058594
0 0.985921 0.687500 0.026530 0.054688
0 0.292969 0.708008 0.039062 0.064453
0 0.129883 0.767578 0.048828 0.078125
0 0.985921 0.843750 0.026530 0.046875
0 0.953125 0.942383 0.023438 0.048828
