0 0.495932 0.463097 0.044752 0.078148
0 0.402344 0.012695 0.046875 0.025391
0 0.748047 0.052734 0.046875 0.062500
0 0.843750 0.060547 0.046875 0.054688
0 0.920898 0.168945 0.021484 0.072266
0 0.093750 0.187500 0.050781 0.050781
0 0.245117 0.242188 0.052734 0.054688
0 0.608398 0.303711 0.037109 0.091797
0 0.796875 0.286133 0.015625 0.052734
0 0.422852 0.347656 0.021484 0.054688
0 0.171875 0.388672 0.027344 0.042969
0 0.687500 0.455078 0.050781 0.023438
0 0.883789 0.493164 0.041016 0.056641
0 0.309570 0.495117 0.044922 0.048828
0 0.403320 0.630859 0.044922 0.054688
0 0.279297 0.771484 0.050781 0.031250
0 0.428711 0.861328 0.041016 0.078125
0 0.280273 0.870117 0.048828 0.060547
0 0.936523 0.906250 0.056641 0.117188
0 0.125977 0.918945 0.048828 0.025391
0 0.203125 0.945312 0.027344 0.046875
0 0.653320 0.983651 0.056641 0.029803
