0 0.477624 0.714182 0.047193 0.070912
0 0.298828 0.026367 0.019531 0.052734
0 0.636719 0.030273 0.042969 0.060547
0 0.861328 0.068359 0.023438 0.136719
0 0.231445 0.055664 0.033203 0.064453
0 0.387695 0.060547 0.029297 0.046875
0 0.134766 0.090820 0.035156 0.048828
0 0.423828 0.111328 0.035156 0.035156
0 0.558594 0.124023 0.050781 0.056641
0 0.642578 0.121094 0.031250 0.050781
0 0.533203 0.176758 0.058594 0.080078
0 0.346680 0.203125 0.056641 0.082031
0 0.673828 0.222656 0.039062 0.066406
0 0.577148 0.308594 0.037109 0.066406
0 0.299805 0.324219 0.037109 0.035156
0 0.268555 0.417969 0.033203 0.035156
0 0.680664 0.498047 0.052734 0.121094
0 0.827148 0.482422 0.037109 0.050781
0 0.762695 0.561523 0.029297 0.048828
0 0.111328 0.622070 0.023438 0.060547
0 0.171875 0.618164 0.019531 0.056641
0 0.280273 0.713867 0.048828 0.087891
