0 0.554516 0.601302 0.018714 0.039074
0 0.203125 0.017578 0.027344 0.035156
0 0.252930 0.129883 0.052734 0.048828
0 0.706055 0.189453 0.037109 0.054688
0 0.891602 0.193359 0.033203 0.050781
0 0.099609 0.256836 0.078125 0.119141
0 0.450195 0.250000 0.025391 0.054688
0 0.800781 0.272461 0.066406 0.095703
0 0.730469 0.276367 0.035156 0.060547
0 0.671875 0.380859 0.031250 0.062500
0 0.171875 0.389648 0.031250 0.033203
0 0.348633 0.486328 0.041016 0.027344
0 0.323242 0.808594 0.080078 0.183594
0 0.859375 0.795898 0.042969 0.041016
0 0.502930 0.799805 0.048828 0.033203
0 0.263672 0.946289 0.031250 0.044922
0 0.047852 0.969003 0.025391 0.059100
