0 0.551668 0.374096 0.029292 0.044863
0 0.607422 0.047852 0.039062 0.037109
0 0.593750 0.156250 0.046875 0.050781
0 0.868164 0.191406 0.056641 0.097656
0 0.152344 0.187500 0.042969 0.054688
0 0.377930 0.237305 0.052734 0.091797
0 0.537109 0.250977 0.046875 0.064453
0 0.678711 0.328125 0.037109 0.031250
0 0.907227 0.403320 0.060547 0.060547
0 0.062500 0.609375 0.050781 0.039062
0 0.786133 0.653320 0.048828 0.052734
0 0.339844 0.695312 0.042969 0.039062
0 0.093750 0.765625 0.058594 0.082031
0 0.816406 0.805664 0.062500 0.158203
0 0.296875 0.838867 0.027344 0.052734
0 0.225586 0.983651 0.056641 0.029803
0 0.125977 0.985605 0.052734 0.025897
