0 0.485761 0.471780 0.021155 0.037627
0 0.719727 0.244141 0.056641 0.128906
0 0.284180 0.237305 0.041016 0.033203
0 0.638672 0.265625 0.031250 0.035156
0 0.877930 0.296875 0.048828 0.085938
0 0.795898 0.302734 0.029297 0.039062
0 0.171875 0.324219 0.031250 0.070312
0 0.292969 0.325195 0.031250 0.041016
0 0.669922 0.360352 0.031250 0.033203
0 0.246094 0.420898 0.054688 0.080078
0 0.831055 0.478516 0.029297 0.039062
0 0.310547 0.542969 0.046875 0.140625
0 0.986898 0.501953 0.024577 0.054688
0 0.670898 0.582031 0.037109 0.046875
0 0.798828 0.669922 0.035156 0.089844
0 0.389648 0.827148 0.037109 0.091797
0 0.123047 0.918945 0.050781 0.087891
0 0.404297 0.968026 0.054688 0.061053
0 0.580078 0.981698 0.035156 0.033709
