0 0.458503 0.591896 0.036615 0.083936
0 0.881836 0.089844 0.052734 0.070312
0 0.735352 0.133789 0.033203 0.048828
0 0.547852 0.166992 0.029297 0.080078
0 0.680664 0.292969 0.041016 0.078125
0 0.576172 0.312500 0.035156 0.070312
0 0.731445 0.312500 0.029297 0.058594
0 0.812500 0.345703 0.050781 0.058594
0 0.094727 0.374023 0.052734 0.052734
0 0.125000 0.500977 0.054688 0.060547
0 0.385742 0.531250 0.033203 0.074219
0 0.257812 0.548828 0.039062 0.082031
0 0.264648 0.676758 0.013672 0.080078
0 0.888672 0.819336 0.035156 0.064453
0 0.132812 0.822266 0.039062 0.035156
0 0.291992 0.873047 0.037109 0.125000
0 0.613281 0.840820 0.031250 0.060547
0 0.721680 0.891602 0.044922 0.130859
0 0.669922 0.905273 0.023438 0.056641
0 0.610352 0.959237 0.025391 0.078631
0 0.151367 0.969003 0.056641 0.059100
0 0.403320 0.971933 0.048828 0.053240
