0 0.483727 0.835022 0.064280 0.078148
0 0.380859 0.055664 0.054688 0.052734
0 0.533203 0.123047 0.066406 0.074219
0 0.791992 0.154297 0.033203 0.109375
0 0.327148 0.211914 0.041016 0.052734
0 0.833008 0.311523 0.029297 0.189453
0 0.607422 0.341797 0.019531 0.046875
0 0.827148 0.456055 0.025391 0.056641
0 0.534180 0.461914 0.052734 0.056641
0 0.577148 0.535156 0.080078 0.054688
0 0.121094 0.623047 0.042969 0.042969
0 0.869141 0.647461 0.039062 0.037109
0 0.861328 0.750977 0.023438 0.056641
0 0.919922 0.817383 0.023438 0.060547
0 0.811523 0.834961 0.056641 0.052734
0 0.424805 0.937500 0.033203 0.058594
