0 0.379577 0.319103 0.034988 0.059334
0 0.237305 0.094727 0.091797 0.103516
0 0.531250 0.067383 0.042969 0.044922
0 0.741211 0.089844 0.044922 0.070312
0 0.610352 0.093750 0.033203 0.062500
0 0.314453 0.178711 0.058594 0.080078
0 0.123047 0.171875 0.050781 0.023438
0 0.226562 0.206055 0.046875 0.025391
0 0.900391 0.254883 0.050781 0.060547
0 0.169922 0.323242 0.031250 0.033203
0 0.729492 0.357422 0.052734 0.089844
0 0.610352 0.364258 0.017578 0.087891
0 0.789062 0.435547 0.050781 0.070312
0 0.891602 0.501953 0.025391 0.054688
0 0.406250 0.643555 0.050781 0.048828
0 0.683594 0.703125 0.054688 0.109375
0 0.462891 0.805664 0.050781 0.087891
