0 0.544345 0.607815 0.024410 0.043415
0 0.785156 0.011719 0.042969 0.023438
0 0.713867 0.056641 0.044922 0.062500
0 0.270508 0.095703 0.033203 0.046875
0 0.435547 0.117188 0.054688 0.070312
0 0.953125 0.129883 0.031250 0.048828
0 0.171875 0.139648 0.039062 0.033203
0 0.353516 0.150391 0.035156 0.058594
0 0.204102 0.194336 0.021484 0.068359
0 0.310547 0.252930 0.050781 0.056641
0 0.813477 0.294922 0.052734 0.082031
0 0.073242 0.340820 0.033203 0.056641
0 0.768555 0.374023 0.029297 0.052734
0 0.293945 0.396484 0.041016 0.046875
0 0.157227 0.422852 0.064453 0.087891
0 0.737305 0.484375 0.033203 0.035156
0 0.339844 0.514648 0.050781 0.076172
0 0.903320 0.523438 0.052734 0.042969
0 0.107422 0.565430 0.035156 0.060547
0 0.891602 0.643555 0.033203 0.052734
0 0.125000 0.660156 0.046875 0.042969
0 0.316406 0.680664 0.050781 0.056641
0 0.716797 0.675781 0.042969 0.027344
0 0.406250 0.857422 0.046875 0.085938
0 0.935547 0.915039 0.054688 0.080078
0 0.704102 0.920898 0.033203 0.072266
