0 0.743694 0.439219 0.021155 0.041968
0 0.250977 0.122070 0.060547 0.068359
0 0.264648 0.294922 0.033203 0.039062
0 0.091797 0.326172 0.050781 0.039062
0 0.642578 0.369141 0.039062 0.066406
0 0.249023 0.400391 0.044922 0.054688
0 0.800781 0.439453 0.039062 0.074219
0 0.048828 0.469727 0.031250 0.056641
0 0.987874 0.500977 0.022624 0.052734
0 0.815430 0.541992 0.056641 0.103516
0 0.111328 0.588867 0.093750 0.080078
0 0.217773 0.717773 0.056641 0.068359
0 0.391602 0.712891 0.021484 0.054688
0 0.716797 0.735352 0.046875 0.080078
0 0.444336 0.748047 0.060547 0.058594
0 0.607422 0.799805 0.027344 0.150391
0 0.189453 0.819336 0.046875 0.068359
0 0.391602 0.817383 0.025391 0.044922
0 0.454102 0.916992 0.021484 0.072266
0 0.640625 0.933594 0.023438 0.062500
0 0.867188 0.981698 0.058594 0.033709
