0 0.517494 0.468162 0.039056 0.079595
0 0.280273 0.078125 0.056641 0.085938
0 0.855469 0.117188 0.035156 0.042969
0 0.140625 0.264648 0.031250 0.033203
0 0.829102 0.313477 0.083984 0.103516
0 0.158203 0.379883 0.046875 0.044922
0 0.300781 0.390625 0.039062 0.031250
0 0.067383 0.449219 0.056641 0.046875
0 0.128906 0.539062 0.050781 0.085938
0 0.252930 0.604492 0.052734 0.087891
0 0.356445 0.606445 0.033203 0.068359
0 0.690430 0.688477 0.060547 0.060547
0 0.747070 0.831055 0.048828 0.099609
0 0.388672 0.813477 0.023438 0.041016
0 0.340820 0.857422 0.056641 0.042969
0 0.465820 0.923105 0.048828 0.150897
0 0.235352 0.877930 0.029297 0.052734
0 0.077148 0.976815 0.021484 0.043475
