0 0.503662 0.450796 0.026037 0.053546
0 0.806641 0.094727 0.042969 0.064453
0 0.656250 0.285156 0.054688 0.058594
0 0.065430 0.440430 0.048828 0.064453
0 0.362305 0.472656 0.025391 0.082031
0 0.762695 0.513672 0.041016 0.031250
0 0.093750 0.543945 0.046875 0.025391
0 0.705078 0.565430 0.070312 0.056641
0 0.511719 0.592773 0.074219 0.052734
0 0.749023 0.681641 0.044922 0.046875
0 0.265625 0.747070 0.039062 0.068359
0 0.842773 0.803711 0.060547 0.138672
0 0.520508 0.777344 0.041016 0.066406
0 0.372070 0.861328 0.044922 0.074219
0 0.484375 0.861328 0.035156 0.062500
0 0.710938 0.916016 0.054688 0.101562
0 0.422852 0.941659 0.087891 0.113787
0 0.207031 0.935547 0.093750 0.062500
