0 0.325468 0.289436 0.035801 0.052098
0 0.721680 0.013672 0.044922 0.027344
0 0.848633 0.022461 0.048828 0.044922
0 0.365234 0.041992 0.031250 0.041016
0 0.202148 0.062500 0.025391 0.050781
0 0.726562 0.076172 0.042969 0.027344
0 0.781250 0.101562 0.066406 0.054688
0 0.236328 0.108398 0.039062 0.037109
0 0.436523 0.155273 0.044922 0.044922
0 0.909180 0.283203 0.056641 0.066406
0 0.543945 0.295898 0.021484 0.080078
0 0.986898 0.296875 0.024577 0.035156
0 0.797852 0.337891 0.037109 0.058594
0 0.986898 0.430664 0.024577 0.052734
0 0.249023 0.525391 0.052734 0.050781
0 0.845703 0.601562 0.058594 0.089844
0 0.241211 0.623047 0.068359 0.058594
0 0.453125 0.653320 0.031250 0.052734
0 0.911133 0.661133 0.044922 0.041016
0 0.097656 0.703125 0.054688 0.031250
0 0.843750 0.858398 0.062500 0.107422
0 0.173828 0.934570 0.019531 0.064453
0 0.096680 0.951172 0.056641 0.039062
