0 0.428804 0.489870 0.026037 0.047757
0 0.765625 0.029297 0.027344 0.058594
0 0.514648 0.061523 0.021484 0.052734
0 0.357422 0.131836 0.023438 0.064453
0 0.904297 0.152344 0.054688 0.058594
0 0.341797 0.215820 0.058594 0.072266
0 0.613281 0.219727 0.035156 0.052734
0 0.857422 0.234375 0.070312 0.070312
0 0.956055 0.269531 0.037109 0.062500
0 0.167969 0.328125 0.035156 0.089844
0 0.473633 0.309570 0.052734 0.056641
0 0.580078 0.338867 0.027344 0.044922
0 0.290039 0.387695 0.044922 0.103516
0 0.856445 0.389648 0.033203 0.044922
0 0.453125 0.395508 0.027344 0.037109
0 0.138672 0.457031 0.031250 0.039062
0 0.091797 0.550781 0.050781 0.039062
0 0.266602 0.570312 0.033203 0.062500
0 0.095703 0.655273 0.042969 0.044922
0 0.897461 0.729492 0.037109 0.033203
0 0.515625 0.737305 0.031250 0.044922
0 0.950195 0.827148 0.037109 0.060547
0 0.830078 0.939453 0.023438 0.046875
