0 0.411717 0.623734 0.084622 0.156295
0 0.657227 0.064453 0.052734 0.058594
0 0.254883 0.075195 0.060547 0.056641
0 0.755859 0.093750 0.046875 0.058594
0 0.098633 0.105469 0.048828 0.035156
0 0.599609 0.129883 0.046875 0.060547
0 0.716797 0.189453 0.050781 0.109375
0 0.877930 0.171875 0.052734 0.039062
0 0.289062 0.216797 0.046875 0.058594
0 0.101562 0.251953 0.050781 0.117188
0 0.924805 0.234375 0.029297 0.035156
0 0.625000 0.257812 0.050781 0.058594
0 0.063477 0.422852 0.044922 0.087891
0 0.903320 0.516602 0.044922 0.025391
0 0.892578 0.588867 0.031250 0.064453
0 0.406250 0.577148 0.042969 0.025391
0 0.750977 0.645508 0.056641 0.083984
0 0.454102 0.668945 0.013672 0.080078
0 0.918945 0.733398 0.033203 0.087891
0 0.128906 0.730469 0.046875 0.031250
0 0.169922 0.787109 0.039062 0.058594
0 0.829102 0.839844 0.083984 0.062500
