0 0.578519 0.561505 0.032547 0.066570
0 0.808594 0.102539 0.062500 0.119141
0 0.760742 0.085938 0.029297 0.078125
0 0.266602 0.125977 0.025391 0.052734
0 0.503906 0.191406 0.050781 0.066406
0 0.734375 0.263672 0.019531 0.062500
0 0.077148 0.316406 0.021484 0.046875
0 0.233398 0.352539 0.025391 0.041016
0 0.583984 0.370117 0.035156 0.064453
0 0.859375 0.440430 0.031250 0.048828
0 0.833984 0.591797 0.082031 0.164062
0 0.953125 0.626953 0.031250 0.058594
0 0.735352 0.652344 0.013672 0.066406
0 0.295898 0.685547 0.021484 0.054688
0 0.782227 0.791016 0.048828 0.078125
0 0.958008 0.857422 0.041016 0.093750
0 0.821289 0.852539 0.041016 0.048828
