0 0.418226 0.451520 0.037429 0.069465
0 0.641602 0.015625 0.041016 0.031250
0 0.782227 0.026367 0.048828 0.052734
0 0.149414 0.049805 0.064453 0.033203
0 0.374023 0.079102 0.056641 0.083984
0 0.075195 0.145508 0.033203 0.080078
0 0.843750 0.152344 0.050781 0.058594
0 0.265625 0.191406 0.035156 0.066406
0 0.954102 0.215820 0.033203 0.060547
0 0.166016 0.220703 0.035156 0.054688
0 0.166992 0.329102 0.033203 0.083984
0 0.080078 0.324219 0.031250 0.050781
0 0.750000 0.482422 0.054688 0.085938
0 0.326172 0.469727 0.019531 0.056641
0 0.110352 0.500000 0.029297 0.062500
0 0.113281 0.604492 0.035156 0.095703
0 0.232422 0.600586 0.023438 0.052734
0 0.765625 0.599609 0.031250 0.050781
0 0.548828 0.778320 0.023438 0.052734
0 0.013672 0.831055 0.027344 0.068359
0 0.695312 0.947519 0.046875 0.102068
0 0.801758 0.950195 0.041016 0.041016
