0 0.381204 0.484805 0.028478 0.069465
0 0.126953 0.067383 0.050781 0.052734
0 0.265625 0.067383 0.031250 0.048828
0 0.214844 0.172852 0.050781 0.091797
0 0.860352 0.202148 0.029297 0.033203
0 0.109375 0.219727 0.031250 0.064453
0 0.716797 0.235352 0.054688 0.083984
0 0.593750 0.326172 0.050781 0.144531
0 0.128906 0.375977 0.050781 0.119141
0 0.740234 0.466797 0.035156 0.050781
0 0.566406 0.542969 0.050781 0.074219
0 0.626953 0.657227 0.046875 0.103516
0 0.254883 0.656250 0.064453 0.054688
0 0.139648 0.690430 0.037109 0.072266
0 0.777344 0.734375 0.054688 0.101562
0 0.370117 0.727539 0.048828 0.076172
0 0.561523 0.745117 0.052734 0.068359
0 0.041016 0.915039 0.035156 0.076172
0 0.464844 0.909180 0.050781 0.052734
