0 0.709927 0.512301 0.059398 0.101302
0 0.675781 0.021484 0.035156 0.042969
0 0.971273 0.047852 0.055827 0.025391
0 0.390625 0.110352 0.023438 0.041016
0 0.654297 0.158203 0.050781 0.113281
0 0.286133 0.185547 0.060547 0.066406
0 0.686523 0.208984 0.056641 0.085938
0 0.090820 0.228516 0.064453 0.101562
0 0.233398 0.271484 0.037109 0.085938
0 0.019531 0.333008 0.039062 0.041016
0 0.027344 0.533203 0.054688 0.042969
0 0.526367 0.550781 0.052734 0.046875
0 0.858398 0.593750 0.083984 0.121094
0 0.954102 0.594727 0.021484 0.044922
0 0.549805 0.664062 0.021484 0.058594
0 0.808594 0.866211 0.062500 0.220703
0 0.892578 0.922852 0.039062 0.048828
