0 0.556957 0.596237 0.020342 0.040521
0 0.737305 0.060547 0.029297 0.050781
0 0.341797 0.109375 0.062500 0.089844
0 0.422852 0.117188 0.037109 0.042969
0 0.922852 0.211914 0.076172 0.080078
0 0.030273 0.278320 0.060547 0.072266
0 0.812500 0.280273 0.058594 0.052734
0 0.108398 0.387695 0.029297 0.037109
0 0.399414 0.425781 0.048828 0.042969
0 0.891602 0.452148 0.033203 0.037109
0 0.591797 0.626953 0.046875 0.105469
0 0.235352 0.625977 0.029297 0.052734
0 0.200195 0.676758 0.029297 0.037109
0 0.857422 0.738281 0.039062 0.089844
0 0.955078 0.731445 0.027344 0.080078
0 0.463867 0.747070 0.044922 0.048828
0 0.623047 0.810547 0.054688 0.054688
0 0.516602 0.841797 0.025391 0.046875
0 0.042969 0.854492 0.042969 0.044922
0 0.608398 0.898438 0.029297 0.039062
0 0.439453 0.935547 0.062500 0.058594
0 0.916016 0.938477 0.042969 0.064453
