0 0.780716 0.638205 0.039870 0.081042
0 0.176758 0.053711 0.037109 0.052734
0 0.922852 0.082031 0.037109 0.054688
0 0.245117 0.168945 0.044922 0.099609
0 0.987874 0.151367 0.022624 0.044922
0 0.906250 0.199219 0.050781 0.085938
0 0.151367 0.187500 0.044922 0.046875
0 0.882812 0.315430 0.035156 0.056641
0 0.871094 0.465820 0.042969 0.044922
0 0.987874 0.529297 0.022624 0.050781
0 0.824219 0.784180 0.035156 0.134766
0 0.331055 0.745117 0.029297 0.052734
0 0.066406 0.850586 0.058594 0.087891
0 0.281250 0.860352 0.054688 0.091797
0 0.669922 0.868164 0.050781 0.056641
0 0.355469 0.927734 0.066406 0.093750
