0 0.645240 0.746744 0.017901 0.034732
0 0.800781 0.025391 0.027344 0.050781
0 0.699219 0.052734 0.042969 0.046875
0 0.861328 0.087891 0.082031 0.062500
0 0.080078 0.107422 0.035156 0.054688
0 0.741211 0.110352 0.033203 0.029297
0 0.668945 0.131836 0.029297 0.056641
0 0.278320 0.177734 0.048828 0.078125
0 0.938477 0.205078 0.060547 0.085938
0 0.722656 0.244141 0.050781 0.050781
0 0.092773 0.342773 0.056641 0.068359
0 0.734375 0.410156 0.074219 0.050781
0 0.452148 0.477539 0.033203 0.048828
0 0.987874 0.561523 0.022624 0.048828
0 0.958984 0.644531 0.039062 0.078125
0 0.890625 0.701172 0.031250 0.035156
0 0.559570 0.748047 0.048828 0.117188
0 0.437500 0.704102 0.042969 0.025391
0 0.796875 0.738281 0.074219 0.023438
0 0.121094 0.789062 0.046875 0.039062
0 0.250000 0.806641 0.050781 0.042969
0 0.166016 0.834961 0.035156 0.033203
0 0.312500 0.862305 0.054688 0.083984
0 0.407227 0.909180 0.044922 0.056641
