0 0.434500 0.438495 0.045566 0.081042
0 0.892578 0.015625 0.031250 0.031250
0 0.013672 0.111328 0.027344 0.039062
0 0.326172 0.191406 0.031250 0.066406
0 0.527344 0.246094 0.046875 0.042969
0 0.797852 0.296875 0.033203 0.031250
0 0.988851 0.313477 0.020671 0.044922
0 0.310547 0.328125 0.046875 0.023438
0 0.339844 0.392578 0.042969 0.031250
0 0.071289 0.419922 0.048828 0.023438
0 0.765625 0.436523 0.031250 0.060547
0 0.857422 0.632812 0.027344 0.062500
0 0.155273 0.780273 0.056641 0.060547
0 0.512695 0.782227 0.029297 0.052734
0 0.012695 0.809570 0.025391 0.048828
0 0.457031 0.808594 0.035156 0.042969
0 0.595703 0.865234 0.046875 0.078125
0 0.196289 0.875977 0.041016 0.064453
0 0.828125 0.918945 0.019531 0.080078
0 0.748047 0.942383 0.050781 0.060547
0 0.481445 0.983651 0.033203 0.029803
