0 0.509357 0.851664 0.047193 0.079595
0 0.530273 0.064453 0.052734 0.058594
0 0.288086 0.132812 0.064453 0.074219
0 0.620117 0.140625 0.064453 0.093750
0 0.422852 0.137695 0.029297 0.037109
0 0.198242 0.167969 0.056641 0.089844
0 0.735352 0.168945 0.029297 0.080078
0 0.404297 0.276367 0.062500 0.076172
0 0.083008 0.291992 0.037109 0.041016
0 0.764648 0.517578 0.033203 0.101562
0 0.355469 0.550781 0.023438 0.062500
0 0.229492 0.561523 0.033203 0.048828
0 0.779297 0.619141 0.058594 0.074219
0 0.551758 0.703125 0.037109 0.031250
0 0.483398 0.747070 0.029297 0.052734
0 0.405273 0.780273 0.052734 0.107422
0 0.166992 0.764648 0.044922 0.033203
0 0.484375 0.860352 0.015625 0.068359
0 0.547852 0.872070 0.021484 0.052734
0 0.344727 0.877930 0.060547 0.056641
0 0.434570 0.969003 0.056641 0.059100
