0 0.500407 0.530391 0.034174 0.056440
0 0.079102 0.066406 0.025391 0.066406
0 0.562500 0.101562 0.050781 0.089844
0 0.437500 0.141602 0.113281 0.080078
0 0.891602 0.181641 0.041016 0.074219
0 0.361328 0.216797 0.035156 0.066406
0 0.655273 0.283203 0.056641 0.058594
0 0.361328 0.311523 0.039062 0.060547
0 0.889648 0.316406 0.029297 0.050781
0 0.291992 0.398438 0.029297 0.089844
0 0.438477 0.408203 0.052734 0.078125
0 0.734375 0.444336 0.023438 0.060547
0 0.200195 0.532227 0.029297 0.064453
0 0.928711 0.547852 0.041016 0.033203
0 0.421875 0.689453 0.031250 0.062500
0 0.109375 0.733398 0.035156 0.041016
0 0.749023 0.884766 0.048828 0.031250
0 0.328125 0.951425 0.015625 0.094256
0 0.106445 0.935547 0.021484 0.054688
0 0.747070 0.970956 0.052734 0.055193
