0 0.301871 0.469609 0.043938 0.068017
0 0.093750 0.107422 0.054688 0.074219
0 0.572266 0.123047 0.046875 0.062500
0 0.813477 0.122070 0.056641 0.052734
0 0.542969 0.219727 0.046875 0.064453
0 0.860352 0.244141 0.041016 0.058594
0 0.451172 0.245117 0.027344 0.044922
0 0.356445 0.278320 0.033203 0.056641
0 0.732422 0.298828 0.019531 0.078125
0 0.424805 0.353516 0.072266 0.101562
0 0.062500 0.338867 0.054688 0.064453
0 0.795898 0.392578 0.033203 0.085938
0 0.137695 0.424805 0.033203 0.083984
0 0.328125 0.421875 0.039062 0.035156
0 0.249023 0.501953 0.041016 0.046875
0 0.364258 0.504883 0.029297 0.044922
0 0.072266 0.514648 0.039062 0.029297
0 0.235352 0.577148 0.033203 0.033203
0 0.690430 0.593750 0.048828 0.054688
0 0.046875 0.877930 0.027344 0.064453
0 0.159180 0.894531 0.044922 0.027344
0 0.587891 0.927734 0.054688 0.074219
0 0.193359 0.956308 0.046875 0.084490
0 0.354492 0.975839 0.029297 0.045428
