0 0.628560 0.788712 0.023596 0.052098
0 0.326172 0.092773 0.035156 0.064453
0 0.564453 0.202148 0.046875 0.021484
0 0.310547 0.233398 0.050781 0.025391
0 0.341797 0.287109 0.050781 0.050781
0 0.436523 0.336914 0.056641 0.076172
0 0.099609 0.324219 0.070312 0.035156
0 0.764648 0.336914 0.033203 0.064453
0 0.816406 0.423828 0.054688 0.089844
0 0.636719 0.404297 0.031250 0.042969
0 0.160156 0.657227 0.046875 0.068359
0 0.514648 0.659180 0.025391 0.048828
0 0.013672 0.686523 0.027344 0.052734
0 0.201172 0.753906 0.035156 0.066406
0 0.593750 0.754883 0.042969 0.060547
0 0.745117 0.828125 0.044922 0.085938
0 0.482422 0.875977 0.035156 0.068359
0 0.618164 0.886719 0.052734 0.031250
0 0.667969 0.937500 0.031250 0.054688
0 0.737305 0.957031 0.025391 0.042969
