0 0.440602 0.325615 0.028478 0.057887
0 0.401367 0.016602 0.048828 0.033203
0 0.728516 0.082031 0.042969 0.097656
0 0.264648 0.140625 0.029297 0.035156
0 0.438477 0.190430 0.052734 0.115234
0 0.339844 0.218750 0.054688 0.058594
0 0.206055 0.205078 0.080078 0.023438
0 0.265625 0.261719 0.019531 0.062500
0 0.909180 0.389648 0.056641 0.083984
0 0.310547 0.407227 0.058594 0.060547
0 0.517578 0.432617 0.035156 0.052734
0 0.590820 0.485352 0.052734 0.091797
0 0.081055 0.502930 0.021484 0.048828
0 0.827148 0.517578 0.033203 0.035156
0 0.669922 0.541016 0.035156 0.042969
0 0.249023 0.620117 0.048828 0.060547
0 0.218750 0.792969 0.054688 0.140625
0 0.096680 0.807617 0.052734 0.115234
0 0.011719 0.845703 0.023438 0.050781
