0 0.570789 0.520260 0.041497 0.082489
0 0.250977 0.013672 0.052734 0.027344
0 0.279297 0.163086 0.058594 0.056641
0 0.014648 0.170898 0.029297 0.033203
0 0.408203 0.204102 0.054688 0.083984
0 0.673828 0.195312 0.027344 0.054688
0 0.295898 0.429688 0.033203 0.074219
0 0.861328 0.418945 0.035156 0.044922
0 0.714844 0.438477 0.054688 0.064453
0 0.971273 0.504883 0.055827 0.056641
0 0.841797 0.587891 0.054688 0.054688
0 0.985921 0.625000 0.026530 0.046875
0 0.656250 0.729492 0.054688 0.080078
0 0.075195 0.779297 0.083984 0.113281
0 0.254883 0.753906 0.052734 0.062500
0 0.438477 0.829102 0.048828 0.091797
0 0.188477 0.832031 0.048828 0.058594
0 0.955078 0.892578 0.031250 0.078125
0 0.169922 0.981698 0.027344 0.033709
0 0.303711 0.985605 0.041016 0.025897
