0 0.608218 0.470333 0.038242 0.063676
0 0.577148 0.020508 0.025391 0.041016
0 0.813477 0.041992 0.060547 0.048828
0 0.053711 0.111328 0.052734 0.027344
0 0.149414 0.159180 0.052734 0.060547
0 0.389648 0.186523 0.037109 0.064453
0 0.268555 0.204102 0.037109 0.083984
0 0.455078 0.236328 0.023438 0.078125
0 0.921875 0.256836 0.023438 0.052734
0 0.890625 0.314453 0.019531 0.046875
0 0.172852 0.378906 0.021484 0.046875
0 0.860352 0.445312 0.033203 0.046875
0 0.125977 0.451172 0.056641 0.027344
0 0.690430 0.469727 0.041016 0.041016
0 0.302734 0.509766 0.039062 0.089844
0 0.403320 0.585938 0.044922 0.035156
0 0.671875 0.640625 0.019531 0.070312
0 0.403320 0.638672 0.041016 0.050781
0 0.201172 0.647461 0.027344 0.044922
0 0.610352 0.657227 0.025391 0.056641
0 0.467773 0.735352 0.044922 0.072266
0 0.578125 0.793945 0.070312 0.087891
0 0.547852 0.905273 0.021484 0.064453
0 0.734375 0.889648 0.042969 0.033203
0 0.870117 0.916016 0.048828 0.042969
0 0.045898 0.950195 0.029297 0.041016
