0 0.576078 0.683068 0.022783 0.060781
0 0.690430 0.182617 0.056641 0.052734
0 0.705078 0.234375 0.035156 0.039062
0 0.342773 0.270508 0.060547 0.052734
0 0.642578 0.423828 0.039062 0.101562
0 0.765625 0.484375 0.035156 0.042969
0 0.170898 0.534180 0.037109 0.060547
0 0.789062 0.548828 0.066406 0.050781
0 0.124023 0.625977 0.052734 0.052734
0 0.643555 0.691406 0.033203 0.105469
0 0.891602 0.704102 0.025391 0.044922
0 0.276367 0.773438 0.052734 0.113281
0 0.016602 0.736328 0.033203 0.031250
0 0.563477 0.783203 0.056641 0.050781
0 0.359375 0.827148 0.031250 0.033203
0 0.728516 0.906250 0.039062 0.058594
