0 0.600488 0.416787 0.043938 0.069465
0 0.736328 0.024414 0.019531 0.048828
0 0.141602 0.065430 0.044922 0.060547
0 0.293945 0.096680 0.025391 0.044922
0 0.482422 0.186523 0.035156 0.056641
0 0.078125 0.255859 0.027344 0.113281
0 0.486328 0.283203 0.035156 0.058594
0 0.822266 0.335938 0.035156 0.082031
0 0.193359 0.363281 0.042969 0.093750
0 0.503906 0.373047 0.042969 0.054688
0 0.343750 0.512695 0.054688 0.087891
0 0.735352 0.564453 0.025391 0.046875
0 0.829102 0.612305 0.025391 0.044922
0 0.451172 0.668945 0.066406 0.087891
0 0.763672 0.681641 0.023438 0.066406
0 0.592773 0.755859 0.048828 0.066406
0 0.416992 0.852539 0.072266 0.115234
0 0.238281 0.859375 0.035156 0.074219
0 0.640625 0.860352 0.015625 0.072266
