0 0.502441 0.709117 0.026851 0.046310
0 0.327148 0.069336 0.037109 0.068359
0 0.447266 0.074219 0.078125 0.078125
0 0.249023 0.143555 0.115234 0.087891
0 0.560547 0.134766 0.058594 0.042969
0 0.014648 0.204102 0.029297 0.033203
0 0.109375 0.246094 0.089844 0.105469
0 0.155273 0.326172 0.052734 0.089844
0 0.328125 0.381836 0.035156 0.091797
0 0.045898 0.389648 0.033203 0.033203
0 0.265625 0.409180 0.027344 0.056641
0 0.172852 0.441406 0.025391 0.050781
0 0.279297 0.537109 0.054688 0.070312
0 0.615234 0.515625 0.042969 0.031250
0 0.514648 0.607422 0.025391 0.082031
0 0.078125 0.795898 0.031250 0.033203
0 0.139648 0.857422 0.095703 0.089844
0 0.587891 0.850586 0.046875 0.068359
0 0.451172 0.932617 0.039062 0.064453
0 0.210938 0.973886 0.050781 0.049334
