0 0.477217 0.476122 0.033360 0.049204
0 0.763672 0.014648 0.035156 0.029297
0 0.484375 0.043945 0.031250 0.033203
0 0.814453 0.072266 0.054688 0.054688
0 0.139648 0.079102 0.029297 0.044922
0 0.453125 0.139648 0.031250 0.087891
0 0.358398 0.141602 0.037109 0.037109
0 0.187500 0.180664 0.046875 0.064453
0 0.248047 0.234375 0.054688 0.031250
0 0.767578 0.297852 0.027344 0.091797
0 0.125977 0.333008 0.056641 0.091797
0 0.047852 0.526367 0.021484 0.048828
0 0.485352 0.578125 0.025391 0.085938
0 0.841797 0.624023 0.046875 0.048828
0 0.186523 0.671875 0.048828 0.078125
0 0.504883 0.680664 0.044922 0.072266
0 0.830078 0.667969 0.039062 0.039062
0 0.608398 0.733398 0.041016 0.091797
0 0.776367 0.793945 0.048828 0.025391
0 0.340820 0.819336 0.060547 0.068359
0 0.832031 0.886719 0.042969 0.035156
0 0.750977 0.913086 0.052734 0.060547
0 0.440430 0.978769 0.060547 0.039568
