0 0.633849 0.290883 0.021155 0.040521
0 0.516602 0.029297 0.021484 0.058594
0 0.652344 0.012695 0.050781 0.025391
0 0.662109 0.129883 0.050781 0.048828
0 0.269531 0.158203 0.035156 0.054688
0 0.436523 0.192383 0.056641 0.064453
0 0.142578 0.250977 0.039062 0.052734
0 0.301758 0.251953 0.150391 0.050781
0 0.443359 0.281250 0.050781 0.062500
0 0.549805 0.296875 0.037109 0.039062
0 0.366211 0.328125 0.041016 0.027344
0 0.813477 0.533203 0.044922 0.039062
0 0.080078 0.588867 0.101562 0.126953
0 0.565430 0.873047 0.041016 0.042969
0 0.034180 0.936523 0.068359 0.064453
