0 0.695281 0.715630 0.046379 0.070912
0 0.452148 0.042969 0.021484 0.085938
0 0.500977 0.094727 0.048828 0.056641
0 0.610352 0.109375 0.029297 0.031250
0 0.454102 0.229492 0.029297 0.091797
0 0.673828 0.236328 0.035156 0.035156
0 0.776367 0.363281 0.044922 0.078125
0 0.531250 0.377930 0.050781 0.064453
0 0.867188 0.356445 0.042969 0.025391
0 0.952148 0.439453 0.029297 0.070312
0 0.109375 0.434570 0.031250 0.056641
0 0.389648 0.496094 0.017578 0.050781
0 0.591797 0.546875 0.046875 0.078125
0 0.125977 0.584961 0.056641 0.115234
0 0.280273 0.709961 0.056641 0.087891
0 0.923828 0.700195 0.031250 0.037109
0 0.593750 0.716797 0.042969 0.054688
0 0.578125 0.842773 0.023438 0.056641
0 0.842773 0.875000 0.052734 0.050781
0 0.403320 0.970956 0.048828 0.055193
0 0.234375 0.982675 0.035156 0.031756
