0 0.530106 0.546310 0.043124 0.073806
0 0.422852 0.032227 0.033203 0.064453
0 0.900391 0.047852 0.054688 0.029297
0 0.343750 0.127930 0.113281 0.107422
0 0.728516 0.125000 0.050781 0.070312
0 0.134766 0.125977 0.078125 0.064453
0 0.483398 0.159180 0.041016 0.103516
0 0.857422 0.203125 0.039062 0.039062
0 0.954102 0.334961 0.033203 0.052734
0 0.167969 0.421875 0.031250 0.085938
0 0.127930 0.546875 0.048828 0.031250
0 0.487305 0.626953 0.029297 0.050781
0 0.876953 0.653320 0.058594 0.103516
0 0.389648 0.654297 0.037109 0.070312
0 0.542969 0.661133 0.027344 0.064453
0 0.784180 0.781250 0.052734 0.066406
0 0.483398 0.809570 0.029297 0.072266
0 0.455078 0.872070 0.027344 0.056641
0 0.958008 0.943359 0.033203 0.054688
