0 0.433686 0.516643 0.037429 0.054993
0 0.546875 0.120117 0.031250 0.076172
0 0.440430 0.153320 0.044922 0.052734
0 0.060547 0.171875 0.058594 0.039062
0 0.672852 0.263672 0.033203 0.082031
0 0.264648 0.321289 0.029297 0.083984
0 0.329102 0.323242 0.025391 0.087891
0 0.136719 0.464844 0.027344 0.054688
0 0.235352 0.474609 0.080078 0.054688
0 0.974203 0.484375 0.049968 0.019531
0 0.344727 0.498047 0.041016 0.042969
0 0.875977 0.550781 0.044922 0.035156
0 0.106445 0.607422 0.033203 0.031250
0 0.873047 0.640625 0.050781 0.027344
0 0.140625 0.671875 0.019531 0.078125
0 0.263672 0.688477 0.042969 0.052734
0 0.933594 0.747070 0.050781 0.072266
0 0.712891 0.752930 0.050781 0.056641
0 0.078125 0.774414 0.031250 0.072266
0 0.187500 0.807617 0.054688 0.119141
0 0.308594 0.765625 0.046875 0.031250
0 0.656250 0.795898 0.054688 0.037109
0 0.938477 0.892578 0.052734 0.082031
0 0.469727 0.918945 0.048828 0.083984
0 0.233398 0.953125 0.037109 0.042969
