0 0.420260 0.327786 0.044752 0.091172
0 0.282227 0.073242 0.052734 0.076172
0 0.517578 0.072266 0.031250 0.070312
0 0.107422 0.126953 0.031250 0.066406
0 0.250977 0.131836 0.052734 0.052734
0 0.704102 0.218750 0.041016 0.066406
0 0.161133 0.236328 0.044922 0.035156
0 0.873047 0.249023 0.050781 0.052734
0 0.232422 0.282227 0.031250 0.064453
0 0.625977 0.284180 0.052734 0.064453
0 0.140625 0.299805 0.019531 0.076172
0 0.077148 0.332031 0.025391 0.046875
0 0.358398 0.422852 0.037109 0.037109
0 0.610352 0.444336 0.025391 0.041016
0 0.416016 0.485352 0.039062 0.033203
0 0.783203 0.613281 0.050781 0.074219
0 0.375977 0.643555 0.052734 0.029297
0 0.764648 0.734375 0.033203 0.089844
0 0.049805 0.794922 0.037109 0.031250
0 0.838867 0.871094 0.052734 0.058594
0 0.088867 0.875000 0.052734 0.058594
0 0.125977 0.943359 0.044922 0.054688
0 0.216797 0.984628 0.046875 0.027850
