0 0.554923 0.333575 0.022783 0.044863
0 0.730469 0.042969 0.035156 0.042969
0 0.792969 0.073242 0.039062 0.072266
0 0.341797 0.091797 0.062500 0.074219
0 0.506836 0.108398 0.044922 0.033203
0 0.065430 0.172852 0.052734 0.083984
0 0.572266 0.201172 0.058594 0.093750
0 0.796875 0.301758 0.023438 0.060547
0 0.139648 0.328125 0.044922 0.097656
0 0.170898 0.447266 0.037109 0.042969
0 0.860352 0.462891 0.017578 0.054688
0 0.751953 0.464844 0.050781 0.054688
0 0.563477 0.547852 0.044922 0.025391
0 0.717773 0.579102 0.044922 0.029297
0 0.126953 0.657227 0.058594 0.080078
0 0.953125 0.639648 0.039062 0.044922
0 0.560547 0.652344 0.042969 0.042969
0 0.311523 0.758789 0.056641 0.037109
0 0.684570 0.793945 0.044922 0.080078
0 0.086914 0.901367 0.052734 0.064453
0 0.463867 0.925781 0.056641 0.039062
0 0.312500 0.939453 0.042969 0.039062
0 0.140625 0.969003 0.031250 0.059100
