0 0.356387 0.627352 0.022783 0.044863
0 0.126953 0.046875 0.050781 0.027344
0 0.785156 0.111328 0.050781 0.082031
0 0.407227 0.159180 0.052734 0.107422
0 0.970296 0.138672 0.057780 0.035156
0 0.042969 0.282227 0.039062 0.056641
0 0.796875 0.283203 0.027344 0.058594
0 0.097656 0.418945 0.058594 0.091797
0 0.011719 0.408203 0.023438 0.050781
0 0.810547 0.450195 0.058594 0.087891
0 0.327148 0.480469 0.021484 0.089844
0 0.558594 0.490234 0.050781 0.031250
0 0.720703 0.557617 0.054688 0.064453
0 0.656250 0.690430 0.042969 0.048828
0 0.426758 0.813477 0.025391 0.103516
0 0.265625 0.815430 0.035156 0.048828
0 0.358398 0.863281 0.029297 0.039062
0 0.206055 0.887695 0.029297 0.041016
0 0.392578 0.958261 0.027344 0.080584
0 0.294922 0.966073 0.031250 0.064959
0 0.517578 0.952148 0.035156 0.033203
