0 0.470301 0.552822 0.021155 0.046310
0 0.875977 0.028320 0.048828 0.056641
0 0.109375 0.047852 0.031250 0.037109
0 0.207031 0.050781 0.035156 0.042969
0 0.236328 0.094727 0.019531 0.048828
0 0.468750 0.124023 0.050781 0.056641
0 0.292969 0.155273 0.078125 0.064453
0 0.625977 0.190430 0.048828 0.119141
0 0.514648 0.221680 0.021484 0.056641
0 0.952148 0.366211 0.025391 0.052734
0 0.014648 0.371094 0.029297 0.050781
0 0.237305 0.442383 0.044922 0.056641
0 0.987874 0.481445 0.022624 0.091797
0 0.103516 0.486328 0.042969 0.042969
0 0.184570 0.590820 0.052734 0.107422
0 0.076172 0.608398 0.035156 0.052734
0 0.063477 0.711914 0.048828 0.123047
0 0.546875 0.683594 0.019531 0.054688
0 0.309570 0.798828 0.052734 0.136719
0 0.957031 0.808594 0.031250 0.105469
0 0.538086 0.836914 0.044922 0.060547
0 0.887695 0.955331 0.025391 0.086443
0 0.531250 0.984628 0.050781 0.027850
