0 0.376322 0.369754 0.018714 0.039074
0 0.667969 0.118164 0.039062 0.056641
0 0.237305 0.274414 0.037109 0.080078
0 0.829102 0.367188 0.037109 0.121094
0 0.887695 0.484375 0.080078 0.027344
0 0.110352 0.543945 0.041016 0.025391
0 0.187500 0.561523 0.054688 0.060547
0 0.543945 0.563477 0.021484 0.044922
0 0.887695 0.578125 0.083984 0.027344
0 0.108398 0.622070 0.037109 0.052734
0 0.404297 0.730469 0.042969 0.027344
0 0.215820 0.792969 0.064453 0.101562
0 0.578125 0.875977 0.027344 0.060547
0 0.899414 0.861328 0.037109 0.031250
0 0.981038 0.922852 0.036296 0.025391
