0 0.644426 0.782200 0.032547 0.073806
0 0.673828 0.070312 0.039062 0.054688
0 0.728516 0.255859 0.093750 0.121094
0 0.407227 0.304688 0.048828 0.050781
0 0.234375 0.315430 0.019531 0.056641
0 0.047852 0.335938 0.029297 0.062500
0 0.640625 0.373047 0.031250 0.062500
0 0.126953 0.459961 0.042969 0.056641
0 0.797852 0.467773 0.033203 0.056641
0 0.279297 0.474609 0.046875 0.046875
0 0.728516 0.545898 0.035156 0.087891
0 0.397461 0.549805 0.037109 0.087891
0 0.940430 0.605469 0.044922 0.031250
0 0.344727 0.649414 0.044922 0.044922
0 0.707031 0.656250 0.031250 0.054688
0 0.499023 0.701172 0.044922 0.078125
0 0.419922 0.714844 0.035156 0.042969
0 0.593750 0.873047 0.050781 0.085938
0 0.451172 0.883789 0.019531 0.056641
0 0.091797 0.941406 0.050781 0.058594
