0 0.642799 0.534732 0.021155 0.041968
0 0.164062 0.063477 0.039062 0.056641
0 0.577148 0.099609 0.080078 0.109375
0 0.416016 0.094727 0.039062 0.056641
0 0.235352 0.143555 0.033203 0.041016
0 0.909180 0.213867 0.044922 0.044922
0 0.566406 0.282227 0.046875 0.052734
0 0.985921 0.330078 0.026530 0.035156
0 0.170898 0.342773 0.025391 0.048828
0 0.408203 0.351562 0.042969 0.066406
0 0.107422 0.352539 0.031250 0.044922
0 0.798828 0.369141 0.019531 0.050781
0 0.333984 0.417969 0.031250 0.042969
0 0.864258 0.442383 0.029297 0.044922
0 0.932617 0.466797 0.048828 0.042969
0 0.763672 0.501953 0.027344 0.058594
0 0.235352 0.514648 0.021484 0.064453
0 0.108398 0.518555 0.025391 0.060547
0 0.653320 0.544922 0.048828 0.019531
0 0.448242 0.607422 0.029297 0.042969
0 0.661133 0.721680 0.048828 0.072266
0 0.484375 0.833008 0.031250 0.044922
0 0.168945 0.982675 0.037109 0.031756
