0 0.555330 0.319103 0.031733 0.053546
0 0.641602 0.300781 0.021484 0.062500
0 0.701172 0.290039 0.039062 0.041016
0 0.328125 0.347656 0.023438 0.046875
0 0.609375 0.378906 0.019531 0.066406
0 0.416992 0.418945 0.033203 0.072266
0 0.360352 0.500977 0.033203 0.060547
0 0.561523 0.553711 0.060547 0.099609
0 0.806641 0.543945 0.062500 0.025391
0 0.171875 0.559570 0.023438 0.044922
0 0.578125 0.698242 0.031250 0.091797
0 0.855469 0.790039 0.046875 0.091797
0 0.394531 0.777344 0.035156 0.054688
0 0.531250 0.833008 0.058594 0.154297
0 0.291992 0.850586 0.037109 0.142578
0 0.455078 0.847656 0.027344 0.062500
