0 0.652156 0.604197 0.051261 0.094067
0 0.959961 0.105469 0.041016 0.031250
0 0.675781 0.147461 0.031250 0.041016
0 0.315430 0.171875 0.048828 0.027344
0 0.951172 0.216797 0.027344 0.050781
0 0.189453 0.229492 0.046875 0.037109
0 0.421875 0.229492 0.035156 0.033203
0 0.012695 0.260742 0.025391 0.041016
0 0.341797 0.280273 0.054688 0.052734
0 0.155273 0.372070 0.052734 0.044922
0 0.265625 0.395508 0.031250 0.044922
0 0.311523 0.450195 0.056641 0.037109
0 0.922852 0.489258 0.021484 0.091797
0 0.391602 0.471680 0.029297 0.052734
0 0.076172 0.536133 0.031250 0.044922
0 0.255859 0.556641 0.050781 0.085938
0 0.812500 0.610352 0.046875 0.076172
0 0.453125 0.671875 0.027344 0.042969
0 0.577148 0.736328 0.033203 0.039062
0 0.718750 0.750000 0.046875 0.058594
0 0.830078 0.796875 0.019531 0.066406
0 0.671875 0.834961 0.027344 0.041016
0 0.390625 0.904297 0.035156 0.062500
0 0.940430 0.911133 0.048828 0.044922
0 0.234375 0.967050 0.031250 0.063006
0 0.449219 0.970956 0.027344 0.055193
0 0.168945 0.983651 0.029297 0.029803
