0 0.495932 0.437048 0.025224 0.046310
0 0.360352 0.031250 0.029297 0.062500
0 0.125000 0.088867 0.042969 0.056641
0 0.641602 0.097656 0.033203 0.050781
0 0.591797 0.192383 0.050781 0.072266
0 0.439453 0.191406 0.050781 0.062500
0 0.155273 0.207031 0.048828 0.035156
0 0.829102 0.247070 0.021484 0.060547
0 0.044922 0.278320 0.019531 0.052734
0 0.313477 0.280273 0.041016 0.044922
0 0.127930 0.295898 0.048828 0.029297
0 0.638672 0.306641 0.035156 0.050781
0 0.464844 0.313477 0.042969 0.052734
0 0.736328 0.343750 0.031250 0.058594
0 0.294922 0.346680 0.027344 0.044922
0 0.534180 0.365234 0.041016 0.078125
0 0.796875 0.433594 0.023438 0.050781
0 0.858398 0.439453 0.025391 0.054688
0 0.359375 0.453125 0.027344 0.035156
0 0.041992 0.465820 0.029297 0.052734
0 0.597656 0.518555 0.046875 0.033203
0 0.358398 0.640625 0.033203 0.035156
0 0.074219 0.704102 0.027344 0.080078
0 0.157227 0.751953 0.044922 0.042969
0 0.078125 0.916992 0.023438 0.076172
0 0.310547 0.930664 0.050781 0.048828
0 0.169922 0.956308 0.023438 0.084490
0 0.637695 0.950195 0.076172 0.021484
