0 0.513426 0.560058 0.060212 0.109986
0 0.935547 0.109375 0.054688 0.078125
0 0.618164 0.194336 0.044922 0.056641
0 0.626953 0.329102 0.054688 0.087891
0 0.407227 0.330078 0.048828 0.078125
0 0.393555 0.463867 0.021484 0.052734
0 0.657227 0.510742 0.056641 0.083984
0 0.132812 0.517578 0.042969 0.050781
0 0.203125 0.514648 0.027344 0.037109
0 0.987874 0.560547 0.022624 0.062500
0 0.236328 0.613281 0.031250 0.109375
0 0.903320 0.604492 0.056641 0.064453
0 0.575195 0.619141 0.033203 0.046875
0 0.328125 0.640625 0.035156 0.031250
0 0.094727 0.674805 0.048828 0.080078
0 0.952148 0.684570 0.029297 0.052734
0 0.590820 0.803711 0.056641 0.087891
0 0.743164 0.841797 0.056641 0.113281
0 0.881836 0.884766 0.044922 0.093750
0 0.011719 0.875977 0.023438 0.044922
0 0.405273 0.958008 0.052734 0.044922
