0 0.596420 0.438495 0.034174 0.060781
0 0.533203 0.010742 0.042969 0.021484
0 0.735352 0.046875 0.044922 0.039062
0 0.670898 0.069336 0.025391 0.044922
0 0.299805 0.073242 0.029297 0.037109
0 0.136719 0.170898 0.035156 0.029297
0 0.841797 0.191406 0.046875 0.062500
0 0.451172 0.213867 0.019531 0.048828
0 0.610352 0.231445 0.080078 0.083984
0 0.984945 0.234375 0.028483 0.078125
0 0.717773 0.269531 0.052734 0.085938
0 0.297852 0.345703 0.025391 0.058594
0 0.845703 0.378906 0.054688 0.113281
0 0.520508 0.554688 0.029297 0.039062
0 0.879883 0.608398 0.056641 0.087891
0 0.486328 0.616211 0.027344 0.080078
0 0.582031 0.779297 0.039062 0.062500
0 0.862305 0.767578 0.068359 0.027344
0 0.857422 0.839844 0.019531 0.054688
0 0.793945 0.939453 0.029297 0.062500
0 0.513672 0.956308 0.019531 0.084490
0 0.686523 0.959237 0.044922 0.078631
