0 0.349064 0.660637 0.024410 0.047757
0 0.013672 0.051758 0.027344 0.033203
0 0.648438 0.107422 0.050781 0.035156
0 0.721680 0.157227 0.048828 0.052734
0 0.846680 0.251953 0.060547 0.097656
0 0.739258 0.249023 0.021484 0.052734
0 0.973226 0.250000 0.051921 0.054688
0 0.314453 0.309570 0.050781 0.115234
0 0.167969 0.358398 0.035156 0.052734
0 0.636719 0.360352 0.074219 0.021484
0 0.076172 0.587891 0.023438 0.050781
0 0.627930 0.582031 0.044922 0.027344
0 0.095703 0.703125 0.050781 0.027344
0 0.985921 0.716797 0.026530 0.050781
0 0.791016 0.743164 0.078125 0.064453
0 0.970296 0.796875 0.057780 0.074219
0 0.466797 0.892578 0.050781 0.140625
0 0.810547 0.873047 0.054688 0.066406
0 0.931641 0.900391 0.054688 0.109375
0 0.513672 0.884766 0.019531 0.054688
