0 0.486168 0.645441 0.021969 0.052098
0 0.703125 0.064453 0.019531 0.050781
0 0.893555 0.067383 0.048828 0.052734
0 0.153320 0.077148 0.052734 0.025391
0 0.309570 0.078125 0.111328 0.023438
0 0.283203 0.139648 0.058594 0.025391
0 0.633789 0.169922 0.052734 0.035156
0 0.140625 0.204102 0.035156 0.037109
0 0.576172 0.247070 0.031250 0.056641
0 0.295898 0.264648 0.037109 0.041016
0 0.655273 0.267578 0.056641 0.027344
0 0.876953 0.311523 0.058594 0.056641
0 0.115234 0.334961 0.031250 0.044922
0 0.987874 0.377930 0.022624 0.044922
0 0.799805 0.408203 0.029297 0.054688
0 0.388672 0.442383 0.039062 0.056641
0 0.046875 0.513672 0.035156 0.039062
0 0.547852 0.584961 0.025391 0.056641
0 0.921875 0.591797 0.023438 0.046875
0 0.830078 0.663086 0.031250 0.048828
0 0.703125 0.711914 0.035156 0.052734
0 0.609375 0.719727 0.031250 0.064453
0 0.841797 0.734375 0.050781 0.031250
0 0.485352 0.810547 0.025391 0.054688
0 0.170898 0.873047 0.041016 0.074219
0 0.937500 0.892578 0.050781 0.031250
0 0.374023 0.946289 0.048828 0.064453
