0 0.552075 0.581042 0.025224 0.047757
0 0.454102 0.081055 0.029297 0.083984
0 0.533203 0.202148 0.058594 0.099609
0 0.791992 0.223633 0.080078 0.103516
0 0.265625 0.211914 0.019531 0.060547
0 0.942383 0.296875 0.044922 0.070312
0 0.584961 0.387695 0.041016 0.087891
0 0.137695 0.432617 0.076172 0.154297
0 0.044922 0.453125 0.031250 0.035156
0 0.688477 0.523438 0.052734 0.101562
0 0.921875 0.515625 0.031250 0.035156
0 0.285156 0.543945 0.050781 0.083984
0 0.590820 0.541992 0.048828 0.080078
0 0.579102 0.659180 0.017578 0.052734
0 0.419922 0.796875 0.082031 0.085938
0 0.236328 0.792969 0.035156 0.039062
0 0.047852 0.832031 0.029297 0.042969
0 0.657227 0.841797 0.052734 0.058594
