0 0.460130 0.479740 0.043124 0.070912
0 0.940430 0.088867 0.060547 0.056641
0 0.434570 0.118164 0.044922 0.041016
0 0.671875 0.170898 0.035156 0.044922
0 0.362305 0.171875 0.033203 0.031250
0 0.169922 0.208984 0.035156 0.046875
0 0.443359 0.249023 0.050781 0.130859
0 0.704102 0.344727 0.083984 0.068359
0 0.987874 0.339844 0.022624 0.046875
0 0.295898 0.392578 0.029297 0.039062
0 0.139648 0.463867 0.091797 0.068359
0 0.579102 0.466797 0.017578 0.054688
0 0.297852 0.565430 0.080078 0.162109
0 0.295898 0.684570 0.025391 0.064453
0 0.749023 0.718750 0.056641 0.062500
0 0.822266 0.900391 0.042969 0.046875
0 0.234375 0.942383 0.027344 0.044922
0 0.544922 0.958008 0.035156 0.044922
