0 0.558991 0.678726 0.016273 0.034732
0 0.606445 0.058594 0.029297 0.046875
0 0.871094 0.111328 0.058594 0.078125
0 0.766602 0.110352 0.033203 0.056641
0 0.190430 0.128906 0.052734 0.054688
0 0.077148 0.207031 0.025391 0.046875
0 0.884766 0.220703 0.039062 0.054688
0 0.363281 0.234375 0.031250 0.078125
0 0.970296 0.233398 0.057780 0.025391
0 0.750000 0.272461 0.046875 0.060547
0 0.625000 0.266602 0.046875 0.021484
0 0.267578 0.312500 0.023438 0.046875
0 0.393555 0.368164 0.021484 0.056641
0 0.013672 0.375977 0.027344 0.056641
0 0.331055 0.501953 0.017578 0.101562
0 0.137695 0.559570 0.025391 0.052734
0 0.171875 0.658203 0.031250 0.062500
0 0.606445 0.736328 0.025391 0.082031
0 0.349609 0.749023 0.046875 0.052734
0 0.409180 0.801758 0.052734 0.087891
0 0.327148 0.898438 0.029297 0.050781
0 0.750977 0.918945 0.052734 0.087891
0 0.083008 0.939453 0.076172 0.066406
0 0.353516 0.951172 0.035156 0.042969
0 0.481445 0.969003 0.076172 0.059100
