0 0.473556 0.400145 0.022783 0.041968
0 0.265625 0.026367 0.023438 0.052734
0 0.860352 0.019531 0.025391 0.039062
0 0.375000 0.069336 0.062500 0.080078
0 0.532227 0.058594 0.056641 0.062500
0 0.169922 0.061523 0.027344 0.048828
0 0.719727 0.107422 0.048828 0.078125
0 0.233398 0.122070 0.033203 0.052734
0 0.422852 0.141602 0.033203 0.033203
0 0.043945 0.160156 0.029297 0.050781
0 0.203125 0.187500 0.027344 0.074219
0 0.438477 0.222656 0.048828 0.066406
0 0.011719 0.315430 0.023438 0.041016
0 0.112305 0.346680 0.025391 0.056641
0 0.936523 0.402344 0.056641 0.058594
0 0.675781 0.440430 0.035156 0.052734
0 0.142578 0.454102 0.031250 0.048828
0 0.929688 0.481445 0.046875 0.037109
0 0.750000 0.534180 0.050781 0.103516
0 0.330078 0.527344 0.035156 0.054688
0 0.632812 0.561523 0.054688 0.048828
0 0.894531 0.646484 0.089844 0.101562
0 0.986898 0.810547 0.024577 0.046875
0 0.966390 0.912109 0.065593 0.089844
0 0.345703 0.941406 0.042969 0.039062
