0 0.760374 0.878437 0.025224 0.046310
0 0.421875 0.025391 0.019531 0.050781
0 0.937500 0.076172 0.050781 0.082031
0 0.127930 0.091797 0.068359 0.062500
0 0.157227 0.208984 0.052734 0.085938
0 0.796875 0.240234 0.031250 0.062500
0 0.263672 0.248047 0.035156 0.062500
0 0.929688 0.339844 0.046875 0.089844
0 0.704102 0.371094 0.091797 0.058594
0 0.296875 0.387695 0.070312 0.087891
0 0.885742 0.463867 0.041016 0.068359
0 0.206055 0.501953 0.029297 0.070312
0 0.044922 0.564453 0.027344 0.062500
0 0.502930 0.781250 0.052734 0.117188
0 0.319336 0.764648 0.048828 0.037109
0 0.262695 0.814453 0.029297 0.050781
0 0.418945 0.909180 0.029297 0.052734
0 0.490234 0.930664 0.039062 0.060547
