0 0.496338 0.554993 0.034174 0.053546
0 0.637695 0.217773 0.033203 0.099609
0 0.094727 0.248047 0.052734 0.058594
0 0.688477 0.361328 0.060547 0.085938
0 0.119141 0.371094 0.062500 0.089844
0 0.202148 0.399414 0.021484 0.060547
0 0.890625 0.418945 0.019531 0.072266
0 0.748047 0.458008 0.058594 0.080078
0 0.703125 0.594727 0.089844 0.068359
0 0.558594 0.616211 0.074219 0.083984
0 0.736328 0.733398 0.035156 0.033203
0 0.405273 0.748047 0.052734 0.046875
0 0.296875 0.797852 0.019531 0.068359
0 0.065430 0.884766 0.052734 0.050781
0 0.440430 0.922852 0.048828 0.072266
0 0.075195 0.966073 0.029297 0.064959
0 0.663086 0.966073 0.060547 0.064959
