0 0.505289 0.469609 0.165989 0.296671
0 0.434570 0.031250 0.064453 0.062500
0 0.677734 0.041016 0.039062 0.082031
0 0.207031 0.040039 0.031250 0.041016
0 0.104492 0.234375 0.041016 0.031250
0 0.919922 0.267578 0.035156 0.097656
0 0.252930 0.255859 0.064453 0.058594
0 0.072266 0.298828 0.042969 0.039062
0 0.735352 0.337891 0.021484 0.046875
0 0.039062 0.498047 0.039062 0.074219
0 0.953125 0.571289 0.031250 0.080078
0 0.139648 0.566406 0.029297 0.058594
0 0.876953 0.638672 0.054688 0.085938
0 0.929688 0.686523 0.062500 0.107422
0 0.672852 0.753906 0.021484 0.105469
0 0.817383 0.755859 0.052734 0.054688
0 0.950195 0.841797 0.041016 0.125000
