0 0.436941 0.331404 0.039056 0.089725
0 0.405273 0.055664 0.048828 0.060547
0 0.233398 0.064453 0.029297 0.054688
0 0.768555 0.080078 0.033203 0.035156
0 0.874023 0.123047 0.048828 0.109375
0 0.530273 0.139648 0.052734 0.087891
0 0.250000 0.125977 0.050781 0.048828
0 0.168945 0.129883 0.021484 0.048828
0 0.363281 0.166016 0.078125 0.082031
0 0.718750 0.199219 0.046875 0.078125
0 0.219727 0.222656 0.048828 0.058594
0 0.421875 0.234375 0.031250 0.031250
0 0.014648 0.257812 0.029297 0.050781
0 0.186523 0.298828 0.044922 0.027344
0 0.942383 0.496094 0.044922 0.054688
0 0.682617 0.543945 0.044922 0.041016
0 0.141602 0.565430 0.033203 0.064453
0 0.931641 0.577148 0.042969 0.033203
0 0.780273 0.625977 0.048828 0.056641
0 0.393555 0.642578 0.021484 0.082031
0 0.327148 0.630859 0.037109 0.046875
0 0.627930 0.649414 0.041016 0.037109
0 0.875977 0.736328 0.052734 0.074219
0 0.265625 0.765625 0.031250 0.035156
0 0.918945 0.796875 0.044922 0.031250
