0 0.685110 0.390014 0.027665 0.053546
0 0.189453 0.077148 0.074219 0.033203
0 0.939453 0.078125 0.046875 0.023438
0 0.668945 0.113281 0.037109 0.054688
0 0.971273 0.142578 0.055827 0.027344
0 0.794922 0.167969 0.035156 0.035156
0 0.701172 0.195312 0.039062 0.058594
0 0.293945 0.234375 0.021484 0.074219
0 0.828125 0.266602 0.027344 0.052734
0 0.715820 0.296875 0.052734 0.035156
0 0.916992 0.363281 0.029297 0.062500
0 0.046875 0.359375 0.039062 0.039062
0 0.765625 0.374023 0.031250 0.068359
0 0.250000 0.482422 0.054688 0.093750
0 0.970296 0.456055 0.057780 0.029297
0 0.985921 0.517578 0.026530 0.039062
0 0.730469 0.518555 0.042969 0.033203
0 0.043945 0.595703 0.087891 0.179688
0 0.739258 0.760742 0.080078 0.138672
0 0.449219 0.814453 0.039062 0.054688
0 0.171875 0.926758 0.023438 0.068359
0 0.985921 0.977792 0.026530 0.041522
