0 0.373068 0.698987 0.017087 0.028944
0 0.404297 0.074219 0.058594 0.148438
0 0.684570 0.083984 0.052734 0.125000
0 0.139648 0.094727 0.033203 0.064453
0 0.922852 0.124023 0.033203 0.068359
0 0.079102 0.388672 0.033203 0.035156
0 0.451172 0.448242 0.019531 0.056641
0 0.434570 0.524414 0.056641 0.068359
0 0.045898 0.528320 0.037109 0.056641
0 0.643555 0.523438 0.033203 0.046875
0 0.589844 0.563477 0.046875 0.056641
0 0.280273 0.621094 0.052734 0.089844
0 0.078125 0.678711 0.019531 0.060547
0 0.201172 0.694336 0.039062 0.048828
0 0.641602 0.726562 0.037109 0.062500
0 0.455078 0.809570 0.082031 0.107422
0 0.172852 0.841797 0.072266 0.117188
0 0.343750 0.930917 0.050781 0.135272
0 0.452148 0.893555 0.021484 0.048828
