0 0.258340 0.576700 0.043124 0.079595
0 0.809570 0.123047 0.048828 0.050781
0 0.012695 0.130859 0.025391 0.058594
0 0.250000 0.205078 0.050781 0.027344
0 0.811523 0.267578 0.048828 0.078125
0 0.861328 0.311523 0.027344 0.052734
0 0.971273 0.387695 0.055827 0.025391
0 0.095703 0.405273 0.105469 0.052734
0 0.386719 0.390625 0.054688 0.023438
0 0.126953 0.537109 0.058594 0.121094
0 0.941406 0.661133 0.050781 0.115234
0 0.701172 0.690430 0.089844 0.064453
0 0.264648 0.709961 0.021484 0.064453
0 0.058594 0.809570 0.042969 0.107422
0 0.908203 0.795898 0.058594 0.072266
0 0.176758 0.845703 0.080078 0.113281
0 0.012695 0.926758 0.025391 0.076172
0 0.128906 0.932617 0.054688 0.056641
0 0.326172 0.950195 0.035156 0.041016
