0 0.724980 0.406657 0.021155 0.037627
0 0.297852 0.030273 0.029297 0.060547
0 0.692383 0.012695 0.048828 0.025391
0 0.829102 0.014648 0.029297 0.029297
0 0.128906 0.076172 0.054688 0.082031
0 0.626953 0.066406 0.050781 0.054688
0 0.817383 0.186523 0.064453 0.052734
0 0.089844 0.250977 0.058594 0.119141
0 0.861328 0.263672 0.031250 0.042969
0 0.862305 0.318359 0.068359 0.054688
0 0.418945 0.336914 0.029297 0.048828
0 0.452148 0.437500 0.021484 0.113281
0 0.982015 0.416992 0.034343 0.037109
0 0.876953 0.463867 0.058594 0.056641
0 0.359375 0.684570 0.019531 0.048828
0 0.285156 0.740234 0.058594 0.082031
0 0.953125 0.772461 0.039062 0.083984
0 0.830078 0.838867 0.039062 0.064453
