0 0.417819 0.610709 0.033360 0.069465
0 0.231445 0.046875 0.076172 0.019531
0 0.766602 0.092773 0.025391 0.060547
0 0.405273 0.405273 0.056641 0.072266
0 0.670898 0.502930 0.021484 0.056641
0 0.182617 0.527344 0.064453 0.062500
0 0.813477 0.532227 0.056641 0.052734
0 0.109375 0.620117 0.039062 0.056641
0 0.827148 0.613281 0.037109 0.035156
0 0.610352 0.690430 0.041016 0.060547
0 0.609375 0.768555 0.031250 0.041016
0 0.204102 0.855469 0.091797 0.089844
0 0.329102 0.830078 0.025391 0.039062
0 0.673828 0.840820 0.039062 0.064453
0 0.323242 0.894531 0.041016 0.054688
