0 0.581367 0.704052 0.023596 0.039074
0 0.301758 0.020508 0.044922 0.041016
0 0.488281 0.081055 0.050781 0.091797
0 0.681641 0.130859 0.054688 0.066406
0 0.770508 0.141602 0.037109 0.033203
0 0.827148 0.204102 0.033203 0.037109
0 0.333984 0.236328 0.070312 0.085938
0 0.016602 0.299805 0.033203 0.044922
0 0.067383 0.518555 0.048828 0.044922
0 0.767578 0.547852 0.027344 0.052734
0 0.057617 0.576172 0.056641 0.031250
0 0.451172 0.607422 0.019531 0.078125
0 0.706055 0.592773 0.029297 0.044922
0 0.294922 0.637695 0.039062 0.029297
0 0.195312 0.688477 0.046875 0.111328
0 0.891602 0.682617 0.037109 0.056641
0 0.359375 0.688477 0.015625 0.052734
0 0.291016 0.734375 0.039062 0.050781
0 0.044922 0.799805 0.039062 0.091797
0 0.697266 0.816406 0.046875 0.066406
0 0.920898 0.822266 0.033203 0.042969
0 0.242188 0.859375 0.050781 0.039062
0 0.861328 0.906250 0.039062 0.066406
