0 0.630187 0.578148 0.034988 0.059334
0 0.431641 0.175781 0.058594 0.089844
0 0.580078 0.227539 0.085938 0.150391
0 0.172852 0.185547 0.029297 0.054688
0 0.232422 0.201172 0.039062 0.074219
0 0.157227 0.250977 0.064453 0.060547
0 0.362305 0.339844 0.033203 0.054688
0 0.140625 0.421875 0.039062 0.042969
0 0.323242 0.644531 0.087891 0.078125
0 0.654297 0.686523 0.054688 0.064453
0 0.792969 0.733398 0.074219 0.099609
0 0.608398 0.765625 0.033203 0.035156
0 0.208008 0.768555 0.037109 0.029297
0 0.480469 0.852539 0.039062 0.142578
0 0.633789 0.835938 0.056641 0.097656
0 0.533203 0.960214 0.050781 0.076678
