0 0.591131 0.603473 0.025224 0.043415
0 0.419922 0.040039 0.082031 0.080078
0 0.766602 0.090820 0.033203 0.060547
0 0.389648 0.204102 0.083984 0.025391
0 0.586914 0.255859 0.048828 0.054688
0 0.796875 0.327148 0.031250 0.033203
0 0.030273 0.390625 0.060547 0.015625
0 0.455078 0.450195 0.046875 0.029297
0 0.285156 0.517578 0.046875 0.031250
0 0.170898 0.537109 0.029297 0.046875
0 0.830078 0.533203 0.023438 0.042969
0 0.693359 0.622070 0.050781 0.052734
0 0.807617 0.609375 0.056641 0.023438
0 0.141602 0.739258 0.146484 0.103516
0 0.819336 0.732422 0.056641 0.046875
0 0.738281 0.791016 0.035156 0.078125
0 0.577148 0.802734 0.029297 0.078125
0 0.190430 0.824219 0.041016 0.035156
0 0.516602 0.853516 0.029297 0.042969
0 0.861328 0.909180 0.035156 0.060547
