0 0.529699 0.327062 0.039056 0.078148
0 0.862305 0.013672 0.033203 0.027344
0 0.166016 0.059570 0.042969 0.060547
0 0.750000 0.109375 0.050781 0.140625
0 0.404297 0.086914 0.042969 0.060547
0 0.499023 0.086914 0.052734 0.064453
0 0.073242 0.092773 0.029297 0.052734
0 0.849609 0.140625 0.050781 0.082031
0 0.920898 0.263672 0.021484 0.058594
0 0.088867 0.281250 0.052734 0.046875
0 0.239258 0.333984 0.041016 0.039062
0 0.612305 0.419922 0.029297 0.046875
0 0.422852 0.454102 0.021484 0.052734
0 0.169922 0.502930 0.023438 0.060547
0 0.498047 0.565430 0.046875 0.060547
0 0.891602 0.589844 0.021484 0.070312
0 0.296875 0.604492 0.027344 0.052734
0 0.343750 0.666992 0.046875 0.033203
0 0.546875 0.707031 0.015625 0.074219
0 0.393555 0.768555 0.025391 0.044922
0 0.270508 0.891602 0.037109 0.033203
0 0.422852 0.972909 0.029297 0.051287
