0 0.450366 0.180897 0.025224 0.043415
0 0.406250 0.045898 0.054688 0.091797
0 0.232422 0.084961 0.035156 0.068359
0 0.906250 0.106445 0.054688 0.072266
0 0.671875 0.122070 0.039062 0.068359
0 0.833008 0.179688 0.037109 0.070312
0 0.258789 0.183594 0.041016 0.050781
0 0.876953 0.249023 0.058594 0.056641
0 0.012695 0.347656 0.025391 0.042969
0 0.830078 0.373047 0.031250 0.054688
0 0.436523 0.409180 0.044922 0.052734
0 0.953125 0.451172 0.023438 0.082031
0 0.608398 0.453125 0.033203 0.054688
0 0.956055 0.624023 0.037109 0.056641
0 0.078125 0.635742 0.035156 0.044922
0 0.280273 0.654297 0.044922 0.046875
0 0.169922 0.688477 0.035156 0.068359
0 0.248047 0.806641 0.054688 0.085938
0 0.688477 0.874023 0.052734 0.115234
0 0.860352 0.941406 0.029297 0.074219
0 0.470703 0.958984 0.050781 0.039062
