0 0.557771 0.693198 0.041497 0.069465
0 0.859375 0.158203 0.023438 0.050781
0 0.607422 0.202148 0.039062 0.025391
0 0.641602 0.236328 0.025391 0.042969
0 0.951172 0.328125 0.039062 0.132812
0 0.830078 0.328125 0.035156 0.046875
0 0.109375 0.375000 0.019531 0.046875
0 0.581055 0.507812 0.041016 0.078125
0 0.987874 0.659180 0.022624 0.048828
0 0.016602 0.669922 0.033203 0.042969
0 0.239258 0.701172 0.044922 0.085938
0 0.169922 0.737305 0.042969 0.099609
0 0.784180 0.804688 0.056641 0.109375
0 0.091797 0.810547 0.058594 0.070312
0 0.169922 0.862305 0.042969 0.052734
0 0.584961 0.918945 0.076172 0.083984
0 0.784180 0.971933 0.056641 0.053240
