0 0.573230 0.399421 0.026851 0.054993
0 0.425781 0.094727 0.039062 0.064453
0 0.345703 0.188477 0.054688 0.068359
0 0.763672 0.312500 0.031250 0.117188
0 0.070312 0.292969 0.058594 0.031250
0 0.501953 0.319336 0.050781 0.048828
0 0.828125 0.437500 0.078125 0.054688
0 0.696289 0.499023 0.033203 0.052734
0 0.752930 0.814453 0.060547 0.175781
0 0.139648 0.756836 0.029297 0.052734
0 0.250000 0.809570 0.042969 0.044922
0 0.904297 0.854492 0.054688 0.072266
0 0.936523 0.908203 0.044922 0.109375
0 0.140625 0.914062 0.035156 0.097656
0 0.826172 0.892578 0.035156 0.039062
0 0.860352 0.956055 0.037109 0.041016
0 0.692383 0.969003 0.044922 0.059100
0 0.190430 0.985605 0.052734 0.025897
