0 0.460537 0.215630 0.019528 0.031838
0 0.164062 0.058594 0.046875 0.062500
0 0.666016 0.097656 0.035156 0.050781
0 0.591797 0.170898 0.042969 0.029297
0 0.171875 0.195312 0.027344 0.042969
0 0.345703 0.216797 0.046875 0.054688
0 0.482422 0.257812 0.019531 0.058594
0 0.667969 0.266602 0.031250 0.076172
0 0.125977 0.287109 0.052734 0.062500
0 0.275391 0.309570 0.046875 0.064453
0 0.926758 0.340820 0.029297 0.060547
0 0.236328 0.404297 0.039062 0.066406
0 0.097656 0.434570 0.046875 0.091797
0 0.815430 0.436523 0.044922 0.072266
0 0.558594 0.446289 0.042969 0.056641
0 0.322266 0.514648 0.082031 0.080078
0 0.234375 0.588867 0.031250 0.048828
0 0.739258 0.875977 0.064453 0.044922
0 0.654297 0.916992 0.046875 0.083984
0 0.782227 0.924805 0.044922 0.076172
0 0.551758 0.916992 0.033203 0.033203
0 0.451172 0.971933 0.015625 0.053240
0 0.094727 0.980722 0.052734 0.035662
