0 0.622457 0.327062 0.042311 0.066570
0 0.328125 0.028320 0.027344 0.056641
0 0.856445 0.042969 0.033203 0.039062
0 0.688477 0.160156 0.052734 0.050781
0 0.874023 0.190430 0.056641 0.107422
0 0.540039 0.185547 0.037109 0.062500
0 0.233398 0.174805 0.029297 0.037109
0 0.079102 0.214844 0.021484 0.046875
0 0.597656 0.247070 0.046875 0.048828
0 0.671875 0.253906 0.027344 0.058594
0 0.781250 0.408203 0.050781 0.054688
0 0.238281 0.427734 0.023438 0.082031
0 0.701172 0.434570 0.031250 0.064453
0 0.987874 0.471680 0.022624 0.052734
0 0.421875 0.488281 0.015625 0.074219
0 0.064453 0.605469 0.046875 0.082031
0 0.048828 0.734375 0.031250 0.089844
0 0.686523 0.784180 0.044922 0.052734
0 0.811523 0.888672 0.052734 0.089844
0 0.218750 0.927987 0.046875 0.141131
0 0.468750 0.882812 0.046875 0.035156
0 0.061523 0.936523 0.052734 0.056641
0 0.873047 0.985605 0.054688 0.025897
