0 0.542311 0.528220 0.039870 0.078148
0 0.533203 0.109375 0.062500 0.085938
0 0.721680 0.203125 0.044922 0.144531
0 0.094727 0.251953 0.052734 0.113281
0 0.435547 0.221680 0.050781 0.044922
0 0.376953 0.292969 0.046875 0.027344
0 0.888672 0.403320 0.066406 0.068359
0 0.295898 0.403320 0.025391 0.060547
0 0.545898 0.437500 0.021484 0.046875
0 0.109375 0.444336 0.027344 0.044922
0 0.454102 0.486328 0.025391 0.082031
0 0.293945 0.482422 0.033203 0.039062
0 0.656250 0.500977 0.050781 0.080078
0 0.219727 0.616211 0.052734 0.076172
0 0.794922 0.687500 0.023438 0.050781
0 0.798828 0.776367 0.023438 0.060547
0 0.077148 0.844727 0.041016 0.068359
0 0.530273 0.902344 0.052734 0.070312
0 0.903320 0.920898 0.056641 0.087891
