0 0.412531 0.634588 0.037429 0.068017
0 0.548828 0.016602 0.027344 0.033203
0 0.830078 0.028320 0.023438 0.056641
0 0.780273 0.081055 0.060547 0.083984
0 0.534180 0.076172 0.056641 0.062500
0 0.139648 0.110352 0.037109 0.041016
0 0.923828 0.129883 0.035156 0.068359
0 0.152344 0.252930 0.062500 0.119141
0 0.577148 0.233398 0.033203 0.083984
0 0.047852 0.282227 0.025391 0.048828
0 0.686523 0.356445 0.056641 0.095703
0 0.293945 0.384766 0.041016 0.085938
0 0.588867 0.372070 0.048828 0.060547
0 0.245117 0.613281 0.052734 0.035156
0 0.076172 0.641602 0.035156 0.037109
0 0.652344 0.653320 0.050781 0.060547
0 0.108398 0.812500 0.029297 0.054688
0 0.211914 0.964120 0.052734 0.068865
