0 0.410496 0.685239 0.039870 0.073806
0 0.862305 0.043945 0.033203 0.033203
0 0.200195 0.052734 0.041016 0.042969
0 0.079102 0.111328 0.029297 0.039062
0 0.734375 0.156250 0.078125 0.109375
0 0.370117 0.141602 0.044922 0.072266
0 0.871094 0.135742 0.062500 0.033203
0 0.968343 0.140625 0.061686 0.035156
0 0.611328 0.172852 0.070312 0.021484
0 0.393555 0.272461 0.025391 0.056641
0 0.016602 0.281250 0.033203 0.050781
0 0.125000 0.454102 0.054688 0.087891
0 0.171875 0.548828 0.027344 0.042969
0 0.607422 0.624023 0.031250 0.064453
0 0.358398 0.637695 0.029297 0.064453
0 0.317383 0.778320 0.044922 0.056641
0 0.749023 0.794922 0.052734 0.078125
0 0.083984 0.826172 0.078125 0.082031
0 0.346680 0.838867 0.044922 0.060547
0 0.483398 0.888672 0.076172 0.089844
0 0.885742 0.901367 0.044922 0.060547
