0 0.511798 0.735166 0.021155 0.040521
0 0.345703 0.109375 0.054688 0.027344
0 0.860352 0.239258 0.037109 0.083984
0 0.749023 0.231445 0.052734 0.025391
0 0.394531 0.321289 0.097656 0.134766
0 0.126953 0.305664 0.058594 0.068359
0 0.827148 0.369141 0.037109 0.058594
0 0.375000 0.424805 0.046875 0.068359
0 0.516602 0.515625 0.013672 0.070312
0 0.281250 0.528320 0.058594 0.087891
0 0.420898 0.508789 0.025391 0.041016
0 0.851562 0.671875 0.046875 0.023438
0 0.791992 0.753906 0.076172 0.171875
0 0.265625 0.750000 0.031250 0.058594
0 0.125000 0.734375 0.046875 0.019531
0 0.475586 0.884766 0.052734 0.144531
0 0.231445 0.877930 0.025391 0.048828
0 0.251953 0.970956 0.050781 0.055193
