0 0.471115 0.474674 0.021155 0.037627
0 0.690430 0.081055 0.056641 0.091797
0 0.518555 0.090820 0.072266 0.044922
0 0.388672 0.124023 0.035156 0.068359
0 0.534180 0.183594 0.052734 0.054688
0 0.422852 0.189453 0.025391 0.054688
0 0.638672 0.231445 0.031250 0.083984
0 0.764648 0.247070 0.033203 0.056641
0 0.691406 0.315430 0.042969 0.052734
0 0.041992 0.362305 0.037109 0.083984
0 0.546875 0.455078 0.031250 0.042969
0 0.243164 0.529297 0.060547 0.058594
0 0.922852 0.578125 0.033203 0.089844
0 0.234375 0.576172 0.039062 0.035156
0 0.111328 0.622070 0.023438 0.044922
0 0.657227 0.658203 0.048828 0.050781
0 0.547852 0.693359 0.029297 0.070312
0 0.124023 0.825195 0.044922 0.029297
0 0.573242 0.890625 0.033203 0.035156
0 0.656250 0.921875 0.046875 0.078125
0 0.827148 0.948495 0.033203 0.100115
0 0.921875 0.952148 0.031250 0.037109
