0 0.627339 0.898698 0.021155 0.043415
0 0.606445 0.213867 0.025391 0.044922
0 0.236328 0.359375 0.085938 0.085938
0 0.296875 0.450195 0.031250 0.033203
0 0.235352 0.564453 0.025391 0.050781
0 0.050781 0.596680 0.031250 0.052734
0 0.641602 0.624023 0.041016 0.107422
0 0.823242 0.759766 0.087891 0.226562
0 0.986898 0.749023 0.024577 0.060547
0 0.010742 0.751953 0.021484 0.042969
0 0.452148 0.878906 0.025391 0.046875
0 0.073242 0.888672 0.072266 0.035156
0 0.860352 0.903320 0.025391 0.056641
0 0.688477 0.933594 0.044922 0.042969
0 0.546875 0.974862 0.023438 0.047381
