0 0.358015 0.829233 0.029292 0.054993
0 0.396484 0.013672 0.035156 0.027344
0 0.171875 0.120117 0.019531 0.052734
0 0.670898 0.142578 0.037109 0.046875
0 0.980062 0.170898 0.038249 0.025391
0 0.085938 0.190430 0.039062 0.052734
0 0.785156 0.242188 0.050781 0.050781
0 0.248047 0.329102 0.046875 0.142578
0 0.109375 0.328125 0.031250 0.074219
0 0.327148 0.349609 0.025391 0.058594
0 0.791016 0.372070 0.054688 0.068359
0 0.279297 0.419922 0.046875 0.023438
0 0.558594 0.438477 0.054688 0.060547
0 0.673828 0.515625 0.015625 0.074219
0 0.159180 0.590820 0.056641 0.166016
0 0.922852 0.612305 0.021484 0.083984
0 0.548828 0.668945 0.035156 0.087891
0 0.629883 0.758789 0.041016 0.056641
0 0.806641 0.783203 0.050781 0.089844
0 0.095703 0.794922 0.050781 0.085938
0 0.225586 0.809570 0.044922 0.060547
0 0.605469 0.889648 0.023438 0.068359
0 0.327148 0.968026 0.029297 0.061053
