0 0.490236 0.597685 0.018714 0.037627
0 0.627930 0.064453 0.052734 0.062500
0 0.561523 0.140625 0.044922 0.035156
0 0.779297 0.136719 0.050781 0.031250
0 0.125977 0.225586 0.052734 0.056641
0 0.372070 0.238281 0.056641 0.082031
0 0.282227 0.228516 0.048828 0.046875
0 0.905273 0.396484 0.052734 0.089844
0 0.192383 0.435547 0.048828 0.054688
0 0.812500 0.578125 0.050781 0.035156
0 0.597656 0.676758 0.046875 0.083984
0 0.671875 0.670898 0.031250 0.033203
0 0.827148 0.670898 0.037109 0.029297
0 0.938477 0.736328 0.048828 0.089844
0 0.454102 0.891602 0.080078 0.080078
0 0.044922 0.934570 0.031250 0.056641
0 0.926758 0.922852 0.041016 0.033203
0 0.158203 0.937500 0.054688 0.050781
