0 0.559398 0.659913 0.033360 0.043415
0 0.310547 0.078125 0.050781 0.085938
0 0.874023 0.060547 0.052734 0.046875
0 0.544922 0.067383 0.031250 0.056641
0 0.653320 0.116211 0.052734 0.080078
0 0.457031 0.114258 0.039062 0.044922
0 0.534180 0.147461 0.048828 0.052734
0 0.987874 0.211914 0.022624 0.091797
0 0.243164 0.219727 0.052734 0.064453
0 0.013672 0.312500 0.027344 0.058594
0 0.793945 0.335938 0.025391 0.062500
0 0.750977 0.407227 0.044922 0.044922
0 0.105469 0.417969 0.042969 0.050781
0 0.876953 0.501953 0.054688 0.058594
0 0.954102 0.513672 0.033203 0.035156
0 0.040039 0.611328 0.033203 0.078125
0 0.231445 0.641602 0.025391 0.083984
0 0.139648 0.727539 0.029297 0.041016
0 0.262695 0.747070 0.021484 0.044922
0 0.324219 0.790039 0.023438 0.048828
0 0.883789 0.824219 0.044922 0.082031
0 0.094727 0.820312 0.044922 0.054688
0 0.751953 0.889648 0.054688 0.037109
0 0.202148 0.924805 0.037109 0.029297
0 0.781250 0.987558 0.042969 0.021990
