0 0.462571 0.544863 0.028478 0.059334
0 0.375977 0.024414 0.056641 0.048828
0 0.612305 0.031250 0.021484 0.062500
0 0.668945 0.063477 0.037109 0.041016
0 0.967367 0.140625 0.063639 0.093750
0 0.203125 0.214844 0.078125 0.062500
0 0.316406 0.260742 0.050781 0.095703
0 0.201172 0.284180 0.023438 0.052734
0 0.203125 0.375000 0.027344 0.066406
0 0.339844 0.471680 0.039062 0.044922
0 0.467773 0.679688 0.068359 0.109375
0 0.857422 0.673828 0.035156 0.035156
0 0.857422 0.797852 0.019531 0.072266
0 0.592773 0.811523 0.056641 0.064453
0 0.653320 0.941406 0.060547 0.066406
0 0.308594 0.944336 0.058594 0.052734
0 0.749023 0.972909 0.052734 0.051287
