0 0.758340 0.510854 0.030919 0.060781
0 0.454102 0.083984 0.029297 0.058594
0 0.513672 0.139648 0.035156 0.033203
0 0.787109 0.214844 0.101562 0.062500
0 0.014648 0.276367 0.029297 0.060547
0 0.595703 0.316406 0.050781 0.113281
0 0.153320 0.294922 0.044922 0.023438
0 0.236328 0.333008 0.027344 0.087891
0 0.157227 0.384766 0.052734 0.082031
0 0.864258 0.401367 0.044922 0.064453
0 0.621094 0.386719 0.046875 0.027344
0 0.978109 0.390625 0.042155 0.035156
0 0.235352 0.416992 0.037109 0.041016
0 0.077148 0.518555 0.033203 0.095703
0 0.263672 0.506836 0.027344 0.048828
0 0.233398 0.595703 0.029297 0.054688
0 0.207031 0.654297 0.035156 0.054688
0 0.311523 0.681641 0.052734 0.109375
0 0.076172 0.694336 0.027344 0.048828
0 0.029297 0.888672 0.058594 0.074219
