0 0.497559 0.572359 0.043124 0.068017
0 0.782227 0.048828 0.052734 0.027344
0 0.726562 0.084961 0.039062 0.033203
0 0.971273 0.094727 0.055827 0.056641
0 0.129883 0.239258 0.056641 0.064453
0 0.470703 0.252930 0.054688 0.048828
0 0.197266 0.322266 0.031250 0.054688
0 0.202148 0.389648 0.029297 0.044922
0 0.926758 0.421875 0.037109 0.031250
0 0.027344 0.453125 0.054688 0.027344
0 0.126953 0.517578 0.058594 0.093750
0 0.607422 0.485352 0.035156 0.029297
0 0.014648 0.527344 0.029297 0.042969
0 0.302734 0.547852 0.039062 0.029297
0 0.688477 0.562500 0.052734 0.050781
0 0.325195 0.668945 0.033203 0.083984
0 0.263672 0.700195 0.031250 0.044922
0 0.274414 0.831055 0.048828 0.056641
0 0.080078 0.866211 0.082031 0.119141
0 0.700195 0.905273 0.025391 0.052734
0 0.219727 0.941406 0.056641 0.062500
0 0.625000 0.956308 0.046875 0.084490
0 0.419922 0.983651 0.031250 0.029803
