0 0.620423 0.336469 0.038242 0.065123
0 0.327148 0.027344 0.029297 0.054688
0 0.857422 0.042969 0.031250 0.039062
0 0.688477 0.160156 0.052734 0.050781
0 0.873047 0.190430 0.054688 0.103516
0 0.541992 0.184570 0.037109 0.064453
0 0.234375 0.175781 0.027344 0.039062
0 0.600586 0.246094 0.044922 0.050781
0 0.671875 0.254883 0.031250 0.060547
0 0.782227 0.408203 0.052734 0.054688
0 0.238281 0.423828 0.023438 0.074219
0 0.701172 0.433594 0.031250 0.066406
0 0.987874 0.469727 0.022624 0.052734
0 0.064453 0.604492 0.046875 0.080078
0 0.639648 0.670898 0.017578 0.072266
0 0.048828 0.734375 0.031250 0.089844
0 0.685547 0.781250 0.042969 0.058594
0 0.466797 0.861328 0.046875 0.082031
0 0.811523 0.888672 0.052734 0.089844
0 0.217773 0.910156 0.044922 0.105469
0 0.061523 0.936523 0.052734 0.056641
0 0.873047 0.985605 0.054688 0.025897
