0 0.626526 0.908104 0.022783 0.050651
0 0.892578 0.015625 0.031250 0.031250
0 0.013672 0.111328 0.027344 0.035156
0 0.325195 0.189453 0.033203 0.066406
0 0.528320 0.248047 0.048828 0.046875
0 0.988851 0.314453 0.020671 0.046875
0 0.311523 0.330078 0.048828 0.027344
0 0.338867 0.390625 0.044922 0.039062
0 0.434570 0.439453 0.052734 0.082031
0 0.765625 0.435547 0.031250 0.062500
0 0.826172 0.572266 0.023438 0.042969
0 0.857422 0.632812 0.027344 0.062500
0 0.156250 0.779297 0.058594 0.062500
0 0.510742 0.782227 0.033203 0.056641
0 0.012695 0.810547 0.025391 0.046875
0 0.457031 0.808594 0.035156 0.042969
0 0.489258 0.854492 0.033203 0.033203
0 0.594727 0.870117 0.048828 0.068359
0 0.197266 0.875000 0.039062 0.062500
0 0.827148 0.918945 0.017578 0.076172
0 0.748047 0.942383 0.054688 0.060547
0 0.608398 0.969980 0.021484 0.057147
0 0.481445 0.983651 0.033203 0.029803
