0 0.359642 0.364689 0.024410 0.043415
0 0.279297 0.151367 0.058594 0.115234
0 0.049805 0.186523 0.041016 0.072266
0 0.195312 0.172852 0.050781 0.029297
0 0.952148 0.258789 0.029297 0.091797
0 0.014648 0.247070 0.029297 0.041016
0 0.326172 0.282227 0.035156 0.064453
0 0.262695 0.354492 0.033203 0.087891
0 0.843750 0.375000 0.046875 0.046875
0 0.341797 0.439453 0.042969 0.062500
0 0.983968 0.481445 0.030436 0.037109
0 0.823242 0.486328 0.083984 0.027344
0 0.076172 0.516602 0.031250 0.056641
0 0.330078 0.522461 0.019531 0.052734
0 0.190430 0.584961 0.060547 0.095703
0 0.893555 0.599609 0.025391 0.058594
0 0.010742 0.625000 0.021484 0.042969
0 0.984945 0.667969 0.028483 0.042969
0 0.985921 0.731445 0.026530 0.033203
0 0.363281 0.806641 0.074219 0.101562
0 0.965413 0.804688 0.067546 0.054688
0 0.266602 0.865234 0.021484 0.082031
0 0.139648 0.942636 0.033203 0.111834
