0 0.602522 0.770622 0.020342 0.039074
0 0.581055 0.028320 0.021484 0.056641
0 0.746094 0.013672 0.046875 0.027344
0 0.501953 0.064453 0.050781 0.050781
0 0.442383 0.147461 0.048828 0.080078
0 0.683594 0.144531 0.046875 0.039062
0 0.954102 0.159180 0.029297 0.056641
0 0.175781 0.230469 0.031250 0.035156
0 0.703125 0.298828 0.031250 0.035156
0 0.396484 0.316406 0.042969 0.058594
0 0.164062 0.326172 0.039062 0.039062
0 0.013672 0.333008 0.027344 0.033203
0 0.714844 0.484375 0.050781 0.140625
0 0.160156 0.525391 0.050781 0.054688
0 0.925781 0.544922 0.035156 0.031250
0 0.412109 0.548828 0.046875 0.031250
0 0.172852 0.591797 0.029297 0.042969
0 0.453125 0.734375 0.019531 0.082031
0 0.108398 0.733398 0.033203 0.037109
0 0.826172 0.747070 0.027344 0.052734
0 0.748047 0.814453 0.046875 0.066406
0 0.389648 0.872070 0.033203 0.052734
0 0.532227 0.900391 0.056641 0.062500
0 0.232422 0.957284 0.027344 0.082537
0 0.749023 0.942383 0.048828 0.056641
0 0.841797 0.956308 0.050781 0.084490
0 0.949219 0.980722 0.031250 0.035662
0 0.336914 0.986581 0.052734 0.023943
