0 0.528072 0.334298 0.034174 0.066570
0 0.166016 0.058594 0.042969 0.058594
0 0.750000 0.109375 0.050781 0.140625
0 0.403320 0.086914 0.044922 0.060547
0 0.498047 0.085938 0.050781 0.062500
0 0.074219 0.093750 0.027344 0.050781
0 0.849609 0.140625 0.050781 0.082031
0 0.920898 0.259766 0.021484 0.058594
0 0.462891 0.281250 0.050781 0.054688
0 0.088867 0.281250 0.048828 0.046875
0 0.238281 0.333984 0.042969 0.039062
0 0.612305 0.396484 0.033203 0.093750
0 0.422852 0.452148 0.021484 0.048828
0 0.169922 0.500977 0.023438 0.056641
0 0.498047 0.565430 0.046875 0.060547
0 0.891602 0.589844 0.021484 0.066406
0 0.296875 0.602539 0.027344 0.052734
0 0.342773 0.666992 0.048828 0.033203
0 0.546875 0.705078 0.015625 0.078125
0 0.396484 0.741211 0.031250 0.091797
0 0.270508 0.891602 0.037109 0.033203
0 0.423828 0.972909 0.027344 0.051287
