0 0.612693 0.668596 0.040683 0.063676
0 0.310547 0.061523 0.054688 0.052734
0 0.014648 0.272461 0.029297 0.044922
0 0.217773 0.295898 0.052734 0.087891
0 0.088867 0.301758 0.052734 0.087891
0 0.592773 0.360352 0.052734 0.087891
0 0.906250 0.362305 0.058594 0.087891
0 0.206055 0.359375 0.037109 0.039062
0 0.399414 0.376953 0.048828 0.050781
0 0.329102 0.394531 0.041016 0.039062
0 0.702148 0.458008 0.029297 0.037109
0 0.424805 0.478516 0.041016 0.066406
0 0.299805 0.496094 0.033203 0.070312
0 0.547852 0.514648 0.033203 0.080078
0 0.232422 0.514648 0.031250 0.033203
0 0.193359 0.603516 0.050781 0.039062
0 0.685547 0.877930 0.054688 0.185547
0 0.109375 0.827148 0.035156 0.037109
0 0.578125 0.919922 0.027344 0.085938
0 0.389648 0.906250 0.021484 0.046875
0 0.107422 0.955078 0.039062 0.042969
