0 0.566314 0.756874 0.017901 0.037627
0 0.332031 0.014648 0.035156 0.029297
0 0.264648 0.048828 0.037109 0.039062
0 0.610352 0.082031 0.076172 0.027344
0 0.496094 0.120117 0.046875 0.048828
0 0.158203 0.150391 0.066406 0.074219
0 0.550781 0.169922 0.070312 0.027344
0 0.042969 0.214844 0.035156 0.062500
0 0.305664 0.235352 0.052734 0.056641
0 0.450195 0.288086 0.033203 0.044922
0 0.655273 0.315430 0.052734 0.052734
0 0.908203 0.360352 0.058594 0.041016
0 0.350586 0.403320 0.064453 0.048828
0 0.736328 0.418945 0.027344 0.068359
0 0.277344 0.466797 0.046875 0.054688
0 0.707031 0.509766 0.027344 0.054688
0 0.292969 0.531250 0.039062 0.062500
0 0.058594 0.653320 0.042969 0.044922
0 0.356445 0.749023 0.033203 0.060547
0 0.433594 0.796875 0.054688 0.039062
0 0.178711 0.808594 0.037109 0.050781
0 0.315430 0.798828 0.048828 0.027344
0 0.703125 0.832031 0.031250 0.042969
0 0.514648 0.861328 0.029297 0.035156
0 0.234375 0.921875 0.031250 0.035156
