0 0.349064 0.565123 0.042311 0.070912
0 0.350586 0.092773 0.044922 0.064453
0 0.827148 0.091797 0.021484 0.046875
0 0.095703 0.149414 0.058594 0.072266
0 0.754883 0.167969 0.048828 0.035156
0 0.158203 0.249023 0.066406 0.068359
0 0.765625 0.263672 0.035156 0.089844
0 0.798828 0.325195 0.031250 0.037109
0 0.108398 0.378906 0.033203 0.054688
0 0.606445 0.419922 0.041016 0.039062
0 0.171875 0.441406 0.031250 0.058594
0 0.254883 0.469727 0.044922 0.119141
0 0.732422 0.485352 0.039062 0.044922
0 0.410156 0.516602 0.050781 0.037109
0 0.161133 0.533203 0.048828 0.062500
0 0.642578 0.625000 0.085938 0.113281
0 0.375000 0.625000 0.054688 0.062500
0 0.779297 0.732422 0.054688 0.085938
0 0.907227 0.856445 0.056641 0.064453
0 0.438477 0.965097 0.052734 0.066912
