0 0.347030 0.622287 0.038242 0.063676
0 0.872070 0.213867 0.056641 0.072266
0 0.283203 0.250000 0.046875 0.050781
0 0.660156 0.317383 0.042969 0.060547
0 0.380859 0.356445 0.050781 0.091797
0 0.106445 0.348633 0.041016 0.064453
0 0.907227 0.440430 0.060547 0.060547
0 0.425781 0.476562 0.031250 0.101562
0 0.590820 0.483398 0.052734 0.087891
0 0.281250 0.563477 0.046875 0.044922
0 0.409180 0.576172 0.041016 0.035156
0 0.080078 0.596680 0.082031 0.052734
0 0.172852 0.632812 0.025391 0.046875
0 0.815430 0.694336 0.060547 0.064453
0 0.583008 0.744141 0.029297 0.042969
0 0.718750 0.776367 0.054688 0.064453
0 0.517578 0.850586 0.046875 0.083984
0 0.812500 0.872070 0.054688 0.056641
0 0.248047 0.983651 0.039062 0.029803
