0 0.367779 0.520984 0.026037 0.052098
0 0.318359 0.048828 0.042969 0.050781
0 0.971273 0.104492 0.055827 0.029297
0 0.079102 0.128906 0.029297 0.062500
0 0.687500 0.134766 0.054688 0.035156
0 0.422852 0.145508 0.025391 0.041016
0 0.405273 0.196289 0.048828 0.037109
0 0.163086 0.216797 0.048828 0.066406
0 0.557617 0.249023 0.048828 0.064453
0 0.454102 0.280273 0.037109 0.056641
0 0.793945 0.280273 0.025391 0.052734
0 0.860352 0.309570 0.025391 0.060547
0 0.555664 0.343750 0.048828 0.074219
0 0.455078 0.400391 0.031250 0.050781
0 0.233398 0.436523 0.033203 0.068359
0 0.987874 0.434570 0.022624 0.041016
0 0.038086 0.510742 0.041016 0.044922
0 0.250000 0.579102 0.054688 0.087891
0 0.611328 0.655273 0.070312 0.048828
0 0.718750 0.672852 0.042969 0.068359
0 0.484375 0.798828 0.042969 0.085938
0 0.189453 0.879883 0.050781 0.107422
0 0.264648 0.961190 0.029297 0.074725
