0 0.355167 0.532562 0.039870 0.081042
0 0.676758 0.013672 0.037109 0.027344
0 0.440430 0.092773 0.052734 0.056641
0 0.045898 0.120117 0.033203 0.060547
0 0.537109 0.141602 0.058594 0.091797
0 0.246094 0.139648 0.046875 0.083984
0 0.294922 0.180664 0.027344 0.083984
0 0.488281 0.217773 0.027344 0.048828
0 0.530273 0.252930 0.044922 0.044922
0 0.609375 0.300781 0.039062 0.058594
0 0.163086 0.402344 0.048828 0.066406
0 0.893555 0.402344 0.029297 0.058594
0 0.044922 0.480469 0.035156 0.042969
0 0.746094 0.517578 0.046875 0.093750
0 0.917969 0.499023 0.035156 0.056641
0 0.579102 0.569336 0.025391 0.044922
0 0.281250 0.593750 0.054688 0.054688
0 0.378906 0.645508 0.050781 0.091797
0 0.318359 0.813477 0.046875 0.119141
0 0.082031 0.876953 0.078125 0.062500
0 0.515625 0.933594 0.019531 0.050781
0 0.076172 0.934570 0.035156 0.044922
0 0.139648 0.984628 0.029297 0.027850
