0 0.325468 0.289436 0.027665 0.043415
0 0.441406 0.013672 0.042969 0.027344
0 0.720703 0.012695 0.042969 0.025391
0 0.849609 0.021484 0.046875 0.042969
0 0.366211 0.041992 0.037109 0.041016
0 0.202148 0.061523 0.021484 0.048828
0 0.727539 0.076172 0.041016 0.027344
0 0.781250 0.101562 0.066406 0.054688
0 0.236328 0.108398 0.039062 0.037109
0 0.437500 0.155273 0.046875 0.048828
0 0.909180 0.282227 0.056641 0.068359
0 0.544922 0.295898 0.023438 0.080078
0 0.986898 0.296875 0.024577 0.035156
0 0.796875 0.337891 0.039062 0.058594
0 0.986898 0.430664 0.024577 0.052734
0 0.249023 0.530273 0.056641 0.060547
0 0.845703 0.601562 0.058594 0.089844
0 0.243164 0.621094 0.064453 0.062500
0 0.453125 0.652344 0.031250 0.050781
0 0.911133 0.663086 0.044922 0.037109
0 0.098633 0.703125 0.052734 0.031250
0 0.842773 0.858398 0.064453 0.107422
0 0.173828 0.935547 0.019531 0.062500
0 0.096680 0.951172 0.056641 0.039062
