0 0.480472 0.667873 0.031733 0.050651
0 0.110352 0.050781 0.029297 0.042969
0 0.706055 0.052734 0.064453 0.035156
0 0.550781 0.122070 0.023438 0.056641
0 0.627930 0.178711 0.111328 0.064453
0 0.467773 0.167969 0.056641 0.035156
0 0.224609 0.218750 0.054688 0.062500
0 0.859375 0.266602 0.019531 0.080078
0 0.327148 0.288086 0.025391 0.041016
0 0.467773 0.315430 0.060547 0.095703
0 0.641602 0.292969 0.033203 0.050781
0 0.669922 0.418945 0.035156 0.041016
0 0.413086 0.464844 0.056641 0.070312
0 0.760742 0.466797 0.076172 0.074219
0 0.185547 0.517578 0.062500 0.031250
0 0.392578 0.602539 0.035156 0.080078
0 0.545898 0.593750 0.033203 0.058594
0 0.266602 0.793945 0.037109 0.041016
0 0.189453 0.908203 0.058594 0.074219
0 0.798828 0.916016 0.027344 0.058594
0 0.139648 0.983651 0.029297 0.029803
