0 0.349878 0.549204 0.024410 0.044863
0 0.792969 0.026367 0.031250 0.052734
0 0.562500 0.085938 0.054688 0.074219
0 0.269531 0.091797 0.039062 0.050781
0 0.407227 0.141602 0.056641 0.091797
0 0.453125 0.120117 0.027344 0.052734
0 0.953125 0.152344 0.035156 0.062500
0 0.866211 0.251953 0.041016 0.054688
0 0.299805 0.296875 0.029297 0.082031
0 0.715820 0.432617 0.048828 0.056641
0 0.798828 0.448242 0.031250 0.091797
0 0.112305 0.456055 0.041016 0.037109
0 0.903320 0.500000 0.056641 0.070312
0 0.656250 0.571289 0.054688 0.099609
0 0.736328 0.762695 0.031250 0.033203
0 0.657227 0.806641 0.048828 0.078125
0 0.628906 0.849609 0.050781 0.054688
0 0.540039 0.860352 0.041016 0.037109
0 0.794922 0.899414 0.035156 0.052734
0 0.900391 0.905273 0.046875 0.060547
0 0.222656 0.918945 0.046875 0.041016
0 0.936523 0.938477 0.048828 0.044922
0 0.680664 0.975839 0.044922 0.045428
