0 0.462978 0.678726 0.047193 0.083936
0 0.659180 0.098633 0.064453 0.111328
0 0.517578 0.073242 0.031250 0.033203
0 0.137695 0.140625 0.037109 0.031250
0 0.827148 0.142578 0.033203 0.035156
0 0.231445 0.251953 0.021484 0.054688
0 0.873047 0.250977 0.050781 0.048828
0 0.390625 0.265625 0.035156 0.031250
0 0.219727 0.321289 0.060547 0.115234
0 0.752930 0.356445 0.052734 0.037109
0 0.694336 0.407227 0.044922 0.060547
0 0.988851 0.406250 0.020671 0.042969
0 0.263672 0.444336 0.035156 0.056641
0 0.094727 0.464844 0.068359 0.066406
0 0.332031 0.463867 0.039062 0.056641
0 0.564453 0.513672 0.050781 0.089844
0 0.986898 0.508789 0.024577 0.060547
0 0.986898 0.571289 0.024577 0.044922
0 0.233398 0.607422 0.033203 0.039062
0 0.812500 0.638672 0.054688 0.027344
0 0.985921 0.692383 0.026530 0.044922
0 0.734375 0.725586 0.035156 0.056641
0 0.109375 0.783203 0.031250 0.058594
0 0.390625 0.844727 0.019531 0.068359
0 0.232422 0.879883 0.023438 0.091797
0 0.624023 0.854492 0.052734 0.033203
