0 0.410903 0.459479 0.040683 0.079595
0 0.328125 0.046875 0.035156 0.035156
0 0.434570 0.093750 0.048828 0.113281
0 0.842773 0.113281 0.064453 0.089844
0 0.559570 0.138672 0.044922 0.085938
0 0.042969 0.218750 0.031250 0.062500
0 0.746094 0.248047 0.062500 0.113281
0 0.407227 0.271484 0.052734 0.152344
0 0.188477 0.345703 0.056641 0.082031
0 0.291992 0.362305 0.033203 0.033203
0 0.674805 0.375000 0.025391 0.050781
0 0.796875 0.636719 0.031250 0.042969
0 0.891602 0.652344 0.037109 0.074219
0 0.138672 0.709961 0.031250 0.052734
0 0.312500 0.765625 0.050781 0.070312
0 0.515625 0.781250 0.031250 0.058594
0 0.875000 0.855469 0.046875 0.023438
0 0.579102 0.903320 0.076172 0.111328
0 0.360352 0.890625 0.017578 0.078125
