0 0.539463 0.620839 0.039056 0.066570
0 0.389648 0.027344 0.017578 0.054688
0 0.855469 0.098633 0.082031 0.052734
0 0.523438 0.122070 0.054688 0.048828
0 0.651367 0.161133 0.048828 0.048828
0 0.235352 0.216797 0.025391 0.117188
0 0.564453 0.194336 0.050781 0.048828
0 0.608398 0.250977 0.033203 0.060547
0 0.899414 0.278320 0.052734 0.064453
0 0.138672 0.292969 0.031250 0.085938
0 0.214844 0.351562 0.050781 0.066406
0 0.655273 0.377930 0.056641 0.060547
0 0.294922 0.527344 0.027344 0.062500
0 0.872070 0.517578 0.044922 0.027344
0 0.171875 0.605469 0.035156 0.039062
0 0.329102 0.632812 0.029297 0.074219
0 0.825195 0.630859 0.025391 0.046875
0 0.702148 0.651367 0.033203 0.056641
0 0.483398 0.668945 0.025391 0.060547
0 0.434570 0.874023 0.044922 0.052734
0 0.327148 0.953378 0.017578 0.090350
0 0.530273 0.977792 0.044922 0.041522
