0 0.577705 0.809696 0.022783 0.039074
0 0.405273 0.068359 0.064453 0.070312
0 0.011719 0.133789 0.023438 0.052734
0 0.858398 0.156250 0.033203 0.066406
0 0.477539 0.179688 0.048828 0.085938
0 0.800781 0.206055 0.035156 0.060547
0 0.359375 0.218750 0.019531 0.050781
0 0.135742 0.250977 0.041016 0.068359
0 0.640625 0.309570 0.015625 0.060547
0 0.110352 0.372070 0.095703 0.060547
0 0.744141 0.466797 0.054688 0.062500
0 0.221680 0.562500 0.048828 0.058594
0 0.924805 0.636719 0.037109 0.089844
0 0.453125 0.645508 0.019531 0.087891
0 0.896484 0.834961 0.046875 0.087891
0 0.328125 0.908203 0.035156 0.054688
0 0.766602 0.940430 0.041016 0.080078
0 0.434570 0.966073 0.048828 0.064959
