0 0.502441 0.541245 0.030106 0.052098
0 0.411133 0.137695 0.048828 0.041016
0 0.344727 0.227539 0.060547 0.060547
0 0.023438 0.250977 0.046875 0.041016
0 0.294922 0.327148 0.070312 0.087891
0 0.448242 0.356445 0.041016 0.037109
0 0.295898 0.438477 0.025391 0.068359
0 0.280273 0.594727 0.056641 0.048828
0 0.814453 0.622070 0.058594 0.095703
0 0.608398 0.625000 0.021484 0.050781
0 0.110352 0.756836 0.041016 0.091797
0 0.601562 0.796875 0.058594 0.074219
0 0.771484 0.830078 0.042969 0.085938
0 0.233398 0.848633 0.025391 0.087891
0 0.954102 0.828125 0.037109 0.042969
0 0.087891 0.875977 0.046875 0.119141
0 0.471680 0.893555 0.052734 0.091797
0 0.811523 0.919922 0.044922 0.023438
0 0.703125 0.952148 0.031250 0.041016
0 0.863281 0.955078 0.039062 0.031250
