0 0.427583 0.628075 0.062653 0.083936
0 0.480469 0.047852 0.042969 0.041016
0 0.242188 0.107422 0.082031 0.089844
0 0.904297 0.151367 0.058594 0.068359
0 0.546875 0.221680 0.031250 0.060547
0 0.672852 0.378906 0.025391 0.054688
0 0.421875 0.467773 0.019531 0.111328
0 0.804688 0.476562 0.046875 0.109375
0 0.890625 0.450195 0.031250 0.041016
0 0.673828 0.472656 0.031250 0.062500
0 0.175781 0.640625 0.042969 0.035156
0 0.523438 0.815430 0.046875 0.060547
0 0.747070 0.920898 0.123047 0.099609
0 0.455078 0.921875 0.042969 0.039062
0 0.387695 0.982675 0.033203 0.031756
