0 0.578926 0.559334 0.033360 0.062229
0 0.755859 0.081055 0.042969 0.083984
0 0.808594 0.102539 0.062500 0.119141
0 0.266602 0.125000 0.025391 0.050781
0 0.489258 0.189453 0.083984 0.109375
0 0.734375 0.270508 0.019531 0.072266
0 0.583984 0.368164 0.035156 0.064453
0 0.858398 0.440430 0.029297 0.048828
0 0.832031 0.585938 0.085938 0.160156
0 0.734375 0.607422 0.015625 0.136719
0 0.953125 0.626953 0.031250 0.058594
0 0.295898 0.686523 0.021484 0.052734
0 0.783203 0.789062 0.050781 0.078125
0 0.817383 0.834961 0.048828 0.083984
0 0.957031 0.857422 0.039062 0.093750
