0 0.442229 0.562952 0.043124 0.072359
0 0.470703 0.102539 0.054688 0.037109
0 0.190430 0.137695 0.056641 0.083984
0 0.796875 0.152344 0.027344 0.046875
0 0.970296 0.186523 0.057780 0.052734
0 0.439453 0.203125 0.046875 0.019531
0 0.141602 0.235352 0.044922 0.033203
0 0.673828 0.242188 0.027344 0.039062
0 0.289062 0.264648 0.042969 0.044922
0 0.374023 0.265625 0.048828 0.027344
0 0.835938 0.308594 0.042969 0.101562
0 0.437500 0.339844 0.050781 0.058594
0 0.946289 0.358398 0.029297 0.064453
0 0.620117 0.390625 0.044922 0.078125
0 0.327148 0.402344 0.033203 0.046875
0 0.541016 0.409180 0.027344 0.044922
0 0.813477 0.438477 0.052734 0.044922
0 0.189453 0.484375 0.046875 0.027344
0 0.677734 0.622070 0.039062 0.060547
0 0.640625 0.923828 0.035156 0.089844
0 0.108398 0.937500 0.025391 0.046875
