0 0.436127 0.553546 0.042311 0.073806
0 0.547852 0.030273 0.033203 0.060547
0 0.131836 0.047852 0.056641 0.041016
0 0.486328 0.082031 0.039062 0.066406
0 0.859375 0.161133 0.023438 0.056641
0 0.407227 0.169922 0.048828 0.042969
0 0.073242 0.169922 0.033203 0.031250
0 0.363281 0.365234 0.082031 0.152344
0 0.686523 0.515625 0.044922 0.070312
0 0.820312 0.553711 0.050781 0.087891
0 0.983968 0.577148 0.030436 0.033203
0 0.295898 0.597656 0.021484 0.046875
0 0.684570 0.616211 0.060547 0.083984
0 0.110352 0.650391 0.037109 0.058594
0 0.330078 0.656250 0.027344 0.042969
0 0.621094 0.773438 0.058594 0.121094
0 0.783203 0.745117 0.046875 0.048828
0 0.781250 0.892578 0.058594 0.109375
0 0.417969 0.950195 0.042969 0.044922
