0 0.644426 0.662808 0.027665 0.046310
0 0.312500 0.028320 0.054688 0.056641
0 0.894531 0.014648 0.035156 0.029297
0 0.668945 0.040039 0.025391 0.052734
0 0.856445 0.098633 0.044922 0.076172
0 0.215820 0.109375 0.068359 0.093750
0 0.065430 0.167969 0.048828 0.070312
0 0.484375 0.165039 0.023438 0.060547
0 0.188477 0.160156 0.048828 0.046875
0 0.014648 0.300781 0.029297 0.082031
0 0.329102 0.335938 0.033203 0.050781
0 0.505859 0.366211 0.066406 0.091797
0 0.706055 0.346680 0.021484 0.048828
0 0.359375 0.419922 0.027344 0.082031
0 0.488281 0.484375 0.046875 0.039062
0 0.372070 0.527344 0.048828 0.062500
0 0.735352 0.685547 0.033203 0.058594
0 0.477539 0.770508 0.037109 0.033203
0 0.109375 0.867188 0.023438 0.054688
0 0.917969 0.916992 0.078125 0.087891
0 0.771484 0.980722 0.078125 0.035662
