0 0.337266 0.702605 0.025224 0.044863
0 0.247070 0.064453 0.052734 0.054688
0 0.935547 0.141602 0.062500 0.033203
0 0.579102 0.209961 0.033203 0.044922
0 0.936523 0.232422 0.052734 0.027344
0 0.549805 0.278320 0.041016 0.072266
0 0.807617 0.420898 0.052734 0.025391
0 0.218750 0.464844 0.042969 0.042969
0 0.062500 0.498047 0.058594 0.105469
0 0.571289 0.501953 0.048828 0.070312
0 0.836914 0.501953 0.060547 0.058594
0 0.536133 0.624023 0.056641 0.087891
0 0.877930 0.633789 0.064453 0.048828
0 0.438477 0.660156 0.044922 0.039062
0 0.414062 0.770508 0.078125 0.103516
0 0.098633 0.869141 0.056641 0.117188
0 0.324219 0.859375 0.042969 0.031250
0 0.280273 0.918945 0.056641 0.083984
0 0.203125 0.956308 0.031250 0.084490
0 0.358398 0.969003 0.029297 0.059100
