0 0.408462 0.614327 0.021155 0.041968
0 0.505859 0.149414 0.050781 0.091797
0 0.531250 0.289062 0.050781 0.054688
0 0.639648 0.342773 0.021484 0.052734
0 0.905273 0.409180 0.048828 0.103516
0 0.328125 0.427734 0.023438 0.082031
0 0.703125 0.480469 0.019531 0.144531
0 0.203125 0.455078 0.019531 0.074219
0 0.078125 0.484375 0.023438 0.085938
0 0.357422 0.494141 0.023438 0.050781
0 0.311523 0.585938 0.052734 0.062500
0 0.235352 0.578125 0.033203 0.039062
0 0.061523 0.637695 0.048828 0.076172
0 0.959961 0.669922 0.044922 0.031250
0 0.875977 0.702148 0.044922 0.021484
0 0.250000 0.764648 0.054688 0.087891
0 0.511719 0.752930 0.027344 0.060547
0 0.706055 0.768555 0.029297 0.033203
0 0.765625 0.764648 0.039062 0.029297
0 0.674805 0.808594 0.033203 0.046875
0 0.500977 0.902344 0.048828 0.113281
0 0.892578 0.957031 0.035156 0.035156
0 0.239258 0.981698 0.041016 0.033709
0 0.432617 0.983651 0.044922 0.029803
