0 0.443857 0.528220 0.065907 0.098408
0 0.800781 0.048828 0.031250 0.054688
0 0.337891 0.092773 0.066406 0.056641
0 0.797852 0.255859 0.021484 0.062500
0 0.024414 0.263672 0.048828 0.027344
0 0.659180 0.294922 0.048828 0.085938
0 0.906250 0.346680 0.050781 0.044922
0 0.165039 0.383789 0.041016 0.087891
0 0.752930 0.389648 0.041016 0.068359
0 0.955078 0.414062 0.031250 0.062500
0 0.809570 0.468750 0.056641 0.066406
0 0.908203 0.527344 0.054688 0.070312
0 0.639648 0.533203 0.029297 0.074219
0 0.357422 0.715820 0.031250 0.060547
0 0.234375 0.733398 0.019531 0.087891
0 0.856445 0.764648 0.025391 0.083984
0 0.124023 0.771484 0.052734 0.039062
0 0.684570 0.814453 0.048828 0.058594
0 0.110352 0.856445 0.029297 0.060547
0 0.905273 0.895508 0.056641 0.083984
0 0.920898 0.983651 0.029297 0.029803
