0 0.652156 0.680897 0.057771 0.091172
0 0.445312 0.027344 0.054688 0.054688
0 0.659180 0.069336 0.060547 0.072266
0 0.842773 0.106445 0.052734 0.033203
0 0.469727 0.188477 0.060547 0.060547
0 0.979085 0.234375 0.040202 0.031250
0 0.700195 0.389648 0.029297 0.068359
0 0.827148 0.414062 0.033203 0.050781
0 0.968343 0.483398 0.061686 0.025391
0 0.874023 0.484375 0.044922 0.019531
0 0.267578 0.603516 0.078125 0.109375
0 0.057617 0.578125 0.056641 0.031250
0 0.172852 0.653320 0.025391 0.056641
0 0.128906 0.801758 0.058594 0.103516
0 0.734375 0.820312 0.089844 0.121094
0 0.095703 0.964120 0.050781 0.068865
