0 0.580960 0.696093 0.037429 0.063676
0 0.545898 0.031250 0.037109 0.062500
0 0.829102 0.092773 0.021484 0.056641
0 0.358398 0.091797 0.025391 0.050781
0 0.432617 0.165039 0.056641 0.083984
0 0.049805 0.165039 0.033203 0.052734
0 0.929688 0.165039 0.039062 0.037109
0 0.785156 0.206055 0.054688 0.072266
0 0.144531 0.222656 0.035156 0.054688
0 0.312500 0.250977 0.054688 0.048828
0 0.702148 0.288086 0.025391 0.041016
0 0.060547 0.308594 0.066406 0.050781
0 0.377930 0.298828 0.056641 0.019531
0 0.237305 0.341797 0.033203 0.066406
0 0.688477 0.376953 0.052734 0.050781
0 0.059570 0.676758 0.052734 0.099609
0 0.216797 0.712891 0.050781 0.058594
0 0.360352 0.771484 0.033203 0.136719
0 0.128906 0.785156 0.046875 0.054688
0 0.639648 0.857422 0.033203 0.097656
0 0.507812 0.903320 0.035156 0.048828
0 0.221680 0.929688 0.056641 0.089844
0 0.093750 0.942383 0.050781 0.064453
