0 0.525224 0.466715 0.043124 0.082489
0 0.107422 0.077148 0.023438 0.072266
0 0.270508 0.104492 0.037109 0.037109
0 0.200195 0.110352 0.041016 0.037109
0 0.545898 0.128906 0.037109 0.062500
0 0.858398 0.125977 0.021484 0.044922
0 0.349609 0.154297 0.046875 0.054688
0 0.681641 0.166016 0.050781 0.078125
0 0.797852 0.147461 0.037109 0.044922
0 0.485352 0.166992 0.033203 0.068359
0 0.923828 0.221680 0.023438 0.056641
0 0.203125 0.380859 0.023438 0.128906
0 0.435547 0.562500 0.050781 0.113281
0 0.267578 0.562500 0.035156 0.082031
0 0.624023 0.663086 0.052734 0.099609
0 0.297852 0.641602 0.033203 0.033203
0 0.296875 0.748047 0.031250 0.058594
0 0.393555 0.793945 0.037109 0.037109
0 0.735352 0.798828 0.033203 0.046875
0 0.479492 0.888672 0.037109 0.093750
0 0.344727 0.907227 0.056641 0.060547
0 0.355469 0.985605 0.031250 0.025897
