0 0.356387 0.554269 0.043938 0.089725
0 0.261719 0.077148 0.042969 0.037109
0 0.079102 0.094727 0.025391 0.052734
0 0.366211 0.083008 0.033203 0.033203
0 0.560547 0.169922 0.054688 0.031250
0 0.235352 0.213867 0.025391 0.052734
0 0.164062 0.240234 0.039062 0.039062
0 0.636719 0.248047 0.031250 0.050781
0 0.389648 0.276367 0.029297 0.060547
0 0.830078 0.333984 0.023438 0.085938
0 0.345703 0.348633 0.054688 0.044922
0 0.452148 0.375977 0.029297 0.056641
0 0.676758 0.381836 0.041016 0.060547
0 0.140625 0.405273 0.027344 0.060547
0 0.278320 0.409180 0.048828 0.044922
0 0.625000 0.527344 0.050781 0.066406
0 0.532227 0.640625 0.048828 0.074219
0 0.169922 0.651367 0.031250 0.056641
0 0.296875 0.683594 0.027344 0.058594
0 0.231445 0.690430 0.029297 0.048828
0 0.613281 0.692383 0.027344 0.048828
0 0.079102 0.713867 0.029297 0.056641
0 0.355469 0.752930 0.031250 0.072266
0 0.249023 0.823242 0.048828 0.064453
0 0.109375 0.937500 0.023438 0.066406
0 0.191406 0.931641 0.046875 0.054688
0 0.636719 0.969003 0.027344 0.059100
