0 0.258747 0.468162 0.063466 0.120116
0 0.770508 0.021484 0.080078 0.042969
0 0.339844 0.187500 0.062500 0.062500
0 0.908203 0.189453 0.062500 0.062500
0 0.544922 0.192383 0.023438 0.052734
0 0.795898 0.239258 0.041016 0.048828
0 0.984945 0.327148 0.028483 0.048828
0 0.388672 0.474609 0.019531 0.058594
0 0.840820 0.485352 0.072266 0.052734
0 0.911133 0.545898 0.044922 0.025391
0 0.843750 0.735352 0.062500 0.103516
0 0.108398 0.826172 0.041016 0.058594
0 0.395508 0.840820 0.033203 0.044922
0 0.504883 0.920898 0.056641 0.099609
0 0.015625 0.909180 0.031250 0.060547
0 0.857422 0.920898 0.027344 0.083984
0 0.169922 0.951172 0.035156 0.035156
0 0.085938 0.981698 0.042969 0.033709
