0 0.386493 0.390014 0.027665 0.047757
0 0.810547 0.121094 0.046875 0.046875
0 0.012695 0.130859 0.025391 0.054688
0 0.250000 0.204102 0.050781 0.025391
0 0.420898 0.221680 0.021484 0.056641
0 0.811523 0.267578 0.048828 0.078125
0 0.861328 0.311523 0.027344 0.052734
0 0.960938 0.359375 0.039062 0.085938
0 0.096680 0.406250 0.103516 0.054688
0 0.451172 0.425781 0.027344 0.042969
0 0.127930 0.536133 0.060547 0.119141
0 0.250977 0.559570 0.052734 0.056641
0 0.942383 0.661133 0.052734 0.115234
0 0.701172 0.692383 0.089844 0.068359
0 0.279297 0.719727 0.050781 0.103516
0 0.059570 0.799805 0.044922 0.087891
0 0.908203 0.795898 0.058594 0.072266
0 0.175781 0.844727 0.082031 0.115234
0 0.012695 0.927734 0.025391 0.074219
0 0.128906 0.931641 0.054688 0.058594
0 0.326172 0.951172 0.035156 0.039062
