0 0.430431 0.835745 0.029292 0.056440
0 0.296875 0.046875 0.031250 0.031250
0 0.439453 0.080078 0.121094 0.085938
0 0.797852 0.046875 0.076172 0.019531
0 0.987874 0.106445 0.022624 0.068359
0 0.640625 0.192383 0.082031 0.103516
0 0.203125 0.262695 0.035156 0.044922
0 0.282227 0.411133 0.052734 0.052734
0 0.797852 0.452148 0.037109 0.029297
0 0.276367 0.480469 0.052734 0.035156
0 0.619141 0.563477 0.050781 0.107422
0 0.924805 0.568359 0.029297 0.050781
0 0.221680 0.600586 0.048828 0.068359
0 0.531250 0.714844 0.062500 0.066406
0 0.779297 0.861328 0.046875 0.078125
0 0.491211 0.868164 0.041016 0.087891
