0 0.354760 0.557887 0.035801 0.053546
0 0.064453 0.090820 0.050781 0.052734
0 0.417969 0.174805 0.042969 0.083984
0 0.607422 0.171875 0.031250 0.042969
0 0.296875 0.187500 0.035156 0.062500
0 0.780273 0.173828 0.048828 0.023438
0 0.012695 0.343750 0.025391 0.066406
0 0.229492 0.342773 0.033203 0.056641
0 0.904297 0.342773 0.046875 0.048828
0 0.376953 0.461914 0.054688 0.044922
0 0.935547 0.499023 0.046875 0.076172
0 0.106445 0.589844 0.037109 0.054688
0 0.712891 0.681641 0.046875 0.105469
0 0.626953 0.769531 0.050781 0.089844
0 0.063477 0.750000 0.048828 0.046875
0 0.511719 0.797852 0.035156 0.080078
0 0.200195 0.857422 0.021484 0.074219
0 0.767578 0.854492 0.031250 0.060547
0 0.345703 0.855469 0.046875 0.031250
0 0.045898 0.872070 0.021484 0.048828
0 0.734375 0.940430 0.031250 0.068359
0 0.621094 0.965097 0.054688 0.066912
0 0.450195 0.982675 0.033203 0.031756
