0 0.478031 0.480463 0.033360 0.054993
0 0.763672 0.014648 0.035156 0.029297
0 0.814453 0.072266 0.054688 0.054688
0 0.139648 0.080078 0.029297 0.042969
0 0.451172 0.139648 0.035156 0.091797
0 0.359375 0.140625 0.035156 0.035156
0 0.188477 0.182617 0.048828 0.060547
0 0.245117 0.234375 0.048828 0.031250
0 0.768555 0.297852 0.029297 0.091797
0 0.126953 0.332031 0.058594 0.089844
0 0.047852 0.529297 0.021484 0.054688
0 0.485352 0.578125 0.029297 0.085938
0 0.837891 0.643555 0.054688 0.087891
0 0.186523 0.670898 0.048828 0.076172
0 0.508789 0.680664 0.041016 0.072266
0 0.609375 0.734375 0.042969 0.093750
0 0.341797 0.819336 0.062500 0.068359
0 0.777344 0.794922 0.046875 0.019531
0 0.833984 0.886719 0.042969 0.035156
0 0.750977 0.939706 0.052734 0.117693
0 0.441406 0.978769 0.058594 0.039568
