0 0.179821 0.615774 0.029292 0.050651
0 0.419922 0.096680 0.023438 0.107422
0 0.798828 0.120117 0.031250 0.060547
0 0.859375 0.144531 0.031250 0.035156
0 0.940430 0.201172 0.052734 0.093750
0 0.129883 0.217773 0.048828 0.060547
0 0.154297 0.359375 0.054688 0.085938
0 0.807617 0.370117 0.048828 0.060547
0 0.262695 0.383789 0.033203 0.080078
0 0.935547 0.479492 0.054688 0.083984
0 0.686523 0.515625 0.056641 0.062500
0 0.289062 0.547852 0.054688 0.025391
0 0.076172 0.592773 0.019531 0.107422
0 0.889648 0.601562 0.037109 0.078125
0 0.202148 0.658203 0.033203 0.062500
0 0.155273 0.715820 0.048828 0.052734
0 0.028320 0.719727 0.056641 0.048828
0 0.500977 0.939706 0.048828 0.117693
0 0.746094 0.919922 0.054688 0.082031
0 0.323242 0.938477 0.033203 0.052734
0 0.260742 0.983651 0.033203 0.029803
