0 0.505696 0.510854 0.023596 0.037627
0 0.458984 0.024414 0.042969 0.048828
0 0.076172 0.096680 0.023438 0.060547
0 0.419922 0.099609 0.039062 0.062500
0 0.532227 0.118164 0.064453 0.072266
0 0.852539 0.130859 0.048828 0.062500
0 0.235352 0.188477 0.033203 0.060547
0 0.167969 0.222656 0.042969 0.062500
0 0.840820 0.249023 0.064453 0.060547
0 0.422852 0.327148 0.025391 0.060547
0 0.486328 0.364258 0.019531 0.072266
0 0.064453 0.374023 0.062500 0.068359
0 0.753906 0.430664 0.050781 0.115234
0 0.357422 0.471680 0.031250 0.064453
0 0.437500 0.520508 0.046875 0.083984
0 0.066406 0.522461 0.058594 0.052734
0 0.885742 0.531250 0.041016 0.066406
0 0.716797 0.641602 0.054688 0.111328
0 0.976156 0.624023 0.046061 0.044922
0 0.140625 0.749023 0.031250 0.056641
0 0.747070 0.784180 0.052734 0.064453
0 0.089844 0.985605 0.046875 0.025897
