0 0.878763 0.450796 0.032547 0.056440
0 0.296875 0.030273 0.027344 0.060547
0 0.692383 0.011719 0.048828 0.023438
0 0.829102 0.014648 0.029297 0.029297
0 0.128906 0.076172 0.054688 0.082031
0 0.626953 0.066406 0.050781 0.054688
0 0.817383 0.187500 0.064453 0.054688
0 0.089844 0.250977 0.058594 0.119141
0 0.861328 0.263672 0.031250 0.042969
0 0.863281 0.319336 0.066406 0.056641
0 0.411133 0.340820 0.048828 0.060547
0 0.736328 0.389648 0.089844 0.091797
0 0.452148 0.436523 0.025391 0.111328
0 0.333008 0.422852 0.029297 0.080078
0 0.982015 0.416992 0.034343 0.037109
0 0.810547 0.543945 0.042969 0.029297
0 0.359375 0.684570 0.019531 0.048828
0 0.284180 0.740234 0.060547 0.082031
0 0.953125 0.772461 0.039062 0.083984
0 0.829102 0.837891 0.041016 0.062500
