0 0.499186 0.759045 0.030106 0.056440
0 0.266602 0.030273 0.029297 0.060547
0 0.438477 0.101562 0.048828 0.042969
0 0.234375 0.111328 0.027344 0.042969
0 0.454102 0.188477 0.037109 0.060547
0 0.357422 0.224609 0.027344 0.074219
0 0.314453 0.318359 0.050781 0.042969
0 0.559570 0.330078 0.044922 0.027344
0 0.137695 0.407227 0.041016 0.076172
0 0.360352 0.389648 0.025391 0.041016
0 0.954102 0.424805 0.033203 0.044922
0 0.078125 0.514648 0.031250 0.033203
0 0.343750 0.522461 0.050781 0.033203
0 0.333008 0.595703 0.025391 0.050781
0 0.672852 0.646484 0.033203 0.093750
0 0.096680 0.673828 0.048828 0.085938
0 0.261719 0.703125 0.031250 0.085938
0 0.954102 0.723633 0.021484 0.048828
0 0.857422 0.809570 0.019531 0.052734
0 0.218750 0.814453 0.050781 0.058594
0 0.067383 0.853516 0.044922 0.089844
0 0.562500 0.870117 0.054688 0.052734
0 0.298828 0.954355 0.082031 0.088397
