0 0.319772 0.751809 0.034174 0.068017
0 0.579102 0.026367 0.033203 0.052734
0 0.797852 0.042969 0.033203 0.085938
0 0.046875 0.138672 0.015625 0.070312
0 0.653320 0.166992 0.056641 0.111328
0 0.784180 0.246094 0.056641 0.070312
0 0.714844 0.278320 0.066406 0.064453
0 0.662109 0.350586 0.050781 0.048828
0 0.172852 0.357422 0.041016 0.042969
0 0.583008 0.411133 0.044922 0.119141
0 0.360352 0.407227 0.037109 0.072266
0 0.449219 0.413086 0.035156 0.041016
0 0.717773 0.439453 0.060547 0.062500
0 0.109375 0.455078 0.035156 0.035156
0 0.330078 0.520508 0.042969 0.044922
0 0.849609 0.543945 0.066406 0.044922
0 0.391602 0.575195 0.037109 0.041016
0 0.422852 0.665039 0.037109 0.068359
0 0.747070 0.920898 0.056641 0.095703
0 0.419922 0.981698 0.035156 0.033709
