0 0.501627 0.560058 0.067535 0.107091
0 0.527344 0.013672 0.042969 0.027344
0 0.891602 0.097656 0.033203 0.121094
0 0.328125 0.126953 0.015625 0.054688
0 0.108398 0.181641 0.017578 0.066406
0 0.356445 0.199219 0.033203 0.085938
0 0.674805 0.293945 0.025391 0.083984
0 0.323242 0.280273 0.029297 0.048828
0 0.418945 0.296875 0.033203 0.035156
0 0.086914 0.331055 0.044922 0.091797
0 0.731445 0.314453 0.029297 0.054688
0 0.858398 0.371094 0.029297 0.050781
0 0.254883 0.423828 0.052734 0.089844
0 0.766602 0.446289 0.029297 0.041016
0 0.687500 0.473633 0.050781 0.076172
0 0.251953 0.654297 0.054688 0.113281
0 0.435547 0.680664 0.042969 0.068359
0 0.874023 0.703125 0.044922 0.019531
0 0.157227 0.824219 0.052734 0.089844
0 0.804688 0.922852 0.042969 0.033203
0 0.028320 0.926758 0.056641 0.033203
0 0.196289 0.980722 0.041016 0.035662
