0 0.396257 0.495658 0.034174 0.065123
0 0.550781 0.030273 0.023438 0.060547
0 0.671875 0.076172 0.031250 0.035156
0 0.468750 0.077148 0.054688 0.029297
0 0.223633 0.126953 0.056641 0.058594
0 0.621094 0.110352 0.070312 0.025391
0 0.326172 0.194336 0.027344 0.044922
0 0.640625 0.198242 0.039062 0.048828
0 0.469727 0.216797 0.060547 0.062500
0 0.940430 0.202148 0.052734 0.025391
0 0.228516 0.219727 0.050781 0.048828
0 0.671875 0.317383 0.027344 0.044922
0 0.753906 0.352539 0.062500 0.083984
0 0.424805 0.351562 0.033203 0.042969
0 0.192383 0.435547 0.052734 0.101562
0 0.545898 0.491211 0.041016 0.052734
0 0.478516 0.568359 0.042969 0.078125
0 0.266602 0.671875 0.037109 0.039062
0 0.201172 0.783203 0.039062 0.078125
0 0.810547 0.833008 0.054688 0.138672
0 0.161133 0.860352 0.044922 0.029297
