0 0.360862 0.520984 0.056143 0.101302
0 0.901367 0.075195 0.052734 0.041016
0 0.655273 0.096680 0.048828 0.048828
0 0.170898 0.122070 0.033203 0.064453
0 0.479492 0.141602 0.029297 0.072266
0 0.722656 0.206055 0.058594 0.087891
0 0.399414 0.189453 0.060547 0.050781
0 0.624023 0.220703 0.056641 0.054688
0 0.973226 0.246094 0.051921 0.050781
0 0.841797 0.281250 0.058594 0.070312
0 0.956055 0.433594 0.033203 0.062500
0 0.906250 0.514648 0.054688 0.080078
0 0.329102 0.502930 0.017578 0.052734
0 0.861328 0.624023 0.035156 0.060547
0 0.093750 0.632812 0.054688 0.050781
0 0.888672 0.705078 0.031250 0.089844
0 0.012695 0.732422 0.025391 0.070312
0 0.315430 0.786133 0.048828 0.123047
0 0.971273 0.815430 0.055827 0.048828
0 0.493164 0.911133 0.048828 0.048828
