0 0.518714 0.772069 0.049634 0.105644
0 0.766602 0.028320 0.029297 0.056641
0 0.515625 0.062500 0.019531 0.050781
0 0.358398 0.129883 0.025391 0.064453
0 0.904297 0.152344 0.054688 0.058594
0 0.341797 0.215820 0.058594 0.072266
0 0.612305 0.219727 0.033203 0.052734
0 0.857422 0.224609 0.070312 0.046875
0 0.956055 0.267578 0.037109 0.058594
0 0.670898 0.283203 0.021484 0.046875
0 0.474609 0.308594 0.050781 0.058594
0 0.168945 0.329102 0.037109 0.091797
0 0.589844 0.357422 0.046875 0.082031
0 0.284180 0.388672 0.052734 0.097656
0 0.856445 0.389648 0.033203 0.044922
0 0.453125 0.395508 0.027344 0.037109
0 0.138672 0.456055 0.031250 0.037109
0 0.421875 0.483398 0.039062 0.041016
0 0.092773 0.551758 0.048828 0.041016
0 0.265625 0.571289 0.035156 0.060547
0 0.094727 0.653320 0.044922 0.044922
0 0.896484 0.730469 0.035156 0.031250
0 0.950195 0.826172 0.037109 0.054688
