0 0.345403 0.451520 0.028478 0.054993
0 0.484375 0.077148 0.031250 0.033203
0 0.899414 0.096680 0.052734 0.056641
0 0.345703 0.211914 0.058594 0.068359
0 0.186523 0.231445 0.056641 0.052734
0 0.579102 0.253906 0.025391 0.046875
0 0.250000 0.292969 0.050781 0.097656
0 0.911133 0.339844 0.056641 0.070312
0 0.032227 0.342773 0.064453 0.052734
0 0.787109 0.409180 0.066406 0.072266
0 0.856445 0.406250 0.041016 0.062500
0 0.702148 0.407227 0.017578 0.048828
0 0.655273 0.454102 0.060547 0.048828
0 0.579102 0.518555 0.033203 0.041016
0 0.058594 0.547852 0.042969 0.025391
0 0.388672 0.581055 0.027344 0.044922
0 0.010742 0.655273 0.021484 0.041016
0 0.748047 0.714844 0.050781 0.109375
0 0.567383 0.732422 0.044922 0.085938
0 0.640625 0.734375 0.035156 0.027344
0 0.502930 0.845703 0.052734 0.082031
0 0.671875 0.955078 0.031250 0.035156
