0 0.316111 0.409551 0.026851 0.057887
0 0.401367 0.016602 0.048828 0.033203
0 0.728516 0.082031 0.042969 0.097656
0 0.440430 0.191406 0.052734 0.117188
0 0.340820 0.217773 0.056641 0.060547
0 0.207031 0.205078 0.078125 0.027344
0 0.265625 0.259766 0.019531 0.058594
0 0.440430 0.332031 0.056641 0.046875
0 0.911133 0.387695 0.056641 0.083984
0 0.516602 0.432617 0.033203 0.052734
0 0.589844 0.486328 0.054688 0.093750
0 0.827148 0.517578 0.033203 0.035156
0 0.669922 0.541992 0.035156 0.041016
0 0.246094 0.620117 0.050781 0.068359
0 0.218750 0.791016 0.054688 0.136719
0 0.099609 0.806641 0.054688 0.117188
0 0.012695 0.845703 0.025391 0.050781
