0 0.525224 0.549928 0.031733 0.052098
0 0.675781 0.020508 0.035156 0.041016
0 0.971273 0.046875 0.055827 0.023438
0 0.671875 0.176758 0.085938 0.150391
0 0.288086 0.184570 0.056641 0.068359
0 0.091797 0.228516 0.062500 0.101562
0 0.234375 0.271484 0.039062 0.085938
0 0.497070 0.316406 0.048828 0.058594
0 0.018555 0.332031 0.037109 0.039062
0 0.715820 0.510742 0.060547 0.087891
0 0.027344 0.531250 0.054688 0.042969
0 0.858398 0.593750 0.083984 0.125000
0 0.956055 0.595703 0.025391 0.046875
0 0.550781 0.666992 0.027344 0.068359
0 0.809570 0.866211 0.060547 0.220703
0 0.892578 0.921875 0.039062 0.046875
