0 0.517901 0.467438 0.048007 0.083936
0 0.280273 0.078125 0.056641 0.085938
0 0.844727 0.099609 0.056641 0.066406
0 0.139648 0.264648 0.029297 0.033203
0 0.828125 0.313477 0.082031 0.099609
0 0.157227 0.378906 0.044922 0.042969
0 0.299805 0.390625 0.037109 0.031250
0 0.068359 0.449219 0.054688 0.046875
0 0.128906 0.538086 0.050781 0.083984
0 0.253906 0.603516 0.050781 0.089844
0 0.357422 0.605469 0.035156 0.066406
0 0.690430 0.687500 0.060547 0.062500
0 0.746094 0.830078 0.050781 0.101562
0 0.388672 0.813477 0.023438 0.041016
0 0.234375 0.865234 0.027344 0.078125
0 0.340820 0.857422 0.056641 0.042969
0 0.464844 0.923105 0.050781 0.150897
