0 0.573230 0.252533 0.028478 0.053546
0 0.592773 0.013672 0.041016 0.027344
0 0.840820 0.125000 0.056641 0.070312
0 0.493164 0.149414 0.056641 0.060547
0 0.819336 0.264648 0.064453 0.037109
0 0.078125 0.391602 0.031250 0.037109
0 0.663086 0.434570 0.044922 0.123047
0 0.801758 0.499023 0.041016 0.064453
0 0.712891 0.550781 0.050781 0.070312
0 0.139648 0.624023 0.033203 0.068359
0 0.671875 0.635742 0.031250 0.048828
0 0.348633 0.686523 0.041016 0.056641
0 0.580078 0.700195 0.035156 0.056641
0 0.714844 0.749023 0.042969 0.044922
0 0.068359 0.758789 0.050781 0.041016
0 0.761719 0.764648 0.039062 0.025391
0 0.326172 0.802734 0.039062 0.046875
0 0.388672 0.863281 0.042969 0.042969
0 0.879883 0.873047 0.060547 0.062500
0 0.732422 0.941406 0.023438 0.070312
0 0.420898 0.969003 0.029297 0.059100
