0 0.452400 0.492041 0.019528 0.040521
0 0.799805 0.025391 0.025391 0.050781
0 0.699219 0.050781 0.042969 0.042969
0 0.869141 0.087891 0.066406 0.062500
0 0.080078 0.106445 0.035156 0.052734
0 0.741211 0.109375 0.033203 0.031250
0 0.668945 0.131836 0.029297 0.052734
0 0.278320 0.178711 0.048828 0.076172
0 0.939453 0.205078 0.058594 0.085938
0 0.723633 0.244141 0.048828 0.050781
0 0.091797 0.343750 0.058594 0.070312
0 0.733398 0.410156 0.072266 0.050781
0 0.987874 0.563477 0.022624 0.048828
0 0.958984 0.644531 0.039062 0.078125
0 0.890625 0.702148 0.031250 0.033203
0 0.560547 0.748047 0.050781 0.117188
0 0.436523 0.704102 0.044922 0.025391
0 0.657227 0.738281 0.048828 0.031250
0 0.796875 0.738281 0.074219 0.027344
0 0.122070 0.788086 0.044922 0.041016
0 0.250000 0.801758 0.050781 0.033203
0 0.166016 0.833984 0.035156 0.031250
0 0.312500 0.862305 0.054688 0.080078
0 0.408203 0.917969 0.042969 0.070312
