0 0.499593 0.557887 0.074858 0.131693
0 0.125977 0.047852 0.044922 0.025391
0 0.600586 0.114258 0.068359 0.103516
0 0.063477 0.103516 0.056641 0.066406
0 0.442383 0.156250 0.056641 0.085938
0 0.842773 0.188477 0.056641 0.060547
0 0.940430 0.224609 0.060547 0.070312
0 0.716797 0.233398 0.054688 0.080078
0 0.333008 0.279297 0.080078 0.125000
0 0.041992 0.296875 0.041016 0.027344
0 0.985921 0.483398 0.026530 0.064453
0 0.762695 0.508789 0.041016 0.083984
0 0.500977 0.504883 0.044922 0.052734
0 0.213867 0.762695 0.056641 0.091797
0 0.365234 0.752930 0.039062 0.064453
0 0.642578 0.759766 0.027344 0.039062
0 0.078125 0.881836 0.035156 0.095703
0 0.566406 0.864258 0.050781 0.041016
0 0.271484 0.932617 0.031250 0.056641
0 0.048828 0.952148 0.035156 0.033203
