0 0.543938 0.410275 0.026851 0.053546
0 0.564453 0.041992 0.050781 0.083984
0 0.234375 0.043945 0.035156 0.041016
0 0.841797 0.044922 0.050781 0.027344
0 0.353516 0.087891 0.042969 0.070312
0 0.264648 0.247070 0.033203 0.056641
0 0.332031 0.278320 0.039062 0.052734
0 0.071289 0.334961 0.033203 0.060547
0 0.635742 0.360352 0.037109 0.033203
0 0.200195 0.399414 0.076172 0.048828
0 0.232422 0.477539 0.019531 0.052734
0 0.955078 0.500977 0.023438 0.103516
0 0.401367 0.506836 0.052734 0.076172
0 0.207031 0.578125 0.039062 0.035156
0 0.050781 0.657227 0.035156 0.056641
0 0.339844 0.747070 0.054688 0.119141
0 0.607422 0.770508 0.031250 0.080078
0 0.166992 0.769531 0.033203 0.058594
0 0.517578 0.833984 0.031250 0.085938
0 0.246094 0.829102 0.046875 0.068359
0 0.063477 0.912109 0.048828 0.093750
0 0.198242 0.927734 0.064453 0.046875
