0 0.506916 0.632417 0.029292 0.049204
0 0.170898 0.074219 0.072266 0.078125
0 0.276367 0.103516 0.052734 0.066406
0 0.796875 0.107422 0.042969 0.039062
0 0.911133 0.205078 0.064453 0.078125
0 0.295898 0.233398 0.080078 0.091797
0 0.672852 0.256836 0.041016 0.099609
0 0.104492 0.281250 0.033203 0.062500
0 0.207031 0.328125 0.082031 0.097656
0 0.871094 0.313477 0.058594 0.064453
0 0.061523 0.404297 0.052734 0.066406
0 0.172852 0.393555 0.041016 0.037109
0 0.326172 0.593750 0.031250 0.062500
0 0.265625 0.640625 0.031250 0.039062
0 0.485352 0.747070 0.033203 0.056641
0 0.344727 0.806641 0.048828 0.054688
0 0.644531 0.944336 0.042969 0.060547
0 0.735352 0.971933 0.025391 0.053240
