0 0.411717 0.671491 0.060212 0.098408
0 0.433594 0.014648 0.042969 0.029297
0 0.359375 0.050781 0.019531 0.062500
0 0.204102 0.075195 0.029297 0.087891
0 0.317383 0.138672 0.048828 0.070312
0 0.795898 0.155273 0.037109 0.064453
0 0.088867 0.202148 0.052734 0.033203
0 0.758789 0.247070 0.044922 0.048828
0 0.297852 0.256836 0.037109 0.052734
0 0.176758 0.284180 0.087891 0.076172
0 0.733398 0.330078 0.037109 0.039062
0 0.342773 0.367188 0.060547 0.054688
0 0.875977 0.375977 0.048828 0.048828
0 0.136719 0.412109 0.039062 0.050781
0 0.860352 0.481445 0.037109 0.041016
0 0.139648 0.494141 0.033203 0.050781
0 0.327148 0.506836 0.037109 0.064453
0 0.701172 0.520508 0.035156 0.056641
0 0.904297 0.715820 0.058594 0.064453
0 0.678711 0.731445 0.037109 0.033203
0 0.828125 0.814453 0.031250 0.070312
0 0.891602 0.812500 0.029297 0.058594
0 0.956055 0.814453 0.037109 0.054688
0 0.735352 0.849609 0.037109 0.070312
0 0.916016 0.936523 0.046875 0.072266
0 0.265625 0.963144 0.031250 0.070818
