0 0.689178 0.539074 0.024410 0.044863
0 0.466797 0.089844 0.050781 0.058594
0 0.473633 0.168945 0.044922 0.041016
0 0.538086 0.241211 0.048828 0.056641
0 0.872070 0.247070 0.048828 0.052734
0 0.642578 0.248047 0.023438 0.050781
0 0.046875 0.294922 0.031250 0.039062
0 0.946289 0.340820 0.033203 0.052734
0 0.609375 0.355469 0.035156 0.046875
0 0.012695 0.407227 0.025391 0.048828
0 0.893555 0.414062 0.033203 0.046875
0 0.170898 0.439453 0.029297 0.054688
0 0.660156 0.460938 0.046875 0.031250
0 0.218750 0.486328 0.046875 0.023438
0 0.374023 0.513672 0.044922 0.023438
0 0.703125 0.533203 0.023438 0.050781
0 0.720703 0.615234 0.050781 0.078125
0 0.858398 0.617188 0.041016 0.078125
0 0.587891 0.699219 0.054688 0.089844
0 0.110352 0.703125 0.029297 0.042969
0 0.296875 0.740234 0.035156 0.046875
0 0.093750 0.827148 0.054688 0.091797
0 0.984945 0.817383 0.028483 0.068359
0 0.606445 0.831055 0.033203 0.083984
0 0.293945 0.903320 0.068359 0.052734
0 0.640625 0.950195 0.035156 0.056641
0 0.854492 0.982675 0.037109 0.031756
