0 0.331977 0.922576 0.032547 0.053546
0 0.920898 0.124023 0.025391 0.048828
0 0.326172 0.143555 0.023438 0.080078
0 0.830078 0.157227 0.035156 0.056641
0 0.887695 0.187500 0.033203 0.054688
0 0.655273 0.238281 0.056641 0.039062
0 0.245117 0.266602 0.060547 0.033203
0 0.770508 0.294922 0.041016 0.042969
0 0.073242 0.298828 0.037109 0.042969
0 0.608398 0.332031 0.033203 0.085938
0 0.746094 0.390625 0.058594 0.085938
0 0.142578 0.388672 0.035156 0.035156
0 0.907227 0.395508 0.048828 0.037109
0 0.264648 0.429688 0.041016 0.062500
0 0.075195 0.425781 0.033203 0.042969
0 0.884766 0.447266 0.039062 0.042969
0 0.714844 0.453125 0.046875 0.027344
0 0.078125 0.493164 0.031250 0.068359
0 0.953125 0.483398 0.035156 0.037109
0 0.610352 0.521484 0.025391 0.042969
0 0.936523 0.786133 0.048828 0.044922
0 0.405273 0.839844 0.044922 0.046875
0 0.090820 0.845703 0.041016 0.046875
0 0.924805 0.874023 0.033203 0.056641
0 0.791016 0.919922 0.089844 0.085938
0 0.452148 0.939453 0.021484 0.078125
