0 0.458503 0.478292 0.034988 0.062229
0 0.942383 0.087891 0.060547 0.054688
0 0.433594 0.109375 0.042969 0.023438
0 0.670898 0.170898 0.033203 0.041016
0 0.362305 0.172852 0.033203 0.029297
0 0.443359 0.248047 0.050781 0.132812
0 0.169922 0.208984 0.035156 0.046875
0 0.704102 0.352539 0.083984 0.083984
0 0.987874 0.339844 0.022624 0.046875
0 0.295898 0.392578 0.029297 0.039062
0 0.138672 0.462891 0.093750 0.074219
0 0.296875 0.564453 0.082031 0.156250
0 0.672852 0.548828 0.029297 0.085938
0 0.295898 0.683594 0.025391 0.062500
0 0.735352 0.732422 0.029297 0.035156
0 0.823242 0.899414 0.041016 0.044922
0 0.234375 0.943359 0.027344 0.042969
0 0.544922 0.958008 0.035156 0.041016
