0 0.565907 0.619392 0.021969 0.040521
0 0.498047 0.047852 0.050781 0.029297
0 0.190430 0.091797 0.072266 0.070312
0 0.546875 0.095703 0.074219 0.042969
0 0.328125 0.144531 0.039062 0.078125
0 0.070312 0.144531 0.046875 0.050781
0 0.432617 0.191406 0.068359 0.054688
0 0.640625 0.227539 0.035156 0.048828
0 0.879883 0.265625 0.060547 0.031250
0 0.950195 0.264648 0.037109 0.029297
0 0.372070 0.308594 0.064453 0.054688
0 0.720703 0.316406 0.050781 0.050781
0 0.306641 0.388672 0.058594 0.148438
0 0.987874 0.341797 0.022624 0.042969
0 0.709961 0.414062 0.037109 0.039062
0 0.759766 0.435547 0.035156 0.054688
0 0.328125 0.583984 0.035156 0.042969
0 0.356445 0.641602 0.087891 0.087891
0 0.450195 0.650391 0.037109 0.050781
0 0.205078 0.660156 0.027344 0.050781
0 0.265625 0.762695 0.027344 0.037109
0 0.095703 0.814453 0.046875 0.050781
0 0.480469 0.859375 0.042969 0.035156
0 0.135742 0.889648 0.041016 0.033203
