0 0.586249 0.553546 0.039870 0.082489
0 0.571289 0.016602 0.048828 0.033203
0 0.781250 0.109375 0.058594 0.093750
0 0.671875 0.140625 0.039062 0.035156
0 0.499023 0.186523 0.064453 0.064453
0 0.077148 0.203125 0.033203 0.031250
0 0.536133 0.264648 0.072266 0.037109
0 0.750977 0.377930 0.052734 0.060547
0 0.329102 0.396484 0.083984 0.082031
0 0.815430 0.407227 0.044922 0.044922
0 0.512695 0.436523 0.033203 0.064453
0 0.041016 0.468750 0.082031 0.050781
0 0.122070 0.688477 0.056641 0.123047
0 0.567383 0.688477 0.044922 0.056641
0 0.144531 0.822266 0.039062 0.066406
0 0.785156 0.864258 0.058594 0.068359
0 0.890625 0.862305 0.039062 0.048828
0 0.556641 0.943359 0.050781 0.058594
0 0.722656 0.971933 0.054688 0.053240
