0 0.449146 0.531838 0.052075 0.099855
0 0.608398 0.061523 0.025391 0.048828
0 0.658203 0.140625 0.046875 0.085938
0 0.357422 0.184570 0.085938 0.056641
0 0.218750 0.294922 0.054688 0.089844
0 0.833008 0.264648 0.041016 0.029297
0 0.899414 0.307617 0.048828 0.072266
0 0.031250 0.295898 0.062500 0.033203
0 0.638672 0.308594 0.031250 0.054688
0 0.746094 0.318359 0.054688 0.058594
0 0.498047 0.376953 0.054688 0.066406
0 0.859375 0.499023 0.023438 0.064453
0 0.044922 0.486328 0.035156 0.035156
0 0.013672 0.551758 0.027344 0.044922
0 0.673828 0.619141 0.062500 0.109375
0 0.878906 0.590820 0.046875 0.056641
0 0.878906 0.677734 0.046875 0.031250
0 0.466797 0.743164 0.050781 0.041016
0 0.815430 0.750000 0.044922 0.046875
0 0.953125 0.932617 0.027344 0.048828
0 0.698242 0.984628 0.033203 0.027850
