0 0.446705 0.396527 0.042311 0.057887
0 0.644531 0.058594 0.039062 0.058594
0 0.752930 0.072266 0.052734 0.035156
0 0.079102 0.090820 0.021484 0.048828
0 0.259766 0.107422 0.035156 0.031250
0 0.316406 0.137695 0.042969 0.037109
0 0.078125 0.244141 0.027344 0.074219
0 0.686523 0.235352 0.056641 0.033203
0 0.858398 0.296875 0.033203 0.039062
0 0.157227 0.322266 0.056641 0.078125
0 0.557617 0.353516 0.048828 0.035156
0 0.794922 0.392578 0.031250 0.039062
0 0.986898 0.408203 0.024577 0.046875
0 0.554688 0.456055 0.050781 0.087891
0 0.464844 0.526367 0.046875 0.052734
0 0.233398 0.549805 0.033203 0.041016
0 0.014648 0.628906 0.029297 0.042969
0 0.360352 0.652344 0.029297 0.050781
0 0.248047 0.708008 0.054688 0.091797
0 0.612305 0.779297 0.072266 0.054688
0 0.734375 0.843750 0.019531 0.046875
0 0.485352 0.937500 0.044922 0.066406
0 0.185547 0.984628 0.050781 0.027850
