0 0.412531 0.478292 0.042311 0.079595
0 0.079102 0.085938 0.025391 0.054688
0 0.891602 0.082031 0.033203 0.035156
0 0.252930 0.099609 0.044922 0.046875
0 0.780273 0.203125 0.044922 0.050781
0 0.469727 0.239258 0.052734 0.076172
0 0.797852 0.276367 0.025391 0.076172
0 0.110352 0.314453 0.029297 0.054688
0 0.793945 0.361328 0.068359 0.035156
0 0.780273 0.430664 0.048828 0.056641
0 0.982992 0.439453 0.032389 0.054688
0 0.014648 0.609375 0.029297 0.078125
0 0.090820 0.732422 0.048828 0.042969
0 0.816406 0.786133 0.058594 0.111328
0 0.063477 0.785156 0.048828 0.046875
0 0.558594 0.834961 0.054688 0.037109
0 0.726562 0.894531 0.058594 0.082031
0 0.547852 0.901367 0.017578 0.072266
0 0.342773 0.982675 0.044922 0.031756
