0 0.406835 0.382779 0.034174 0.070912
0 0.204102 0.060547 0.025391 0.054688
0 0.439453 0.087891 0.054688 0.058594
0 0.938477 0.123047 0.052734 0.062500
0 0.013672 0.163086 0.027344 0.044922
0 0.658203 0.190430 0.042969 0.044922
0 0.923828 0.243164 0.039062 0.052734
0 0.672852 0.280273 0.033203 0.064453
0 0.159180 0.304688 0.052734 0.050781
0 0.910156 0.328125 0.054688 0.039062
0 0.329102 0.364258 0.037109 0.044922
0 0.747070 0.388672 0.056641 0.085938
0 0.628906 0.407227 0.050781 0.056641
0 0.869141 0.463867 0.050781 0.080078
0 0.985921 0.641602 0.026530 0.052734
0 0.935547 0.728516 0.050781 0.085938
0 0.888672 0.852539 0.035156 0.080078
0 0.076172 0.852539 0.039062 0.072266
0 0.909180 0.936523 0.052734 0.060547
0 0.313477 0.969980 0.044922 0.057147
