0 0.417006 0.571635 0.043124 0.072359
0 0.374023 0.056641 0.052734 0.054688
0 0.862305 0.048828 0.048828 0.039062
0 0.730469 0.075195 0.074219 0.080078
0 0.617188 0.082031 0.062500 0.031250
0 0.032227 0.166016 0.052734 0.035156
0 0.400391 0.176758 0.042969 0.048828
0 0.345703 0.259766 0.039062 0.062500
0 0.346680 0.323242 0.048828 0.033203
0 0.125977 0.355469 0.056641 0.089844
0 0.177734 0.440430 0.031250 0.044922
0 0.601562 0.512695 0.046875 0.072266
0 0.361328 0.526367 0.035156 0.060547
0 0.744141 0.673828 0.050781 0.093750
0 0.334961 0.660156 0.052734 0.062500
0 0.105469 0.702148 0.054688 0.087891
0 0.475586 0.738281 0.056641 0.101562
0 0.349609 0.728516 0.046875 0.039062
0 0.871094 0.776367 0.050781 0.052734
0 0.578125 0.881836 0.019531 0.060547
0 0.125977 0.937500 0.052734 0.054688
