0 0.508950 0.527496 0.041497 0.065123
0 0.234375 0.106445 0.035156 0.041016
0 0.170898 0.116211 0.033203 0.044922
0 0.689453 0.122070 0.054688 0.056641
0 0.579102 0.176758 0.029297 0.064453
0 0.421875 0.192383 0.031250 0.064453
0 0.342773 0.228516 0.056641 0.046875
0 0.262695 0.232422 0.029297 0.035156
0 0.094727 0.252930 0.056641 0.052734
0 0.577148 0.317383 0.025391 0.048828
0 0.453125 0.344727 0.031250 0.060547
0 0.612305 0.366211 0.033203 0.041016
0 0.188477 0.420898 0.056641 0.033203
0 0.888672 0.420898 0.039062 0.037109
0 0.434570 0.517578 0.052734 0.031250
0 0.137695 0.584961 0.037109 0.060547
0 0.873047 0.607422 0.046875 0.078125
0 0.546875 0.651367 0.031250 0.099609
0 0.125000 0.689453 0.050781 0.058594
0 0.456055 0.696289 0.037109 0.060547
0 0.344727 0.785156 0.052734 0.121094
0 0.610352 0.799805 0.029297 0.037109
0 0.533203 0.922852 0.046875 0.080078
0 0.157227 0.952401 0.052734 0.092303
0 0.708984 0.983651 0.046875 0.029803
