0 0.483320 0.734443 0.022783 0.041968
0 0.703125 0.065430 0.019531 0.048828
0 0.892578 0.068359 0.046875 0.050781
0 0.153320 0.078125 0.052734 0.023438
0 0.309570 0.079102 0.107422 0.021484
0 0.284180 0.139648 0.056641 0.025391
0 0.633789 0.169922 0.052734 0.039062
0 0.140625 0.203125 0.031250 0.035156
0 0.576172 0.246094 0.035156 0.058594
0 0.295898 0.264648 0.037109 0.041016
0 0.655273 0.267578 0.056641 0.027344
0 0.876953 0.311523 0.058594 0.056641
0 0.114258 0.333008 0.029297 0.041016
0 0.987874 0.378906 0.022624 0.042969
0 0.798828 0.407227 0.027344 0.056641
0 0.388672 0.443359 0.039062 0.054688
0 0.046875 0.512695 0.035156 0.037109
0 0.440430 0.558594 0.041016 0.046875
0 0.547852 0.583008 0.029297 0.056641
0 0.921875 0.591797 0.023438 0.046875
0 0.829102 0.665039 0.033203 0.048828
0 0.703125 0.708984 0.035156 0.050781
0 0.609375 0.719727 0.031250 0.064453
0 0.841797 0.733398 0.050781 0.029297
0 0.485352 0.807617 0.029297 0.060547
0 0.171875 0.873047 0.039062 0.074219
0 0.938477 0.892578 0.048828 0.027344
0 0.374023 0.948242 0.052734 0.068359
