0 0.563466 0.645441 0.048007 0.083936
0 0.096680 0.152344 0.052734 0.054688
0 0.361328 0.161133 0.039062 0.060547
0 0.471680 0.243164 0.052734 0.091797
0 0.786133 0.266602 0.052734 0.037109
0 0.660156 0.299805 0.058594 0.083984
0 0.855469 0.337891 0.035156 0.101562
0 0.205078 0.340820 0.039062 0.068359
0 0.548828 0.362305 0.074219 0.087891
0 0.907227 0.425781 0.056641 0.042969
0 0.157227 0.469727 0.060547 0.060547
0 0.949219 0.525391 0.042969 0.058594
0 0.780273 0.578125 0.056641 0.039062
0 0.860352 0.598633 0.025391 0.044922
0 0.085938 0.669922 0.050781 0.089844
0 0.558594 0.895508 0.062500 0.150391
0 0.263672 0.905273 0.078125 0.115234
0 0.686523 0.871094 0.048828 0.046875
