0 0.442636 0.372648 0.035801 0.065123
0 0.392578 0.058594 0.089844 0.070312
0 0.730469 0.094727 0.042969 0.064453
0 0.141602 0.106445 0.033203 0.041016
0 0.918945 0.158203 0.029297 0.050781
0 0.134766 0.193359 0.039062 0.070312
0 0.782227 0.308594 0.048828 0.046875
0 0.548828 0.343750 0.031250 0.066406
0 0.044922 0.402344 0.035156 0.066406
0 0.683594 0.489258 0.050781 0.080078
0 0.768555 0.488281 0.033203 0.039062
0 0.327148 0.558594 0.029297 0.101562
0 0.251953 0.560547 0.046875 0.050781
0 0.217773 0.737305 0.056641 0.087891
0 0.333984 0.748047 0.027344 0.046875
0 0.425781 0.772461 0.031250 0.083984
0 0.987874 0.754883 0.022624 0.048828
0 0.875977 0.845703 0.056641 0.121094
0 0.905273 0.875977 0.052734 0.119141
0 0.108398 0.904297 0.025391 0.070312
0 0.259766 0.966073 0.042969 0.064959
