0 0.470708 0.505789 0.021969 0.044863
0 0.405273 0.056641 0.048828 0.058594
0 0.233398 0.064453 0.025391 0.054688
0 0.768555 0.078125 0.033203 0.035156
0 0.874023 0.107422 0.048828 0.074219
0 0.530273 0.140625 0.052734 0.089844
0 0.249023 0.126953 0.048828 0.046875
0 0.168945 0.130859 0.025391 0.046875
0 0.365234 0.162109 0.078125 0.078125
0 0.716797 0.198242 0.050781 0.076172
0 0.218750 0.222656 0.050781 0.058594
0 0.014648 0.257812 0.029297 0.050781
0 0.187500 0.298828 0.046875 0.031250
0 0.435547 0.336914 0.046875 0.056641
0 0.943359 0.496094 0.042969 0.054688
0 0.678711 0.541016 0.037109 0.046875
0 0.141602 0.563477 0.033203 0.064453
0 0.931641 0.577148 0.042969 0.033203
0 0.472656 0.593750 0.042969 0.054688
0 0.767578 0.626953 0.074219 0.062500
0 0.393555 0.641602 0.025391 0.083984
0 0.327148 0.632812 0.037109 0.046875
0 0.626953 0.669922 0.042969 0.078125
0 0.875977 0.737305 0.052734 0.072266
0 0.265625 0.765625 0.031250 0.031250
0 0.919922 0.796875 0.042969 0.031250
