0 0.524003 0.490593 0.050448 0.095514
0 0.309570 0.077148 0.048828 0.087891
0 0.874023 0.058594 0.052734 0.046875
0 0.543945 0.066406 0.033203 0.054688
0 0.653320 0.117188 0.052734 0.078125
0 0.456055 0.112305 0.037109 0.044922
0 0.536133 0.145508 0.048828 0.048828
0 0.987874 0.208984 0.022624 0.085938
0 0.241211 0.218750 0.048828 0.066406
0 0.013672 0.311523 0.027344 0.056641
0 0.792969 0.337891 0.027344 0.058594
0 0.750977 0.405273 0.048828 0.048828
0 0.105469 0.417969 0.042969 0.050781
0 0.876953 0.501953 0.054688 0.058594
0 0.954102 0.513672 0.033203 0.035156
0 0.041016 0.610352 0.031250 0.076172
0 0.222656 0.644531 0.046875 0.089844
0 0.548828 0.647461 0.019531 0.068359
0 0.885742 0.820312 0.044922 0.074219
0 0.094727 0.819336 0.044922 0.052734
0 0.751953 0.889648 0.054688 0.037109
0 0.202148 0.924805 0.033203 0.029297
