0 0.718877 0.691751 0.028478 0.057887
0 0.784180 0.011719 0.041016 0.023438
0 0.712891 0.055664 0.042969 0.064453
0 0.269531 0.094727 0.027344 0.044922
0 0.433594 0.118164 0.050781 0.068359
0 0.952148 0.129883 0.029297 0.044922
0 0.354492 0.149414 0.037109 0.064453
0 0.171875 0.139648 0.039062 0.033203
0 0.204102 0.193359 0.021484 0.066406
0 0.310547 0.252930 0.050781 0.056641
0 0.813477 0.293945 0.052734 0.080078
0 0.073242 0.340820 0.033203 0.056641
0 0.767578 0.374023 0.027344 0.052734
0 0.293945 0.395508 0.041016 0.044922
0 0.157227 0.421875 0.064453 0.089844
0 0.338867 0.514648 0.052734 0.072266
0 0.903320 0.520508 0.052734 0.041016
0 0.107422 0.565430 0.035156 0.060547
0 0.891602 0.642578 0.033203 0.050781
0 0.124023 0.660156 0.044922 0.042969
0 0.317383 0.678711 0.048828 0.056641
0 0.405273 0.857422 0.048828 0.085938
0 0.610352 0.887695 0.013672 0.076172
0 0.935547 0.913086 0.054688 0.076172
0 0.703125 0.918945 0.035156 0.064453
