0 0.404801 0.441389 0.052889 0.089725
0 0.517578 0.071289 0.027344 0.052734
0 0.246094 0.081055 0.050781 0.060547
0 0.596680 0.140625 0.052734 0.085938
0 0.941406 0.292969 0.050781 0.097656
0 0.499023 0.279297 0.052734 0.054688
0 0.358398 0.365234 0.029297 0.035156
0 0.280273 0.584961 0.044922 0.029297
0 0.385742 0.595703 0.025391 0.046875
0 0.429688 0.660156 0.046875 0.058594
0 0.953125 0.667969 0.031250 0.035156
0 0.290039 0.671875 0.044922 0.023438
0 0.143555 0.704102 0.037109 0.033203
0 0.907227 0.734375 0.056641 0.082031
0 0.652344 0.795898 0.054688 0.087891
0 0.346680 0.888672 0.044922 0.085938
0 0.893555 0.953378 0.033203 0.090350
0 0.672852 0.937500 0.029297 0.050781
0 0.742188 0.985605 0.050781 0.025897
