0 0.533360 0.584660 0.048007 0.083936
0 0.266602 0.044922 0.037109 0.035156
0 0.235352 0.146484 0.021484 0.070312
0 0.556641 0.134766 0.046875 0.035156
0 0.170898 0.192383 0.029297 0.052734
0 0.625000 0.204102 0.050781 0.033203
0 0.392578 0.227539 0.035156 0.052734
0 0.832031 0.294922 0.035156 0.089844
0 0.453125 0.330078 0.035156 0.050781
0 0.673828 0.337891 0.035156 0.058594
0 0.289062 0.347656 0.093750 0.054688
0 0.625000 0.469727 0.050781 0.064453
0 0.358398 0.499023 0.029297 0.103516
0 0.172852 0.588867 0.029297 0.052734
0 0.300781 0.616211 0.031250 0.056641
0 0.234375 0.625977 0.023438 0.052734
0 0.613281 0.629883 0.027344 0.052734
0 0.106445 0.639648 0.033203 0.033203
0 0.359375 0.680664 0.027344 0.076172
0 0.261719 0.753906 0.035156 0.066406
0 0.202148 0.849609 0.029297 0.066406
0 0.125977 0.861328 0.044922 0.023438
0 0.636719 0.901367 0.031250 0.087891
0 0.105469 0.933594 0.031250 0.066406
0 0.422852 0.967050 0.029297 0.063006
