0 0.348657 0.650507 0.028478 0.053546
0 0.186523 0.042969 0.048828 0.085938
0 0.404297 0.048828 0.054688 0.042969
0 0.686523 0.177734 0.044922 0.078125
0 0.400391 0.172852 0.050781 0.029297
0 0.895508 0.175781 0.037109 0.035156
0 0.186523 0.228516 0.052734 0.054688
0 0.908203 0.221680 0.042969 0.044922
0 0.403320 0.232422 0.048828 0.031250
0 0.189453 0.302734 0.054688 0.066406
0 0.454102 0.419922 0.017578 0.078125
0 0.790039 0.436523 0.037109 0.052734
0 0.731445 0.485352 0.029297 0.076172
0 0.390625 0.536133 0.023438 0.048828
0 0.528320 0.564453 0.048828 0.050781
0 0.734375 0.606445 0.027344 0.068359
0 0.920898 0.637695 0.041016 0.083984
0 0.250000 0.640625 0.050781 0.082031
0 0.814453 0.682617 0.046875 0.166016
0 0.702148 0.704102 0.029297 0.080078
0 0.224609 0.796875 0.042969 0.031250
0 0.809570 0.903320 0.056641 0.068359
0 0.746094 0.970956 0.050781 0.055193
0 0.899414 0.981698 0.048828 0.033709
