0 0.593979 0.306802 0.021155 0.034732
0 0.716797 0.019531 0.050781 0.039062
0 0.171875 0.045898 0.035156 0.037109
0 0.433594 0.143555 0.058594 0.087891
0 0.316406 0.163086 0.054688 0.056641
0 0.656250 0.201172 0.058594 0.035156
0 0.231445 0.261719 0.037109 0.089844
0 0.652344 0.277344 0.058594 0.058594
0 0.030273 0.283203 0.060547 0.058594
0 0.307617 0.343750 0.048828 0.050781
0 0.986898 0.349609 0.024577 0.042969
0 0.800781 0.407227 0.074219 0.111328
0 0.106445 0.395508 0.033203 0.064453
0 0.566406 0.442383 0.105469 0.060547
0 0.464844 0.480469 0.050781 0.085938
0 0.612305 0.520508 0.029297 0.048828
0 0.421875 0.563477 0.019531 0.052734
0 0.196289 0.611328 0.037109 0.031250
0 0.127930 0.629883 0.056641 0.056641
0 0.735352 0.629883 0.025391 0.048828
0 0.578125 0.682617 0.031250 0.056641
0 0.795898 0.775391 0.083984 0.105469
0 0.656250 0.750977 0.046875 0.048828
