0 0.524410 0.669320 0.039870 0.082489
0 0.435547 0.041992 0.054688 0.083984
0 0.285156 0.047852 0.046875 0.033203
0 0.808594 0.099609 0.050781 0.062500
0 0.971273 0.219727 0.055827 0.052734
0 0.252930 0.254883 0.044922 0.064453
0 0.342773 0.262695 0.044922 0.080078
0 0.046875 0.308594 0.031250 0.070312
0 0.869141 0.359375 0.046875 0.027344
0 0.314453 0.394531 0.046875 0.035156
0 0.155273 0.425781 0.052734 0.085938
0 0.755859 0.439453 0.050781 0.054688
0 0.828125 0.436523 0.023438 0.044922
0 0.621094 0.483398 0.042969 0.083984
0 0.241211 0.482422 0.037109 0.039062
0 0.904297 0.640625 0.054688 0.089844
0 0.458984 0.825195 0.046875 0.037109
0 0.683594 0.876953 0.042969 0.113281
0 0.875000 0.862305 0.054688 0.080078
0 0.547852 0.932617 0.041016 0.080078
0 0.013672 0.982675 0.027344 0.031756
