0 0.578519 0.666425 0.034174 0.056440
0 0.682617 0.061523 0.056641 0.064453
0 0.437500 0.162109 0.058594 0.054688
0 0.920898 0.162109 0.033203 0.054688
0 0.041016 0.185547 0.039062 0.058594
0 0.237305 0.196289 0.021484 0.064453
0 0.534180 0.219727 0.044922 0.111328
0 0.294922 0.257812 0.023438 0.093750
0 0.890625 0.325195 0.031250 0.033203
0 0.528320 0.328125 0.048828 0.027344
0 0.611328 0.378906 0.035156 0.074219
0 0.797852 0.469727 0.029297 0.052734
0 0.161133 0.498047 0.044922 0.066406
0 0.911133 0.494141 0.044922 0.050781
0 0.038086 0.578125 0.041016 0.027344
0 0.917969 0.594727 0.039062 0.064453
0 0.758789 0.626953 0.072266 0.117188
0 0.346680 0.623047 0.052734 0.070312
0 0.293945 0.696289 0.033203 0.052734
0 0.375977 0.748047 0.048828 0.101562
0 0.326172 0.878906 0.023438 0.070312
0 0.323242 0.949219 0.025391 0.042969
0 0.068359 0.973886 0.046875 0.049334
