0 0.332791 0.534732 0.047193 0.082489
0 0.282227 0.025391 0.044922 0.050781
0 0.470703 0.127930 0.050781 0.107422
0 0.291016 0.152344 0.039062 0.066406
0 0.860352 0.157227 0.044922 0.064453
0 0.627930 0.212891 0.060547 0.058594
0 0.191406 0.298828 0.050781 0.089844
0 0.748047 0.333008 0.046875 0.091797
0 0.577148 0.364258 0.033203 0.087891
0 0.099609 0.363281 0.046875 0.046875
0 0.682617 0.419922 0.048828 0.093750
0 0.358398 0.395508 0.029297 0.041016
0 0.892578 0.546875 0.031250 0.132812
0 0.591797 0.544922 0.054688 0.097656
0 0.483398 0.668945 0.029297 0.037109
0 0.546875 0.685547 0.027344 0.062500
0 0.067383 0.775391 0.044922 0.136719
