0 0.633442 0.581766 0.026851 0.049204
0 0.430664 0.176758 0.056641 0.087891
0 0.580078 0.227539 0.089844 0.150391
0 0.172852 0.184570 0.029297 0.056641
0 0.232422 0.200195 0.039062 0.072266
0 0.157227 0.250977 0.064453 0.060547
0 0.362305 0.339844 0.033203 0.054688
0 0.140625 0.421875 0.039062 0.042969
0 0.321289 0.645508 0.087891 0.076172
0 0.654297 0.685547 0.054688 0.066406
0 0.791992 0.732422 0.068359 0.101562
0 0.608398 0.765625 0.033203 0.035156
0 0.458008 0.851562 0.083984 0.140625
0 0.635742 0.835938 0.052734 0.097656
0 0.534180 0.959237 0.052734 0.078631
