0 0.528478 0.345876 0.048007 0.072359
0 0.126953 0.090820 0.050781 0.052734
0 0.221680 0.098633 0.056641 0.056641
0 0.609375 0.113281 0.031250 0.082031
0 0.322266 0.157227 0.062500 0.052734
0 0.701172 0.155273 0.023438 0.041016
0 0.385742 0.170898 0.041016 0.033203
0 0.488281 0.247070 0.027344 0.048828
0 0.046875 0.280273 0.019531 0.060547
0 0.809570 0.364258 0.056641 0.158203
0 0.323242 0.484375 0.025391 0.082031
0 0.390625 0.528320 0.019531 0.044922
0 0.701172 0.545898 0.035156 0.037109
0 0.012695 0.561523 0.025391 0.048828
0 0.811523 0.603516 0.056641 0.085938
0 0.329102 0.639648 0.017578 0.076172
0 0.094727 0.659180 0.048828 0.107422
0 0.475586 0.704102 0.048828 0.033203
0 0.266602 0.704102 0.083984 0.025391
0 0.263672 0.859375 0.035156 0.035156
0 0.378906 0.902344 0.054688 0.117188
