0 0.423515 0.649059 0.021969 0.039074
0 0.420898 0.018555 0.025391 0.037109
0 0.309570 0.110352 0.056641 0.142578
0 0.855469 0.164062 0.085938 0.105469
0 0.499023 0.160156 0.060547 0.058594
0 0.169922 0.246094 0.019531 0.050781
0 0.892578 0.284180 0.027344 0.048828
0 0.827148 0.304688 0.033203 0.050781
0 0.140625 0.305664 0.027344 0.048828
0 0.529297 0.348633 0.054688 0.060547
0 0.852539 0.372070 0.041016 0.056641
0 0.133789 0.411133 0.048828 0.056641
0 0.698242 0.471680 0.044922 0.060547
0 0.062500 0.466797 0.039062 0.039062
0 0.577148 0.516602 0.033203 0.044922
0 0.342773 0.599609 0.056641 0.058594
0 0.210938 0.657227 0.046875 0.056641
0 0.648438 0.762695 0.046875 0.087891
0 0.357422 0.762695 0.035156 0.041016
0 0.528320 0.887695 0.052734 0.029297
0 0.255859 0.969003 0.054688 0.059100
0 0.626953 0.968026 0.054688 0.061053
0 0.153320 0.984628 0.056641 0.027850
