0 0.344182 0.675109 0.035801 0.065123
0 0.672852 0.071289 0.037109 0.052734
0 0.728516 0.255859 0.093750 0.117188
0 0.408203 0.301758 0.050781 0.044922
0 0.234375 0.325195 0.019531 0.072266
0 0.047852 0.334961 0.029297 0.060547
0 0.640625 0.372070 0.031250 0.064453
0 0.280273 0.457031 0.048828 0.078125
0 0.127930 0.456055 0.041016 0.056641
0 0.797852 0.467773 0.033203 0.056641
0 0.730469 0.544922 0.031250 0.089844
0 0.395508 0.548828 0.037109 0.085938
0 0.945312 0.607422 0.035156 0.035156
0 0.706055 0.657227 0.029297 0.056641
0 0.496094 0.699219 0.046875 0.082031
0 0.418945 0.709961 0.037109 0.037109
0 0.639648 0.786133 0.029297 0.072266
0 0.592773 0.874023 0.052734 0.080078
0 0.449219 0.888672 0.023438 0.070312
0 0.091797 0.941406 0.050781 0.058594
