0 0.447925 0.575977 0.056143 0.098408
0 0.404297 0.152344 0.046875 0.042969
0 0.720703 0.243164 0.054688 0.126953
0 0.285156 0.238281 0.042969 0.039062
0 0.638672 0.265625 0.031250 0.035156
0 0.876953 0.296875 0.050781 0.085938
0 0.795898 0.301758 0.029297 0.037109
0 0.305664 0.316406 0.060547 0.058594
0 0.171875 0.322266 0.031250 0.066406
0 0.670898 0.360352 0.029297 0.033203
0 0.245117 0.419922 0.056641 0.082031
0 0.830078 0.453125 0.031250 0.089844
0 0.485352 0.450195 0.021484 0.072266
0 0.985921 0.499023 0.026530 0.056641
0 0.309570 0.538086 0.048828 0.130859
0 0.670898 0.581055 0.037109 0.044922
0 0.799805 0.668945 0.037109 0.087891
0 0.387695 0.827148 0.037109 0.091797
0 0.123047 0.917969 0.050781 0.085938
0 0.405273 0.968026 0.052734 0.061053
0 0.580078 0.982675 0.035156 0.031756
