0 0.557771 0.578871 0.062653 0.109986
0 0.883789 0.049805 0.044922 0.029297
0 0.576172 0.135742 0.078125 0.083984
0 0.386719 0.225586 0.035156 0.056641
0 0.513672 0.248047 0.031250 0.058594
0 0.314453 0.289062 0.054688 0.050781
0 0.012695 0.314453 0.025391 0.050781
0 0.580078 0.336914 0.023438 0.052734
0 0.407227 0.395508 0.048828 0.080078
0 0.810547 0.420898 0.054688 0.087891
0 0.011719 0.441406 0.023438 0.054688
0 0.955078 0.507812 0.042969 0.050781
0 0.762695 0.534180 0.025391 0.060547
0 0.752930 0.604492 0.048828 0.044922
0 0.566406 0.606445 0.042969 0.037109
0 0.189453 0.762695 0.058594 0.091797
0 0.766602 0.737305 0.029297 0.037109
0 0.407227 0.920898 0.052734 0.087891
0 0.607422 0.924805 0.031250 0.083984
0 0.251953 0.930664 0.050781 0.052734
0 0.012695 0.942383 0.025391 0.056641
0 0.933594 0.948242 0.054688 0.048828
0 0.173828 0.976815 0.027344 0.043475
0 0.077148 0.983651 0.029297 0.029803
