0 0.436534 0.468162 0.034988 0.065123
0 0.317383 0.139648 0.064453 0.083984
0 0.481445 0.169922 0.044922 0.035156
0 0.390625 0.221680 0.027344 0.056641
0 0.114258 0.276367 0.037109 0.087891
0 0.546875 0.337891 0.019531 0.054688
0 0.171875 0.359375 0.035156 0.082031
0 0.044922 0.367188 0.031250 0.074219
0 0.499023 0.375000 0.048828 0.050781
0 0.878906 0.418945 0.058594 0.029297
0 0.691406 0.498047 0.054688 0.050781
0 0.515625 0.558594 0.027344 0.050781
0 0.297852 0.558594 0.021484 0.046875
0 0.045898 0.598633 0.025391 0.048828
0 0.944336 0.643555 0.052734 0.087891
0 0.146484 0.701172 0.039062 0.085938
0 0.827148 0.720703 0.021484 0.050781
0 0.076172 0.734375 0.035156 0.046875
0 0.220703 0.750000 0.054688 0.066406
0 0.250000 0.853516 0.050781 0.042969
0 0.436523 0.943359 0.056641 0.070312
0 0.306641 0.937500 0.054688 0.054688
