0 0.328723 0.709841 0.022783 0.053546
0 0.466797 0.075195 0.058594 0.029297
0 0.374023 0.155273 0.056641 0.052734
0 0.170898 0.287109 0.033203 0.046875
0 0.936523 0.386719 0.060547 0.148438
0 0.078125 0.382812 0.031250 0.058594
0 0.546875 0.453125 0.023438 0.078125
0 0.798828 0.450195 0.035156 0.037109
0 0.734375 0.497070 0.019531 0.048828
0 0.151367 0.529297 0.052734 0.046875
0 0.974203 0.545898 0.049968 0.017578
0 0.442383 0.579102 0.060547 0.080078
0 0.072266 0.639648 0.039062 0.033203
0 0.913086 0.672852 0.041016 0.025391
0 0.692383 0.690430 0.048828 0.052734
0 0.807617 0.717773 0.048828 0.064453
0 0.126953 0.779297 0.058594 0.074219
0 0.260742 0.780273 0.044922 0.076172
0 0.625977 0.815430 0.052734 0.111328
0 0.422852 0.869141 0.037109 0.066406
0 0.388672 0.968026 0.031250 0.061053
0 0.795898 0.968026 0.025391 0.061053
