0 0.600081 0.796671 0.051261 0.091172
0 0.931641 0.076172 0.046875 0.031250
0 0.015625 0.222656 0.031250 0.050781
0 0.253906 0.221680 0.050781 0.044922
0 0.297852 0.285156 0.029297 0.066406
0 0.874023 0.374023 0.052734 0.095703
0 0.281250 0.366211 0.058594 0.056641
0 0.627930 0.417969 0.048828 0.035156
0 0.752930 0.581055 0.048828 0.068359
0 0.582031 0.601562 0.039062 0.082031
0 0.362305 0.646484 0.033203 0.085938
0 0.685547 0.659180 0.050781 0.115234
0 0.314453 0.780273 0.046875 0.111328
0 0.922852 0.789062 0.021484 0.082031
0 0.066406 0.897461 0.046875 0.064453
0 0.485352 0.926758 0.033203 0.041016
0 0.547852 0.941406 0.029297 0.070312
