0 0.406835 0.691027 0.043938 0.082489
0 0.228516 0.060547 0.042969 0.058594
0 0.907227 0.111328 0.060547 0.074219
0 0.067383 0.108398 0.060547 0.033203
0 0.938477 0.160156 0.060547 0.050781
0 0.326172 0.238281 0.031250 0.042969
0 0.186523 0.233398 0.060547 0.029297
0 0.436523 0.283203 0.044922 0.109375
0 0.844727 0.318359 0.064453 0.113281
0 0.014648 0.387695 0.029297 0.033203
0 0.745117 0.457031 0.052734 0.121094
0 0.401367 0.470703 0.056641 0.113281
0 0.012695 0.456055 0.025391 0.041016
0 0.360352 0.484375 0.013672 0.070312
0 0.127930 0.484375 0.041016 0.035156
0 0.169922 0.566406 0.078125 0.050781
0 0.271484 0.594727 0.031250 0.048828
0 0.985921 0.621094 0.026530 0.046875
0 0.814453 0.861328 0.054688 0.039062
0 0.904297 0.891602 0.058594 0.087891
0 0.313477 0.890625 0.048828 0.074219
0 0.124023 0.943359 0.056641 0.058594
