0 0.579740 0.649783 0.020342 0.043415
0 0.737305 0.058594 0.029297 0.050781
0 0.343750 0.101562 0.062500 0.109375
0 0.422852 0.116211 0.037109 0.041016
0 0.922852 0.209961 0.076172 0.080078
0 0.030273 0.278320 0.060547 0.072266
0 0.811523 0.279297 0.056641 0.050781
0 0.398438 0.425781 0.046875 0.042969
0 0.891602 0.451172 0.033203 0.035156
0 0.235352 0.625977 0.029297 0.052734
0 0.200195 0.675781 0.029297 0.035156
0 0.832031 0.726562 0.089844 0.113281
0 0.956055 0.730469 0.029297 0.078125
0 0.462891 0.745117 0.046875 0.052734
0 0.624023 0.809570 0.056641 0.056641
0 0.516602 0.840820 0.025391 0.044922
0 0.042969 0.851562 0.039062 0.050781
0 0.608398 0.897461 0.029297 0.037109
0 0.438477 0.935547 0.064453 0.058594
0 0.916016 0.937500 0.042969 0.062500
