0 0.406835 0.336469 0.027665 0.044863
0 0.789062 0.045898 0.046875 0.029297
0 0.593750 0.077148 0.054688 0.029297
0 0.700195 0.093750 0.033203 0.054688
0 0.516602 0.155273 0.037109 0.064453
0 0.780273 0.172852 0.060547 0.041016
0 0.486328 0.326172 0.031250 0.097656
0 0.891602 0.317383 0.025391 0.044922
0 0.656250 0.366211 0.062500 0.056641
0 0.452148 0.467773 0.021484 0.048828
0 0.514648 0.487305 0.021484 0.087891
0 0.406250 0.541992 0.054688 0.080078
0 0.640625 0.654297 0.035156 0.062500
0 0.736328 0.658203 0.035156 0.058594
0 0.838867 0.750977 0.048828 0.115234
0 0.344727 0.756836 0.056641 0.111328
0 0.660156 0.850586 0.074219 0.103516
0 0.281250 0.887695 0.054688 0.064453
0 0.257812 0.945312 0.054688 0.039062
0 0.780273 0.962167 0.060547 0.072772
