0 0.479251 0.482634 0.052075 0.091172
0 0.359375 0.014648 0.031250 0.029297
0 0.577148 0.073242 0.025391 0.083984
0 0.730469 0.121094 0.039062 0.062500
0 0.842773 0.143555 0.060547 0.103516
0 0.615234 0.138672 0.046875 0.039062
0 0.062500 0.167969 0.062500 0.078125
0 0.503906 0.187500 0.046875 0.054688
0 0.983968 0.265625 0.030436 0.031250
0 0.639648 0.307617 0.037109 0.080078
0 0.178711 0.351562 0.037109 0.109375
0 0.901367 0.356445 0.060547 0.095703
0 0.287109 0.519531 0.054688 0.082031
0 0.654297 0.567383 0.054688 0.115234
0 0.515625 0.607422 0.019531 0.062500
0 0.218750 0.863281 0.062500 0.105469
0 0.071289 0.878906 0.052734 0.066406
0 0.903320 0.873047 0.048828 0.050781
