0 0.445891 0.667149 0.021155 0.040521
0 0.958008 0.105469 0.037109 0.031250
0 0.674805 0.145508 0.033203 0.041016
0 0.315430 0.171875 0.048828 0.027344
0 0.392578 0.184570 0.023438 0.048828
0 0.951172 0.215820 0.027344 0.048828
0 0.189453 0.224609 0.046875 0.046875
0 0.420898 0.226562 0.033203 0.039062
0 0.329102 0.278320 0.080078 0.052734
0 0.545898 0.295898 0.029297 0.080078
0 0.155273 0.372070 0.048828 0.044922
0 0.265625 0.393555 0.031250 0.041016
0 0.515625 0.445312 0.027344 0.039062
0 0.311523 0.450195 0.056641 0.037109
0 0.923828 0.488281 0.023438 0.089844
0 0.391602 0.475586 0.029297 0.044922
0 0.077148 0.534180 0.025391 0.044922
0 0.256836 0.557617 0.052734 0.080078
0 0.654297 0.600586 0.046875 0.056641
0 0.815430 0.610352 0.048828 0.076172
0 0.718750 0.721680 0.046875 0.115234
0 0.578125 0.736328 0.031250 0.035156
0 0.831055 0.803711 0.021484 0.052734
0 0.167969 0.812500 0.027344 0.046875
0 0.390625 0.904297 0.035156 0.062500
0 0.942383 0.912109 0.044922 0.042969
0 0.233398 0.968026 0.029297 0.061053
0 0.449219 0.969980 0.027344 0.057147
