0 0.432465 0.095514 0.051261 0.081042
0 0.714844 0.063477 0.062500 0.060547
0 0.942383 0.078125 0.048828 0.023438
0 0.361328 0.111328 0.035156 0.078125
0 0.846680 0.121094 0.060547 0.058594
0 0.201172 0.139648 0.035156 0.033203
0 0.781250 0.188477 0.062500 0.064453
0 0.234375 0.199219 0.031250 0.042969
0 0.433594 0.235352 0.046875 0.033203
0 0.313477 0.374023 0.064453 0.060547
0 0.912109 0.377930 0.054688 0.068359
0 0.985921 0.386719 0.026530 0.035156
0 0.547852 0.417969 0.017578 0.078125
0 0.796875 0.431641 0.039062 0.058594
0 0.232422 0.675781 0.082031 0.156250
0 0.864258 0.688477 0.064453 0.060547
0 0.795898 0.763672 0.013672 0.078125
0 0.077148 0.827148 0.037109 0.037109
0 0.841797 0.963144 0.058594 0.070818
